0.0008 0.0031 0.0038 0.0032 0.0019 0.0020 0.0024 0.0038 0.0031 0.0052 0.0017 0.0040 0.0026 0.0025 0.0021 0.0031 0.0035 0.0016 0.0024 0.0018 0.0022 0.0016 0.0028 0.0017 0.0029 0.0018 0.0029 0.0038 0.0024 0.0041 0.0021 0.0014 0.0019 0.0017 0.0016 0.0022 0.0016 0.0012 0.0029 0.0028 0.0018 0.0034 0.0020 0.0019 0.0023 0.0027 0.0021 0.0013 0.0019 0.0024 0.0025 0.0026 0.0009 0.0035 0.0032 0.0010 0.0019 0.0033 0.0018 0.0013 0.0022 0.0006 0.0001 0.0005 
0.0008 0.0020 0.0011 0.0018 0.0023 0.0021 0.0034 0.0038 0.0029 0.0066 0.0030 0.0030 0.0034 0.0026 0.0029 0.0015 0.0030 0.0027 0.0030 0.0020 0.0034 0.0033 0.0024 0.0027 0.0015 0.0016 0.0012 0.0033 0.0033 0.0020 0.0012 0.0032 0.0008 0.0010 0.0019 0.0017 0.0021 0.0018 0.0046 0.0026 0.0030 0.0013 0.0011 0.0023 0.0018 0.0023 0.0023 0.0025 0.0024 0.0017 0.0015 0.0004 0.0018 0.0017 0.0012 0.0034 0.0016 0.0008 0.0022 0.0017 0.0012 0.0009 0.0004 0.0006 
0.0021 0.0021 0.0046 0.0029 0.0031 0.0045 0.0024 0.0035 0.0033 0.0042 0.0025 0.0033 0.0025 0.0038 0.0020 0.0011 0.0037 0.0023 0.0006 0.0008 0.0022 0.0015 0.0019 0.0022 0.0021 0.0039 0.0024 0.0020 0.0016 0.0023 0.0014 0.0024 0.0027 0.0010 0.0014 0.0018 0.0010 0.0018 0.0025 0.0022 0.0014 0.0024 0.0013 0.0020 0.0022 0.0014 0.0023 0.0039 0.0030 0.0012 0.0030 0.0018 0.0023 0.0022 0.0018 0.0022 0.0011 0.0012 0.0017 0.0027 0.0020 0.0009 0.0006 0.0004 
0.0008 0.0014 0.0026 0.0019 0.0027 0.0019 0.0028 0.0047 0.0010 0.0061 0.0035 0.0031 0.0055 0.0028 0.0035 0.0014 0.0021 0.0031 0.0039 0.0021 0.0023 0.0008 0.0029 0.0008 0.0022 0.0022 0.0031 0.0028 0.0015 0.0018 0.0012 0.0024 0.0023 0.0018 0.0027 0.0021 0.0018 0.0011 0.0025 0.0029 0.0020 0.0042 0.0022 0.0022 0.0019 0.0017 0.0020 0.0023 0.0027 0.0013 0.0016 0.0030 0.0014 0.0023 0.0020 0.0029 0.0021 0.0015 0.0019 0.0018 0.0029 0.0005 0.0003 0.0003 
0.0004 0.0028 0.0017 0.0033 0.0027 0.0045 0.0013 0.0053 0.0017 0.0070 0.0024 0.0051 0.0039 0.0020 0.0030 0.0021 0.0037 0.0019 0.0047 0.0017 0.0018 0.0007 0.0011 0.0025 0.0024 0.0021 0.0015 0.0019 0.0011 0.0030 0.0014 0.0015 0.0006 0.0022 0.0013 0.0021 0.0018 0.0019 0.0018 0.0028 0.0021 0.0024 0.0045 0.0009 0.0014 0.0024 0.0022 0.0011 0.0020 0.0027 0.0014 0.0018 0.0022 0.0022 0.0029 0.0012 0.0011 0.0013 0.0022 0.0007 0.0010 0.0006 0.0002 0.0007 
0.0028 0.0029 0.0032 0.0037 0.0018 0.0028 0.0017 0.0041 0.0024 0.0025 0.0043 0.0031 0.0051 0.0024 0.0037 0.0024 0.0035 0.0049 0.0026 0.0021 0.0043 0.0020 0.0014 0.0018 0.0017 0.0010 0.0035 0.0027 0.0022 0.0010 0.0022 0.0047 0.0017 0.0016 0.0015 0.0010 0.0023 0.0019 0.0026 0.0031 0.0012 0.0010 0.0027 0.0015 0.0031 0.0019 0.0016 0.0030 0.0029 0.0029 0.0020 0.0020 0.0026 0.0021 0.0024 0.0018 0.0010 0.0019 0.0024 0.0006 0.0015 0.0009 0.0002 0.0002 
0.0024 0.0042 0.0030 0.0022 0.0008 0.0037 0.0019 0.0029 0.0035 0.0061 0.0034 0.0040 0.0028 0.0040 0.0032 0.0030 0.0028 0.0034 0.0031 0.0007 0.0025 0.0019 0.0017 0.0024 0.0018 0.0031 0.0016 0.0010 0.0022 0.0030 0.0013 0.0034 0.0014 0.0010 0.0025 0.0036 0.0026 0.0023 0.0029 0.0030 0.0023 0.0020 0.0021 0.0013 0.0036 0.0017 0.0038 0.0044 0.0023 0.0031 0.0010 0.0014 0.0018 0.0031 0.0012 0.0019 0.0020 0.0018 0.0006 0.0010 0.0016 0.0014 0.0005 0.0008 
0.0007 0.0020 0.0028 0.0033 0.0017 0.0028 0.0021 0.0027 0.0019 0.0033 0.0030 0.0035 0.0043 0.0040 0.0017 0.0023 0.0043 0.0026 0.0022 0.0030 0.0022 0.0016 0.0017 0.0026 0.0021 0.0021 0.0024 0.0031 0.0019 0.0017 0.0017 0.0024 0.0013 0.0011 0.0011 0.0020 0.0016 0.0025 0.0018 0.0020 0.0031 0.0019 0.0008 0.0027 0.0026 0.0028 0.0039 0.0011 0.0034 0.0026 0.0026 0.0022 0.0020 0.0016 0.0011 0.0015 0.0012 0.0021 0.0017 0.0007 0.0025 0.0013 0.0002 0.0005 
0.0010 0.0024 0.0041 0.0025 0.0021 0.0022 0.0043 0.0041 0.0054 0.0054 0.0032 0.0029 0.0041 0.0024 0.0027 0.0016 0.0040 0.0028 0.0020 0.0015 0.0025 0.0038 0.0009 0.0011 0.0039 0.0022 0.0020 0.0022 0.0016 0.0019 0.0012 0.0016 0.0020 0.0027 0.0024 0.0025 0.0013 0.0020 0.0036 0.0024 0.0029 0.0030 0.0016 0.0029 0.0019 0.0015 0.0023 0.0020 0.0013 0.0031 0.0011 0.0025 0.0021 0.0012 0.0027 0.0025 0.0015 0.0015 0.0018 0.0018 0.0014 0.0014 0.0004 0.0004 
0.0013 0.0035 0.0032 0.0033 0.0012 0.0040 0.0028 0.0065 0.0029 0.0085 0.0025 0.0031 0.0031 0.0037 0.0034 0.0032 0.0027 0.0017 0.0030 0.0015 0.0015 0.0021 0.0011 0.0011 0.0007 0.0023 0.0019 0.0022 0.0026 0.0033 0.0010 0.0031 0.0021 0.0022 0.0022 0.0014 0.0005 0.0007 0.0023 0.0022 0.0033 0.0028 0.0015 0.0045 0.0033 0.0012 0.0022 0.0016 0.0017 0.0021 0.0011 0.0015 0.0022 0.0013 0.0032 0.0020 0.0023 0.0021 0.0010 0.0017 0.0009 0.0004 0.0002 0.0006 
0.0012 0.0018 0.0024 0.0029 0.0026 0.0032 0.0024 0.0041 0.0023 0.0037 0.0022 0.0029 0.0033 0.0017 0.0023 0.0029 0.0022 0.0043 0.0023 0.0018 0.0033 0.0021 0.0023 0.0019 0.0014 0.0015 0.0028 0.0017 0.0016 0.0014 0.0012 0.0017 0.0023 0.0015 0.0027 0.0018 0.0018 0.0008 0.0031 0.0024 0.0019 0.0017 0.0015 0.0019 0.0013 0.0023 0.0020 0.0037 0.0034 0.0016 0.0009 0.0018 0.0006 0.0020 0.0014 0.0029 0.0023 0.0020 0.0029 0.0019 0.0007 0.0015 0.0007 0.0006 
0.0009 0.0026 0.0026 0.0046 0.0016 0.0031 0.0022 0.0029 0.0036 0.0068 0.0027 0.0039 0.0039 0.0025 0.0014 0.0022 0.0019 0.0026 0.0032 0.0020 0.0023 0.0017 0.0013 0.0007 0.0020 0.0022 0.0028 0.0010 0.0013 0.0022 0.0022 0.0033 0.0016 0.0025 0.0017 0.0016 0.0020 0.0015 0.0031 0.0022 0.0013 0.0021 0.0025 0.0023 0.0013 0.0020 0.0027 0.0029 0.0025 0.0016 0.0020 0.0010 0.0013 0.0035 0.0019 0.0011 0.0010 0.0007 0.0015 0.0018 0.0015 0.0006 0.0002 0.0002 
0.0008 0.0022 0.0018 0.0027 0.0012 0.0023 0.0028 0.0049 0.0016 0.0019 0.0021 0.0013 0.0025 0.0032 0.0006 0.0022 0.0018 0.0009 0.0011 0.0016 0.0019 0.0024 0.0018 0.0008 0.0011 0.0024 0.0014 0.0014 0.0012 0.0025 0.0016 0.0026 0.0025 0.0015 0.0016 0.0016 0.0011 0.0024 0.0014 0.0020 0.0029 0.0018 0.0021 0.0022 0.0023 0.0024 0.0014 0.0023 0.0024 0.0012 0.0020 0.0009 0.0013 0.0009 0.0021 0.0026 0.0018 0.0025 0.0008 0.0020 0.0013 0.0005 0.0004 0.0004 
0.0017 0.0013 0.0037 0.0032 0.0016 0.0033 0.0024 0.0042 0.0019 0.0070 0.0036 0.0037 0.0020 0.0013 0.0018 0.0023 0.0016 0.0011 0.0026 0.0025 0.0016 0.0018 0.0009 0.0029 0.0018 0.0018 0.0012 0.0026 0.0017 0.0007 0.0016 0.0009 0.0012 0.0019 0.0036 0.0024 0.0018 0.0016 0.0029 0.0022 0.0026 0.0009 0.0018 0.0014 0.0024 0.0014 0.0019 0.0032 0.0030 0.0025 0.0015 0.0017 0.0020 0.0033 0.0015 0.0025 0.0021 0.0023 0.0016 0.0016 0.0023 0.0013 0.0002 0.0005 
0.0006 0.0010 0.0042 0.0034 0.0017 0.0045 0.0026 0.0036 0.0028 0.0056 0.0018 0.0033 0.0012 0.0022 0.0039 0.0019 0.0053 0.0028 0.0031 0.0027 0.0022 0.0017 0.0008 0.0020 0.0021 0.0022 0.0035 0.0031 0.0029 0.0029 0.0028 0.0037 0.0023 0.0030 0.0044 0.0017 0.0017 0.0029 0.0028 0.0040 0.0023 0.0027 0.0016 0.0025 0.0024 0.0028 0.0025 0.0035 0.0047 0.0020 0.0025 0.0022 0.0022 0.0020 0.0012 0.0025 0.0007 0.0005 0.0019 0.0026 0.0023 0.0008 0.0003 0.0004 
0.0014 0.0020 0.0045 0.0021 0.0034 0.0034 0.0119 0.0206 0.0374 0.0629 0.1009 0.1085 0.0871 0.0650 0.0472 0.0330 0.0222 0.0229 0.0237 0.0206 0.0211 0.0176 0.0199 0.0191 0.0178 0.0176 0.0188 0.0125 0.0171 0.0164 0.0156 0.0182 0.0159 0.0139 0.0085 0.0061 0.0081 0.0054 0.0074 0.0068 0.0112 0.0049 0.0016 0.0048 0.0063 0.0052 0.0074 0.0121 0.0127 0.0092 0.0078 0.0073 0.0099 0.0102 0.0055 0.0051 0.0062 0.0081 0.0088 0.0060 0.0030 0.0016 0.0008 0.0002 
0.0022 0.0024 0.0035 0.0019 0.0031 0.0022 0.0033 0.0006 0.0033 0.0067 0.0042 0.0107 0.0067 0.0031 0.0049 0.0047 0.0015 0.0018 0.0027 0.0035 0.0027 0.0041 0.0018 0.0020 0.0019 0.0028 0.0017 0.0014 0.0013 0.0013 0.0025 0.0015 0.0012 0.0008 0.0020 0.0031 0.0018 0.0014 0.0044 0.0025 0.0022 0.0026 0.0024 0.0030 0.0034 0.0042 0.0024 0.0021 0.0013 0.0020 0.0028 0.0022 0.0016 0.0014 0.0012 0.0027 0.0020 0.0016 0.0018 0.0019 0.0027 0.0007 0.0008 0.0002 
0.0016 0.0012 0.0019 0.0030 0.0033 0.0044 0.0014 0.0055 0.0050 0.0054 0.0030 0.0094 0.0033 0.0022 0.0030 0.0029 0.0044 0.0035 0.0032 0.0011 0.0033 0.0022 0.0020 0.0026 0.0016 0.0025 0.0027 0.0028 0.0021 0.0022 0.0011 0.0034 0.0020 0.0027 0.0019 0.0027 0.0014 0.0027 0.0028 0.0022 0.0012 0.0016 0.0021 0.0022 0.0028 0.0017 0.0014 0.0020 0.0017 0.0032 0.0016 0.0014 0.0020 0.0010 0.0028 0.0011 0.0022 0.0026 0.0012 0.0025 0.0017 0.0011 0.0008 0.0004 
0.0013 0.0018 0.0026 0.0027 0.0031 0.0026 0.0019 0.0055 0.0048 0.0077 0.0029 0.0016 0.0012 0.0019 0.0018 0.0005 0.0031 0.0030 0.0043 0.0045 0.0035 0.0033 0.0024 0.0025 0.0019 0.0017 0.0026 0.0013 0.0016 0.0013 0.0023 0.0026 0.0020 0.0012 0.0035 0.0013 0.0024 0.0012 0.0021 0.0041 0.0022 0.0007 0.0018 0.0020 0.0017 0.0024 0.0029 0.0014 0.0011 0.0023 0.0025 0.0030 0.0017 0.0020 0.0013 0.0010 0.0012 0.0011 0.0024 0.0032 0.0022 0.0005 0.0005 0.0003 
0.0011 0.0016 0.0021 0.0033 0.0058 0.0054 0.0044 0.0051 0.0014 0.0055 0.0021 0.0028 0.0024 0.0037 0.0015 0.0024 0.0026 0.0018 0.0054 0.0050 0.0018 0.0015 0.0019 0.0024 0.0013 0.0014 0.0016 0.0019 0.0025 0.0012 0.0019 0.0015 0.0022 0.0013 0.0033 0.0018 0.0016 0.0033 0.0010 0.0025 0.0034 0.0015 0.0030 0.0022 0.0026 0.0013 0.0020 0.0010 0.0019 0.0032 0.0035 0.0009 0.0015 0.0016 0.0021 0.0025 0.0026 0.0028 0.0015 0.0014 0.0022 0.0006 0.0004 0.0004 
0.0013 0.0109 0.0043 0.0043 0.0043 0.0046 0.0032 0.0037 0.0014 0.0055 0.0032 0.0056 0.0023 0.0013 0.0057 0.0029 0.0050 0.0022 0.0044 0.0039 0.0016 0.0020 0.0030 0.0015 0.0025 0.0037 0.0022 0.0043 0.0016 0.0027 0.0018 0.0029 0.0028 0.0020 0.0013 0.0012 0.0011 0.0020 0.0022 0.0024 0.0014 0.0056 0.0043 0.0061 0.0049 0.0032 0.0023 0.0020 0.0050 0.0029 0.0019 0.0012 0.0020 0.0029 0.0021 0.0024 0.0023 0.0022 0.0027 0.0019 0.0015 0.0007 0.0003 0.0007 
0.0132 0.1346 0.0699 0.0428 0.0112 0.0090 0.0057 0.0060 0.0059 0.0078 0.0162 0.0081 0.0074 0.0051 0.0059 0.0017 0.0039 0.0046 0.0077 0.0109 0.0044 0.0019 0.0015 0.0018 0.0016 0.0029 0.0026 0.0030 0.0013 0.0057 0.0021 0.0016 0.0010 0.0024 0.0013 0.0026 0.0035 0.0017 0.0036 0.0032 0.0050 0.0028 0.0034 0.0035 0.0038 0.0052 0.0046 0.0027 0.0054 0.0023 0.0008 0.0025 0.0035 0.0035 0.0013 0.0016 0.0020 0.0018 0.0029 0.0011 0.0012 0.0011 0.0007 0.0005 
0.0221 0.0894 0.0642 0.0284 0.0207 0.0446 0.0759 0.0888 0.0952 0.0822 0.0860 0.0980 0.1797 0.2321 0.2302 0.1724 0.0974 0.0848 0.1246 0.1305 0.1040 0.1162 0.1447 0.1411 0.1033 0.0461 0.0083 0.0220 0.0164 0.0091 0.0257 0.0315 0.0242 0.0257 0.0299 0.0273 0.0178 0.0106 0.0100 0.0052 0.0041 0.0045 0.0079 0.0079 0.0042 0.0029 0.0073 0.0036 0.0021 0.0049 0.0072 0.0086 0.0064 0.0043 0.0072 0.0100 0.0124 0.0144 0.0157 0.0135 0.0142 0.0069 0.0016 0.0007 
0.0400 0.0880 0.1927 0.1887 0.1045 0.0583 0.0354 0.0932 0.0857 0.1377 0.2088 0.4227 0.2987 0.2073 0.0971 0.0806 0.0833 0.0532 0.1491 0.0477 0.1623 0.0834 0.0773 0.0616 0.0243 0.0395 0.0708 0.0689 0.0463 0.0362 0.0154 0.0417 0.0284 0.0303 0.0438 0.0244 0.0164 0.0224 0.0233 0.0305 0.0184 0.0226 0.0146 0.0142 0.0151 0.0148 0.0196 0.0229 0.0174 0.0135 0.0147 0.0155 0.0195 0.0212 0.0186 0.0204 0.0163 0.0114 0.0081 0.0119 0.0088 0.0059 0.0025 0.0022 
0.0037 0.0679 0.1211 0.1211 0.0603 0.0369 0.0570 0.0853 0.0329 0.1230 0.2275 0.3055 0.1817 0.1018 0.0926 0.0350 0.0365 0.0531 0.0440 0.0087 0.0190 0.0204 0.0245 0.0241 0.0113 0.0192 0.0202 0.0197 0.0153 0.0121 0.0139 0.0198 0.0285 0.0183 0.0146 0.0169 0.0166 0.0165 0.0139 0.0186 0.0122 0.0062 0.0063 0.0077 0.0096 0.0042 0.0148 0.0158 0.0124 0.0084 0.0045 0.0055 0.0060 0.0050 0.0094 0.0023 0.0059 0.0050 0.0033 0.0047 0.0076 0.0038 0.0004 0.0008 
0.0012 0.0735 0.1329 0.0892 0.0473 0.0405 0.0546 0.0948 0.0819 0.0912 0.1693 0.0960 0.1925 0.1118 0.0514 0.0695 0.0646 0.0430 0.0252 0.0172 0.0356 0.0217 0.0248 0.0153 0.0145 0.0080 0.0157 0.0192 0.0146 0.0078 0.0152 0.0085 0.0063 0.0088 0.0123 0.0142 0.0095 0.0071 0.0087 0.0076 0.0050 0.0069 0.0067 0.0089 0.0083 0.0104 0.0108 0.0078 0.0100 0.0095 0.0058 0.0046 0.0050 0.0066 0.0071 0.0053 0.0044 0.0026 0.0047 0.0059 0.0056 0.0040 0.0007 0.0010 
0.0219 0.0938 0.1862 0.1327 0.0778 0.0925 0.0651 0.0870 0.1316 0.1425 0.3259 0.3317 0.2609 0.2346 0.1151 0.0744 0.1097 0.1053 0.1049 0.0677 0.0639 0.0573 0.0708 0.0639 0.0602 0.0531 0.0327 0.0351 0.0375 0.0314 0.0278 0.0208 0.0244 0.0261 0.0228 0.0260 0.0228 0.0177 0.0247 0.0131 0.0111 0.0137 0.0041 0.0067 0.0217 0.0094 0.0164 0.0156 0.0145 0.0143 0.0168 0.0110 0.0088 0.0064 0.0054 0.0059 0.0038 0.0025 0.0046 0.0035 0.0039 0.0027 0.0020 0.0018 
0.0873 0.0952 0.2402 0.2662 0.4032 0.2765 0.1168 0.1145 0.1152 0.2939 0.8740 0.5605 0.3751 0.1529 0.2344 0.1874 0.1048 0.1419 0.2528 0.3550 0.2650 0.2380 0.1966 0.1539 0.0578 0.1782 0.2062 0.1569 0.1562 0.1378 0.0785 0.0513 0.1468 0.1177 0.1831 0.2157 0.2019 0.1447 0.0962 0.0795 0.1048 0.1323 0.1435 0.1028 0.1082 0.0665 0.0425 0.0625 0.0874 0.0764 0.0435 0.0729 0.0520 0.0589 0.0578 0.0460 0.0378 0.0440 0.0555 0.0578 0.0440 0.0168 0.0064 0.0045 
0.1282 0.1633 0.2107 0.3037 0.1176 0.5725 0.3096 0.1001 0.2273 0.5372 0.6508 1.2504 0.3667 0.3147 0.2590 0.1775 0.2735 0.2843 0.3020 0.3938 0.7202 0.4956 0.4264 0.4572 0.3882 0.3067 0.4417 0.2168 0.2638 0.0886 0.1185 0.1383 0.2935 0.1677 0.0767 0.1290 0.1128 0.4005 0.2015 0.1968 0.1583 0.0549 0.1300 0.1236 0.2293 0.1358 0.0811 0.1464 0.0786 0.1430 0.0966 0.0829 0.0651 0.0377 0.0844 0.1022 0.0361 0.0820 0.1058 0.0680 0.0816 0.0529 0.0199 0.0144 
0.0164 0.1206 0.1870 0.1621 0.2217 0.3205 0.4598 0.2529 0.2647 0.5530 0.5991 1.5797 0.2747 0.3013 0.4026 0.3834 0.2281 0.3211 0.2773 0.4540 0.2950 0.3623 0.3895 0.2202 0.0951 0.3690 0.3889 0.3676 0.3861 0.1707 0.2466 0.0881 0.1047 0.1577 0.1000 0.1284 0.1199 0.2773 0.2215 0.2951 0.1991 0.1427 0.1099 0.1190 0.0955 0.0743 0.0581 0.0643 0.1348 0.0729 0.1196 0.0540 0.1076 0.1066 0.1067 0.0863 0.0754 0.0242 0.0770 0.0452 0.0552 0.0306 0.0231 0.0207 
0.0394 0.1245 0.1555 0.2297 0.0669 0.3372 0.6809 0.1836 0.2865 0.3368 0.3983 1.2839 0.1434 0.3556 0.3262 0.1174 0.1961 0.3870 0.2689 0.1434 0.0802 0.2078 0.3633 0.2726 0.2213 0.3824 0.3623 0.4425 0.5553 0.2921 0.4002 0.2553 0.1410 0.1382 0.0940 0.1024 0.0835 0.1380 0.1550 0.2541 0.2597 0.0998 0.1456 0.0363 0.1187 0.1656 0.1200 0.1721 0.1553 0.0994 0.0945 0.0887 0.1102 0.0862 0.0794 0.0394 0.0444 0.0369 0.0848 0.0826 0.0214 0.0483 0.0313 0.0222 
0.0222 0.1281 0.1301 0.1331 0.1768 0.2839 0.6463 0.1843 0.1476 0.3662 0.3377 1.4717 0.4959 0.2994 0.2409 0.0987 0.1094 0.4618 0.3559 0.1398 0.2513 0.2383 0.2678 0.3689 0.3406 0.2537 0.3409 0.1687 0.4751 0.2830 0.1780 0.1536 0.1493 0.0407 0.1244 0.1732 0.1222 0.1889 0.2632 0.2106 0.3345 0.1317 0.1461 0.1135 0.1495 0.2333 0.1200 0.1663 0.1692 0.1185 0.0726 0.0793 0.0466 0.1094 0.1502 0.0943 0.0659 0.0418 0.0835 0.0676 0.0369 0.0309 0.0082 0.0038 
0.0954 0.1209 0.1220 0.1196 0.1835 0.2923 0.5220 0.2816 0.1229 0.3567 0.6667 0.8503 0.6761 0.2705 0.1376 0.0801 0.0742 0.2179 0.2773 0.1692 0.1524 0.1867 0.2877 0.2727 0.2989 0.2332 0.2437 0.2167 0.2442 0.2085 0.2110 0.2151 0.1291 0.1206 0.1468 0.0620 0.0505 0.0932 0.1422 0.1474 0.0900 0.0906 0.0920 0.1174 0.2041 0.1884 0.1229 0.0961 0.1235 0.0972 0.0638 0.0658 0.0562 0.0345 0.0471 0.0393 0.0528 0.0670 0.0781 0.0550 0.0721 0.0345 0.0222 0.0210 
0.0515 0.1051 0.1103 0.1123 0.2075 0.2793 0.5729 0.2945 0.2683 0.5847 0.7649 0.3233 0.9480 0.3552 0.1380 0.0842 0.1191 0.1198 0.4109 0.2917 0.1042 0.2731 0.3610 0.2147 0.1873 0.2809 0.3084 0.4234 0.4423 0.1402 0.0952 0.1941 0.2029 0.1351 0.1713 0.1500 0.1153 0.2187 0.2639 0.2045 0.2571 0.1714 0.0697 0.1638 0.2097 0.1522 0.1393 0.2373 0.1559 0.0506 0.1268 0.0603 0.0772 0.1100 0.0527 0.0915 0.1003 0.0533 0.1181 0.1547 0.0432 0.0633 0.0299 0.0262 
0.0146 0.0922 0.1073 0.0924 0.2975 0.4410 0.3262 0.3100 0.2568 0.3901 0.4885 0.6233 0.8943 0.2956 0.1634 0.1592 0.1709 0.2532 0.3025 0.1698 0.0879 0.1764 0.3174 0.2414 0.2149 0.1536 0.1857 0.2207 0.3260 0.2495 0.0812 0.0605 0.1185 0.0634 0.0382 0.1185 0.1655 0.1596 0.1647 0.2073 0.1708 0.1995 0.1444 0.0888 0.1536 0.1377 0.1414 0.0760 0.0953 0.1118 0.0918 0.0424 0.0752 0.0907 0.0713 0.0970 0.0449 0.0325 0.0512 0.0441 0.0682 0.0482 0.0271 0.0214 
0.0848 0.1269 0.1945 0.2898 0.4541 0.2698 0.3156 0.2978 0.1851 0.3736 0.3118 0.5954 0.8232 0.1554 0.1664 0.2158 0.1631 0.3684 0.0849 0.2445 0.1382 0.2186 0.3263 0.3158 0.2427 0.0896 0.2136 0.2930 0.2573 0.1779 0.1273 0.0828 0.0883 0.1426 0.1073 0.1427 0.1732 0.1923 0.1441 0.1856 0.1759 0.1256 0.0790 0.1188 0.1335 0.0763 0.1048 0.1026 0.0667 0.0828 0.0699 0.0481 0.0461 0.0671 0.0939 0.1225 0.0535 0.0416 0.0239 0.0285 0.0551 0.0332 0.0117 0.0094 
0.0786 0.1129 0.1662 0.1590 0.4362 0.2039 0.4425 0.2570 0.2510 0.4802 0.5031 0.6797 0.8797 0.4527 0.1700 0.1976 0.2461 0.3013 0.1724 0.2462 0.1617 0.1220 0.2664 0.2993 0.2345 0.1228 0.1267 0.2291 0.2735 0.2712 0.2196 0.1044 0.2164 0.2561 0.1548 0.1292 0.2187 0.1749 0.0929 0.0818 0.1222 0.0692 0.0819 0.0746 0.0811 0.0972 0.0840 0.0708 0.0762 0.0827 0.1033 0.0654 0.0904 0.0700 0.0214 0.0628 0.0554 0.0503 0.0379 0.0139 0.0391 0.0225 0.0063 0.0046 
0.0327 0.1161 0.1087 0.0948 0.3079 0.3368 0.3888 0.1746 0.2572 0.3351 0.2724 0.7696 0.7075 0.2927 0.1256 0.1339 0.0819 0.1545 0.2548 0.1531 0.1006 0.0904 0.1849 0.1716 0.1860 0.1204 0.1630 0.2348 0.2342 0.1657 0.1089 0.0881 0.1704 0.2251 0.1945 0.0844 0.0408 0.0364 0.0578 0.1065 0.0596 0.0534 0.0451 0.0504 0.0523 0.0586 0.0333 0.0669 0.0432 0.0563 0.0642 0.0553 0.0761 0.0537 0.0520 0.0488 0.0462 0.0313 0.0190 0.0313 0.0294 0.0130 0.0047 0.0024 
0.0243 0.1113 0.1230 0.1873 0.2355 0.2875 0.4490 0.1443 0.2443 0.4688 0.4224 0.5723 0.6197 0.3179 0.1467 0.0986 0.0789 0.0505 0.2179 0.1486 0.1132 0.2061 0.2218 0.0940 0.2585 0.1949 0.1199 0.2200 0.1316 0.0488 0.2368 0.2013 0.1612 0.2269 0.1207 0.0894 0.0996 0.0890 0.0716 0.0922 0.0885 0.0754 0.0852 0.0846 0.0526 0.0631 0.1007 0.0461 0.0989 0.1107 0.0513 0.0773 0.0846 0.0523 0.0611 0.0602 0.0227 0.0511 0.0309 0.0255 0.0284 0.0114 0.0029 0.0025 
0.0159 0.1058 0.0858 0.0971 0.2276 0.2497 0.3390 0.1785 0.2296 0.3292 0.5878 0.3630 0.5016 0.2535 0.1385 0.0827 0.1011 0.0635 0.1266 0.1347 0.1419 0.1015 0.1115 0.0959 0.0841 0.1067 0.0894 0.0978 0.0496 0.1310 0.1182 0.1536 0.1239 0.1156 0.0719 0.0561 0.0695 0.0324 0.0321 0.0320 0.0479 0.0459 0.0365 0.0386 0.0470 0.0489 0.0636 0.0081 0.0443 0.0388 0.0516 0.0334 0.0282 0.0248 0.0304 0.0320 0.0310 0.0354 0.0290 0.0282 0.0278 0.0069 0.0036 0.0033 
0.0396 0.0936 0.0723 0.0822 0.1675 0.2833 0.1886 0.1689 0.2144 0.2835 0.4293 0.3848 0.2536 0.1055 0.0970 0.0900 0.0858 0.0643 0.0723 0.0721 0.0605 0.0582 0.0573 0.0426 0.0371 0.0308 0.0365 0.0169 0.0620 0.1090 0.0944 0.0563 0.0507 0.0493 0.0364 0.0329 0.0346 0.0292 0.0140 0.0126 0.0140 0.0175 0.0233 0.0322 0.0326 0.0159 0.0461 0.0302 0.0234 0.0213 0.0181 0.0145 0.0087 0.0168 0.0186 0.0143 0.0146 0.0102 0.0189 0.0193 0.0124 0.0045 0.0007 0.0012 
0.0405 0.0762 0.0455 0.0645 0.1377 0.1125 0.2548 0.1920 0.1268 0.2186 0.4601 0.2909 0.0528 0.0802 0.0352 0.0344 0.0283 0.0275 0.0215 0.0142 0.0119 0.0084 0.0025 0.0084 0.0076 0.0105 0.0193 0.0135 0.0442 0.1034 0.0663 0.0309 0.0207 0.0085 0.0102 0.0101 0.0165 0.0110 0.0080 0.0064 0.0065 0.0101 0.0161 0.0141 0.0196 0.0069 0.0204 0.0076 0.0102 0.0058 0.0060 0.0087 0.0164 0.0131 0.0044 0.0068 0.0035 0.0047 0.0069 0.0079 0.0060 0.0023 0.0005 0.0009 
0.0096 0.0746 0.0399 0.0285 0.0634 0.0567 0.0959 0.0881 0.1097 0.1712 0.1238 0.0771 0.0500 0.0226 0.0195 0.0252 0.0188 0.0179 0.0105 0.0116 0.0123 0.0122 0.0133 0.0094 0.0085 0.0122 0.0097 0.0122 0.0120 0.0109 0.0147 0.0151 0.0058 0.0057 0.0102 0.0034 0.0034 0.0046 0.0055 0.0038 0.0038 0.0066 0.0078 0.0050 0.0110 0.0052 0.0039 0.0023 0.0025 0.0042 0.0037 0.0043 0.0025 0.0068 0.0029 0.0039 0.0048 0.0036 0.0024 0.0020 0.0026 0.0027 0.0022 0.0021 
0.0079 0.0616 0.0401 0.0288 0.0139 0.0502 0.0609 0.0422 0.0076 0.0234 0.0327 0.0106 0.0122 0.0075 0.0018 0.0028 0.0057 0.0054 0.0050 0.0033 0.0021 0.0020 0.0008 0.0034 0.0029 0.0030 0.0027 0.0059 0.0142 0.0108 0.0062 0.0055 0.0019 0.0047 0.0046 0.0024 0.0038 0.0036 0.0061 0.0036 0.0051 0.0041 0.0031 0.0047 0.0031 0.0048 0.0024 0.0038 0.0050 0.0017 0.0024 0.0022 0.0011 0.0039 0.0024 0.0027 0.0011 0.0005 0.0027 0.0020 0.0015 0.0010 0.0005 0.0003 
0.0055 0.0528 0.0134 0.0081 0.0047 0.0102 0.0196 0.0177 0.0096 0.0221 0.0143 0.0147 0.0095 0.0032 0.0070 0.0046 0.0050 0.0053 0.0039 0.0025 0.0013 0.0018 0.0011 0.0029 0.0006 0.0039 0.0020 0.0019 0.0075 0.0082 0.0044 0.0024 0.0027 0.0018 0.0020 0.0010 0.0017 0.0020 0.0022 0.0021 0.0032 0.0040 0.0031 0.0037 0.0032 0.0022 0.0035 0.0022 0.0028 0.0026 0.0029 0.0023 0.0039 0.0014 0.0039 0.0017 0.0010 0.0021 0.0030 0.0020 0.0024 0.0015 0.0007 0.0003 
0.0022 0.0262 0.0081 0.0068 0.0043 0.0085 0.0073 0.0104 0.0062 0.0079 0.0077 0.0101 0.0062 0.0041 0.0023 0.0032 0.0021 0.0017 0.0023 0.0015 0.0031 0.0024 0.0009 0.0016 0.0028 0.0012 0.0014 0.0024 0.0024 0.0055 0.0027 0.0025 0.0016 0.0025 0.0017 0.0017 0.0029 0.0016 0.0025 0.0018 0.0015 0.0021 0.0039 0.0024 0.0016 0.0019 0.0028 0.0009 0.0012 0.0031 0.0014 0.0016 0.0021 0.0025 0.0022 0.0036 0.0012 0.0014 0.0017 0.0019 0.0020 0.0011 0.0010 0.0006 
0.0023 0.0080 0.0039 0.0038 0.0043 0.0065 0.0085 0.0061 0.0022 0.0107 0.0073 0.0075 0.0038 0.0031 0.0039 0.0020 0.0032 0.0015 0.0032 0.0022 0.0015 0.0013 0.0021 0.0012 0.0015 0.0016 0.0025 0.0024 0.0026 0.0021 0.0019 0.0024 0.0014 0.0023 0.0021 0.0007 0.0024 0.0027 0.0019 0.0026 0.0022 0.0019 0.0023 0.0010 0.0023 0.0029 0.0037 0.0029 0.0033 0.0006 0.0016 0.0015 0.0020 0.0012 0.0011 0.0014 0.0015 0.0015 0.0014 0.0025 0.0021 0.0006 0.0005 0.0005 
0.0007 0.0043 0.0031 0.0024 0.0034 0.0053 0.0052 0.0036 0.0038 0.0057 0.0056 0.0036 0.0028 0.0020 0.0016 0.0030 0.0024 0.0004 0.0035 0.0024 0.0012 0.0024 0.0024 0.0032 0.0029 0.0025 0.0016 0.0018 0.0035 0.0032 0.0021 0.0024 0.0017 0.0012 0.0017 0.0017 0.0021 0.0027 0.0033 0.0027 0.0030 0.0015 0.0030 0.0022 0.0023 0.0031 0.0021 0.0023 0.0009 0.0013 0.0012 0.0035 0.0026 0.0019 0.0025 0.0026 0.0019 0.0014 0.0021 0.0025 0.0027 0.0012 0.0003 0.0006 
0.0024 0.0048 0.0036 0.0032 0.0026 0.0038 0.0036 0.0061 0.0019 0.0044 0.0057 0.0053 0.0050 0.0027 0.0010 0.0016 0.0033 0.0029 0.0022 0.0012 0.0025 0.0013 0.0013 0.0021 0.0007 0.0026 0.0014 0.0007 0.0010 0.0022 0.0023 0.0013 0.0010 0.0023 0.0016 0.0017 0.0033 0.0019 0.0010 0.0022 0.0027 0.0023 0.0021 0.0028 0.0028 0.0037 0.0015 0.0015 0.0017 0.0017 0.0021 0.0023 0.0019 0.0022 0.0015 0.0021 0.0019 0.0021 0.0011 0.0032 0.0013 0.0002 0.0003 0.0006 
0.0005 0.0030 0.0035 0.0029 0.0021 0.0042 0.0035 0.0064 0.0018 0.0087 0.0049 0.0021 0.0025 0.0018 0.0022 0.0027 0.0031 0.0021 0.0029 0.0014 0.0016 0.0017 0.0021 0.0022 0.0016 0.0009 0.0032 0.0020 0.0020 0.0022 0.0019 0.0027 0.0011 0.0039 0.0020 0.0027 0.0023 0.0010 0.0024 0.0023 0.0038 0.0036 0.0021 0.0014 0.0023 0.0021 0.0025 0.0019 0.0028 0.0015 0.0016 0.0030 0.0015 0.0017 0.0024 0.0010 0.0012 0.0014 0.0028 0.0016 0.0032 0.0006 0.0004 0.0002 
0.0015 0.0015 0.0018 0.0023 0.0017 0.0050 0.0016 0.0032 0.0029 0.0042 0.0030 0.0037 0.0029 0.0049 0.0013 0.0018 0.0032 0.0022 0.0031 0.0014 0.0030 0.0025 0.0017 0.0009 0.0025 0.0022 0.0023 0.0029 0.0014 0.0028 0.0013 0.0020 0.0013 0.0018 0.0013 0.0018 0.0020 0.0024 0.0022 0.0033 0.0014 0.0028 0.0028 0.0040 0.0034 0.0027 0.0013 0.0020 0.0024 0.0010 0.0017 0.0009 0.0015 0.0031 0.0017 0.0018 0.0017 0.0024 0.0025 0.0010 0.0020 0.0009 0.0003 0.0005 
0.0016 0.0031 0.0041 0.0016 0.0026 0.0034 0.0032 0.0050 0.0031 0.0074 0.0033 0.0046 0.0006 0.0039 0.0030 0.0013 0.0024 0.0027 0.0023 0.0014 0.0032 0.0013 0.0016 0.0012 0.0026 0.0022 0.0021 0.0031 0.0011 0.0030 0.0032 0.0023 0.0032 0.0015 0.0015 0.0033 0.0020 0.0022 0.0007 0.0023 0.0019 0.0009 0.0017 0.0035 0.0010 0.0032 0.0020 0.0013 0.0012 0.0014 0.0018 0.0029 0.0023 0.0028 0.0035 0.0023 0.0019 0.0021 0.0005 0.0019 0.0018 0.0013 0.0005 0.0005 
0.0021 0.0020 0.0028 0.0031 0.0029 0.0041 0.0028 0.0039 0.0037 0.0041 0.0018 0.0046 0.0040 0.0042 0.0028 0.0009 0.0043 0.0034 0.0024 0.0030 0.0039 0.0027 0.0009 0.0019 0.0009 0.0041 0.0015 0.0037 0.0013 0.0012 0.0015 0.0017 0.0023 0.0015 0.0021 0.0027 0.0015 0.0011 0.0027 0.0027 0.0028 0.0042 0.0018 0.0028 0.0033 0.0028 0.0055 0.0031 0.0033 0.0021 0.0012 0.0029 0.0030 0.0013 0.0020 0.0031 0.0024 0.0030 0.0011 0.0020 0.0015 0.0007 0.0003 0.0005 
0.0020 0.0012 0.0040 0.0027 0.0023 0.0029 0.0013 0.0044 0.0020 0.0076 0.0010 0.0044 0.0026 0.0021 0.0030 0.0027 0.0042 0.0019 0.0040 0.0028 0.0031 0.0022 0.0026 0.0022 0.0011 0.0038 0.0011 0.0036 0.0013 0.0019 0.0013 0.0010 0.0024 0.0030 0.0020 0.0015 0.0007 0.0022 0.0033 0.0047 0.0038 0.0015 0.0014 0.0037 0.0016 0.0021 0.0036 0.0027 0.0030 0.0029 0.0023 0.0012 0.0025 0.0009 0.0023 0.0023 0.0008 0.0035 0.0012 0.0020 0.0020 0.0018 0.0004 0.0005 
0.0065 0.0085 0.0081 0.0091 0.0024 0.0020 0.0081 0.0051 0.0029 0.0064 0.0033 0.0031 0.0024 0.0020 0.0038 0.0014 0.0047 0.0011 0.0025 0.0027 0.0042 0.0019 0.0012 0.0028 0.0024 0.0028 0.0026 0.0028 0.0017 0.0025 0.0042 0.0016 0.0030 0.0032 0.0014 0.0034 0.0018 0.0027 0.0013 0.0035 0.0021 0.0036 0.0040 0.0026 0.0021 0.0029 0.0029 0.0007 0.0022 0.0031 0.0018 0.0029 0.0025 0.0024 0.0012 0.0026 0.0023 0.0014 0.0017 0.0032 0.0031 0.0010 0.0004 0.0005 
0.0040 0.0052 0.0043 0.0016 0.0029 0.0044 0.0013 0.0043 0.0037 0.0049 0.0051 0.0052 0.0026 0.0032 0.0020 0.0040 0.0055 0.0007 0.0034 0.0042 0.0039 0.0018 0.0014 0.0028 0.0020 0.0025 0.0067 0.0025 0.0021 0.0026 0.0018 0.0021 0.0024 0.0015 0.0024 0.0030 0.0013 0.0024 0.0039 0.0022 0.0032 0.0031 0.0028 0.0028 0.0021 0.0034 0.0058 0.0020 0.0017 0.0026 0.0029 0.0021 0.0027 0.0035 0.0019 0.0015 0.0016 0.0008 0.0022 0.0012 0.0025 0.0004 0.0002 0.0003 
0.0026 0.0037 0.0062 0.0025 0.0051 0.0035 0.0010 0.0044 0.0027 0.0050 0.0025 0.0018 0.0026 0.0019 0.0014 0.0023 0.0027 0.0035 0.0033 0.0023 0.0035 0.0023 0.0008 0.0012 0.0035 0.0029 0.0023 0.0018 0.0021 0.0025 0.0018 0.0022 0.0024 0.0020 0.0025 0.0029 0.0020 0.0021 0.0020 0.0022 0.0016 0.0036 0.0021 0.0018 0.0027 0.0034 0.0028 0.0036 0.0023 0.0022 0.0037 0.0020 0.0013 0.0015 0.0027 0.0009 0.0020 0.0017 0.0028 0.0019 0.0013 0.0008 0.0004 0.0006 
0.0017 0.0041 0.0024 0.0043 0.0025 0.0027 0.0036 0.0039 0.0042 0.0057 0.0026 0.0030 0.0030 0.0026 0.0037 0.0023 0.0021 0.0020 0.0037 0.0023 0.0036 0.0013 0.0021 0.0021 0.0036 0.0027 0.0031 0.0030 0.0012 0.0029 0.0014 0.0022 0.0019 0.0023 0.0029 0.0028 0.0026 0.0037 0.0024 0.0038 0.0027 0.0027 0.0023 0.0017 0.0039 0.0015 0.0030 0.0036 0.0009 0.0030 0.0019 0.0038 0.0027 0.0022 0.0008 0.0027 0.0014 0.0026 0.0016 0.0028 0.0022 0.0015 0.0010 0.0008 
0.0015 0.0035 0.0037 0.0034 0.0037 0.0056 0.0021 0.0056 0.0027 0.0073 0.0036 0.0030 0.0038 0.0054 0.0037 0.0038 0.0032 0.0034 0.0038 0.0027 0.0042 0.0038 0.0027 0.0023 0.0036 0.0019 0.0031 0.0027 0.0024 0.0031 0.0014 0.0026 0.0025 0.0014 0.0025 0.0012 0.0030 0.0028 0.0043 0.0043 0.0037 0.0032 0.0038 0.0019 0.0031 0.0037 0.0014 0.0025 0.0026 0.0015 0.0035 0.0013 0.0024 0.0010 0.0025 0.0013 0.0021 0.0023 0.0042 0.0031 0.0013 0.0010 0.0006 0.0005 
0.0022 0.0037 0.0041 0.0039 0.0047 0.0046 0.0029 0.0039 0.0024 0.0050 0.0045 0.0040 0.0022 0.0012 0.0024 0.0016 0.0041 0.0017 0.0018 0.0010 0.0021 0.0032 0.0013 0.0029 0.0010 0.0028 0.0016 0.0013 0.0041 0.0038 0.0022 0.0020 0.0019 0.0029 0.0023 0.0028 0.0048 0.0012 0.0023 0.0054 0.0023 0.0013 0.0010 0.0024 0.0022 0.0015 0.0018 0.0033 0.0032 0.0028 0.0026 0.0016 0.0014 0.0033 0.0021 0.0019 0.0013 0.0027 0.0018 0.0022 0.0016 0.0006 0.0006 0.0004 
0.0027 0.0016 0.0010 0.0040 0.0041 0.0050 0.0028 0.0050 0.0031 0.0039 0.0021 0.0053 0.0020 0.0034 0.0026 0.0039 0.0025 0.0013 0.0021 0.0018 0.0011 0.0024 0.0025 0.0013 0.0032 0.0043 0.0013 0.0037 0.0015 0.0026 0.0027 0.0019 0.0028 0.0025 0.0035 0.0050 0.0026 0.0022 0.0025 0.0027 0.0025 0.0013 0.0031 0.0037 0.0013 0.0019 0.0017 0.0015 0.0034 0.0038 0.0041 0.0031 0.0021 0.0020 0.0036 0.0028 0.0037 0.0018 0.0019 0.0012 0.0014 0.0012 0.0005 0.0003 
0.0016 0.0030 0.0035 0.0030 0.0044 0.0052 0.0026 0.0049 0.0035 0.0072 0.0029 0.0038 0.0024 0.0025 0.0022 0.0028 0.0053 0.0045 0.0028 0.0026 0.0015 0.0027 0.0035 0.0030 0.0011 0.0012 0.0034 0.0035 0.0038 0.0044 0.0027 0.0022 0.0026 0.0016 0.0017 0.0042 0.0026 0.0027 0.0028 0.0030 0.0035 0.0023 0.0020 0.0028 0.0027 0.0019 0.0037 0.0022 0.0031 0.0016 0.0012 0.0026 0.0024 0.0017 0.0030 0.0014 0.0012 0.0023 0.0035 0.0017 0.0012 0.0012 0.0003 0.0001 
0.0032 0.0016 0.0042 0.0018 0.0045 0.0031 0.0020 0.0023 0.0016 0.0057 0.0038 0.0024 0.0014 0.0025 0.0031 0.0026 0.0014 0.0028 0.0028 0.0029 0.0010 0.0019 0.0023 0.0019 0.0029 0.0024 0.0013 0.0025 0.0011 0.0038 0.0022 0.0040 0.0033 0.0018 0.0011 0.0038 0.0028 0.0029 0.0023 0.0030 0.0022 0.0012 0.0019 0.0038 0.0021 0.0012 0.0025 0.0044 0.0024 0.0024 0.0006 0.0017 0.0026 0.0018 0.0019 0.0021 0.0031 0.0031 0.0022 0.0011 0.0027 0.0017 0.0003 0.0004 
0.0012 0.0011 0.0018 0.0029 0.0028 0.0052 0.0010 0.0041 0.0034 0.0080 0.0045 0.0047 0.0026 0.0015 0.0014 0.0035 0.0028 0.0015 0.0026 0.0033 0.0021 0.0019 0.0028 0.0022 0.0011 0.0012 0.0011 0.0031 0.0023 0.0017 0.0022 0.0026 0.0024 0.0015 0.0034 0.0041 0.0032 0.0046 0.0037 0.0053 0.0010 0.0025 0.0017 0.0033 0.0024 0.0012 0.0025 0.0019 0.0029 0.0011 0.0019 0.0023 0.0038 0.0025 0.0027 0.0020 0.0011 0.0014 0.0028 0.0017 0.0022 0.0013 0.0002 0.0004 
