0.0023 0.0022 0.0023 0.0046 0.0021 0.0047 0.0039 0.0025 0.0020 0.0046 0.0040 0.0041 0.0033 0.0039 0.0016 0.0028 0.0043 0.0025 0.0033 0.0029 0.0019 0.0037 0.0034 0.0015 0.0028 0.0038 0.0022 0.0023 0.0005 0.0043 0.0033 0.0027 0.0027 0.0018 0.0015 0.0029 0.0011 0.0025 0.0029 0.0019 0.0017 0.0027 0.0021 0.0028 0.0017 0.0027 0.0024 0.0030 0.0020 0.0032 0.0015 0.0036 0.0009 0.0024 0.0019 0.0019 0.0017 0.0032 0.0036 0.0013 0.0007 0.0010 0.0010 0.0009 
0.0018 0.0019 0.0028 0.0044 0.0022 0.0058 0.0035 0.0021 0.0026 0.0043 0.0028 0.0044 0.0026 0.0039 0.0038 0.0039 0.0022 0.0024 0.0023 0.0027 0.0022 0.0016 0.0015 0.0012 0.0022 0.0031 0.0022 0.0022 0.0013 0.0032 0.0013 0.0025 0.0017 0.0022 0.0016 0.0015 0.0020 0.0033 0.0029 0.0020 0.0033 0.0006 0.0015 0.0012 0.0026 0.0019 0.0031 0.0027 0.0010 0.0014 0.0019 0.0017 0.0027 0.0015 0.0016 0.0011 0.0018 0.0017 0.0010 0.0012 0.0013 0.0006 0.0002 0.0004 
0.0006 0.0036 0.0033 0.0025 0.0025 0.0035 0.0020 0.0035 0.0020 0.0064 0.0038 0.0030 0.0031 0.0030 0.0027 0.0048 0.0023 0.0025 0.0024 0.0019 0.0032 0.0016 0.0011 0.0026 0.0037 0.0023 0.0034 0.0032 0.0026 0.0030 0.0018 0.0034 0.0029 0.0021 0.0016 0.0029 0.0034 0.0017 0.0030 0.0028 0.0022 0.0023 0.0019 0.0038 0.0021 0.0013 0.0031 0.0029 0.0015 0.0021 0.0009 0.0021 0.0006 0.0009 0.0021 0.0019 0.0026 0.0016 0.0022 0.0012 0.0030 0.0007 0.0005 0.0004 
0.0008 0.0010 0.0031 0.0037 0.0025 0.0050 0.0018 0.0040 0.0028 0.0076 0.0022 0.0026 0.0033 0.0020 0.0021 0.0029 0.0030 0.0019 0.0034 0.0019 0.0017 0.0022 0.0032 0.0017 0.0022 0.0023 0.0011 0.0033 0.0022 0.0008 0.0027 0.0028 0.0028 0.0015 0.0020 0.0016 0.0023 0.0024 0.0036 0.0042 0.0024 0.0021 0.0019 0.0021 0.0016 0.0020 0.0027 0.0038 0.0020 0.0016 0.0013 0.0022 0.0018 0.0009 0.0032 0.0020 0.0015 0.0020 0.0023 0.0029 0.0016 0.0005 0.0005 0.0003 
0.0018 0.0024 0.0037 0.0022 0.0020 0.0052 0.0013 0.0021 0.0022 0.0063 0.0016 0.0044 0.0025 0.0033 0.0031 0.0039 0.0026 0.0038 0.0033 0.0013 0.0015 0.0025 0.0020 0.0017 0.0025 0.0031 0.0005 0.0013 0.0021 0.0015 0.0020 0.0023 0.0023 0.0029 0.0013 0.0036 0.0031 0.0007 0.0023 0.0029 0.0029 0.0021 0.0011 0.0014 0.0023 0.0027 0.0022 0.0027 0.0018 0.0035 0.0030 0.0029 0.0019 0.0010 0.0014 0.0014 0.0014 0.0017 0.0015 0.0012 0.0012 0.0011 0.0004 0.0001 
0.0009 0.0021 0.0041 0.0026 0.0018 0.0035 0.0026 0.0051 0.0038 0.0034 0.0019 0.0055 0.0022 0.0033 0.0023 0.0034 0.0016 0.0028 0.0044 0.0030 0.0022 0.0012 0.0017 0.0021 0.0020 0.0014 0.0013 0.0025 0.0013 0.0032 0.0021 0.0031 0.0013 0.0014 0.0010 0.0031 0.0019 0.0033 0.0016 0.0038 0.0023 0.0011 0.0019 0.0047 0.0020 0.0023 0.0017 0.0012 0.0033 0.0016 0.0030 0.0024 0.0016 0.0016 0.0018 0.0012 0.0013 0.0030 0.0019 0.0013 0.0032 0.0011 0.0004 0.0002 
0.0006 0.0017 0.0028 0.0022 0.0022 0.0049 0.0023 0.0045 0.0033 0.0043 0.0022 0.0045 0.0041 0.0048 0.0019 0.0017 0.0049 0.0017 0.0017 0.0019 0.0010 0.0016 0.0022 0.0031 0.0030 0.0025 0.0017 0.0007 0.0008 0.0021 0.0016 0.0028 0.0021 0.0016 0.0008 0.0023 0.0017 0.0030 0.0022 0.0029 0.0016 0.0005 0.0012 0.0028 0.0027 0.0015 0.0031 0.0027 0.0023 0.0008 0.0019 0.0016 0.0026 0.0022 0.0016 0.0018 0.0020 0.0026 0.0019 0.0017 0.0026 0.0011 0.0002 0.0002 
0.0029 0.0024 0.0028 0.0028 0.0010 0.0045 0.0017 0.0033 0.0020 0.0069 0.0045 0.0051 0.0071 0.0033 0.0031 0.0018 0.0024 0.0032 0.0023 0.0020 0.0015 0.0024 0.0038 0.0014 0.0021 0.0029 0.0028 0.0016 0.0018 0.0022 0.0015 0.0013 0.0016 0.0033 0.0008 0.0015 0.0011 0.0022 0.0039 0.0024 0.0036 0.0008 0.0022 0.0020 0.0032 0.0022 0.0026 0.0021 0.0031 0.0027 0.0007 0.0022 0.0012 0.0009 0.0019 0.0022 0.0018 0.0023 0.0022 0.0024 0.0004 0.0007 0.0005 0.0003 
0.0011 0.0005 0.0030 0.0019 0.0013 0.0040 0.0037 0.0045 0.0018 0.0068 0.0011 0.0051 0.0014 0.0023 0.0027 0.0012 0.0037 0.0012 0.0033 0.0007 0.0014 0.0012 0.0030 0.0031 0.0015 0.0022 0.0016 0.0027 0.0015 0.0031 0.0033 0.0023 0.0022 0.0036 0.0022 0.0022 0.0036 0.0021 0.0029 0.0031 0.0023 0.0014 0.0021 0.0006 0.0026 0.0031 0.0021 0.0028 0.0018 0.0022 0.0013 0.0020 0.0016 0.0023 0.0016 0.0006 0.0025 0.0014 0.0023 0.0031 0.0009 0.0009 0.0002 0.0002 
0.0017 0.0012 0.0025 0.0039 0.0016 0.0047 0.0017 0.0031 0.0026 0.0071 0.0024 0.0043 0.0024 0.0023 0.0021 0.0028 0.0018 0.0027 0.0035 0.0009 0.0023 0.0018 0.0024 0.0028 0.0036 0.0007 0.0023 0.0021 0.0016 0.0020 0.0032 0.0011 0.0013 0.0026 0.0019 0.0033 0.0027 0.0014 0.0017 0.0020 0.0029 0.0026 0.0020 0.0016 0.0016 0.0016 0.0035 0.0019 0.0019 0.0024 0.0021 0.0018 0.0015 0.0023 0.0015 0.0006 0.0018 0.0024 0.0015 0.0010 0.0016 0.0007 0.0003 0.0005 
0.0015 0.0020 0.0040 0.0008 0.0054 0.0072 0.0019 0.0044 0.0032 0.0045 0.0041 0.0045 0.0039 0.0021 0.0018 0.0028 0.0019 0.0024 0.0017 0.0038 0.0051 0.0024 0.0025 0.0026 0.0018 0.0020 0.0024 0.0026 0.0014 0.0018 0.0030 0.0014 0.0028 0.0023 0.0018 0.0009 0.0008 0.0016 0.0019 0.0043 0.0038 0.0017 0.0019 0.0031 0.0031 0.0038 0.0024 0.0013 0.0025 0.0024 0.0020 0.0016 0.0037 0.0018 0.0017 0.0024 0.0017 0.0018 0.0010 0.0016 0.0008 0.0009 0.0005 0.0004 
0.0010 0.0018 0.0031 0.0026 0.0020 0.0027 0.0021 0.0042 0.0025 0.0029 0.0037 0.0028 0.0040 0.0034 0.0016 0.0045 0.0028 0.0014 0.0026 0.0014 0.0016 0.0021 0.0026 0.0027 0.0020 0.0009 0.0023 0.0023 0.0024 0.0022 0.0014 0.0025 0.0015 0.0025 0.0023 0.0014 0.0034 0.0011 0.0021 0.0036 0.0014 0.0037 0.0016 0.0021 0.0033 0.0024 0.0016 0.0035 0.0030 0.0024 0.0034 0.0022 0.0025 0.0031 0.0015 0.0015 0.0016 0.0023 0.0020 0.0020 0.0011 0.0003 0.0002 0.0001 
0.0007 0.0028 0.0037 0.0052 0.0029 0.0043 0.0046 0.0029 0.0039 0.0047 0.0018 0.0036 0.0013 0.0042 0.0024 0.0019 0.0023 0.0027 0.0037 0.0014 0.0005 0.0028 0.0031 0.0016 0.0014 0.0029 0.0020 0.0020 0.0024 0.0021 0.0011 0.0009 0.0013 0.0022 0.0016 0.0024 0.0019 0.0007 0.0031 0.0045 0.0017 0.0010 0.0040 0.0026 0.0020 0.0033 0.0021 0.0024 0.0018 0.0025 0.0012 0.0014 0.0028 0.0022 0.0023 0.0015 0.0017 0.0014 0.0010 0.0007 0.0011 0.0007 0.0003 0.0003 
0.0010 0.0018 0.0028 0.0051 0.0049 0.0041 0.0029 0.0053 0.0045 0.0073 0.0027 0.0059 0.0034 0.0033 0.0023 0.0028 0.0023 0.0032 0.0034 0.0041 0.0030 0.0021 0.0031 0.0044 0.0045 0.0030 0.0019 0.0033 0.0023 0.0021 0.0019 0.0027 0.0019 0.0017 0.0027 0.0015 0.0024 0.0041 0.0036 0.0035 0.0020 0.0032 0.0026 0.0004 0.0013 0.0007 0.0018 0.0017 0.0024 0.0015 0.0011 0.0024 0.0015 0.0017 0.0012 0.0009 0.0015 0.0008 0.0028 0.0016 0.0015 0.0008 0.0004 0.0002 
0.0007 0.0027 0.0031 0.0015 0.0028 0.0036 0.0019 0.0054 0.0036 0.0068 0.0026 0.0043 0.0040 0.0044 0.0025 0.0010 0.0030 0.0029 0.0019 0.0020 0.0024 0.0020 0.0017 0.0021 0.0033 0.0014 0.0013 0.0019 0.0019 0.0016 0.0018 0.0027 0.0014 0.0034 0.0013 0.0017 0.0021 0.0015 0.0030 0.0011 0.0022 0.0016 0.0024 0.0028 0.0037 0.0017 0.0024 0.0020 0.0021 0.0022 0.0020 0.0022 0.0028 0.0026 0.0024 0.0010 0.0018 0.0020 0.0014 0.0041 0.0019 0.0024 0.0009 0.0004 
0.0009 0.0019 0.0022 0.0026 0.0033 0.0028 0.0018 0.0032 0.0020 0.0078 0.0011 0.0035 0.0024 0.0025 0.0033 0.0055 0.0036 0.0013 0.0027 0.0015 0.0023 0.0006 0.0014 0.0035 0.0010 0.0017 0.0021 0.0011 0.0013 0.0026 0.0013 0.0034 0.0009 0.0021 0.0019 0.0014 0.0022 0.0025 0.0022 0.0045 0.0016 0.0023 0.0025 0.0032 0.0021 0.0017 0.0024 0.0019 0.0046 0.0024 0.0015 0.0018 0.0017 0.0014 0.0019 0.0017 0.0012 0.0024 0.0012 0.0011 0.0008 0.0005 0.0005 0.0006 
0.0021 0.0013 0.0022 0.0012 0.0034 0.0035 0.0025 0.0039 0.0027 0.0033 0.0018 0.0022 0.0010 0.0021 0.0039 0.0015 0.0025 0.0035 0.0034 0.0024 0.0020 0.0028 0.0024 0.0030 0.0010 0.0023 0.0029 0.0022 0.0012 0.0025 0.0016 0.0016 0.0012 0.0015 0.0011 0.0016 0.0006 0.0013 0.0026 0.0021 0.0020 0.0031 0.0030 0.0027 0.0018 0.0024 0.0025 0.0011 0.0025 0.0007 0.0010 0.0021 0.0017 0.0024 0.0015 0.0017 0.0006 0.0018 0.0017 0.0018 0.0009 0.0011 0.0005 0.0004 
0.0010 0.0030 0.0033 0.0047 0.0015 0.0052 0.0028 0.0037 0.0039 0.0044 0.0070 0.0053 0.0011 0.0053 0.0021 0.0013 0.0034 0.0027 0.0010 0.0050 0.0034 0.0004 0.0021 0.0010 0.0020 0.0013 0.0016 0.0020 0.0012 0.0015 0.0005 0.0044 0.0024 0.0019 0.0023 0.0027 0.0014 0.0037 0.0030 0.0033 0.0022 0.0015 0.0025 0.0022 0.0040 0.0014 0.0021 0.0016 0.0041 0.0013 0.0012 0.0007 0.0010 0.0005 0.0013 0.0024 0.0009 0.0021 0.0013 0.0006 0.0012 0.0010 0.0004 0.0004 
0.0020 0.0054 0.0047 0.0027 0.0024 0.0051 0.0027 0.0012 0.0038 0.0053 0.0030 0.0058 0.0033 0.0048 0.0017 0.0019 0.0017 0.0034 0.0028 0.0016 0.0006 0.0020 0.0026 0.0006 0.0017 0.0015 0.0023 0.0026 0.0028 0.0030 0.0024 0.0014 0.0015 0.0029 0.0015 0.0005 0.0022 0.0008 0.0028 0.0014 0.0013 0.0023 0.0041 0.0020 0.0026 0.0011 0.0039 0.0041 0.0011 0.0030 0.0012 0.0017 0.0017 0.0012 0.0018 0.0026 0.0011 0.0015 0.0007 0.0014 0.0027 0.0007 0.0006 0.0002 
0.0122 0.0789 0.0557 0.0282 0.0075 0.0112 0.0030 0.0066 0.0056 0.0059 0.0038 0.0065 0.0062 0.0036 0.0042 0.0014 0.0025 0.0010 0.0041 0.0046 0.0021 0.0031 0.0029 0.0015 0.0014 0.0031 0.0017 0.0011 0.0020 0.0015 0.0027 0.0028 0.0025 0.0031 0.0025 0.0032 0.0022 0.0033 0.0011 0.0047 0.0031 0.0036 0.0039 0.0045 0.0019 0.0012 0.0037 0.0038 0.0030 0.0018 0.0019 0.0020 0.0021 0.0053 0.0024 0.0026 0.0007 0.0025 0.0033 0.0022 0.0021 0.0008 0.0004 0.0007 
0.0036 0.0563 0.0717 0.0329 0.0180 0.0085 0.0027 0.0065 0.0054 0.0084 0.0067 0.0091 0.0135 0.0041 0.0034 0.0037 0.0032 0.0021 0.0030 0.0048 0.0033 0.0039 0.0032 0.0025 0.0026 0.0026 0.0022 0.0036 0.0019 0.0035 0.0036 0.0026 0.0036 0.0018 0.0016 0.0034 0.0032 0.0037 0.0026 0.0025 0.0028 0.0028 0.0062 0.0034 0.0044 0.0033 0.0017 0.0044 0.0029 0.0047 0.0006 0.0027 0.0032 0.0031 0.0019 0.0043 0.0034 0.0037 0.0022 0.0037 0.0035 0.0016 0.0003 0.0004 
0.0015 0.0509 0.0634 0.0186 0.0094 0.0079 0.0049 0.0044 0.0041 0.0048 0.0046 0.0098 0.0081 0.0033 0.0015 0.0014 0.0030 0.0025 0.0030 0.0061 0.0007 0.0033 0.0024 0.0008 0.0018 0.0021 0.0024 0.0033 0.0024 0.0034 0.0015 0.0044 0.0037 0.0022 0.0035 0.0020 0.0012 0.0028 0.0025 0.0020 0.0049 0.0014 0.0011 0.0016 0.0031 0.0019 0.0025 0.0015 0.0045 0.0033 0.0014 0.0034 0.0040 0.0027 0.0042 0.0035 0.0023 0.0034 0.0028 0.0036 0.0019 0.0009 0.0003 0.0006 
0.0062 0.0502 0.0408 0.0089 0.0113 0.0047 0.0014 0.0041 0.0037 0.0053 0.0057 0.0128 0.0049 0.0030 0.0022 0.0034 0.0018 0.0018 0.0021 0.0032 0.0016 0.0021 0.0034 0.0025 0.0024 0.0014 0.0023 0.0008 0.0028 0.0020 0.0021 0.0027 0.0017 0.0025 0.0023 0.0031 0.0008 0.0022 0.0019 0.0028 0.0043 0.0026 0.0035 0.0036 0.0033 0.0039 0.0014 0.0034 0.0021 0.0030 0.0035 0.0021 0.0012 0.0010 0.0032 0.0018 0.0028 0.0023 0.0013 0.0029 0.0027 0.0018 0.0011 0.0005 
0.0076 0.0677 0.0826 0.0492 0.0193 0.0195 0.0387 0.0459 0.0427 0.0809 0.0958 0.2378 0.1309 0.1500 0.0831 0.0721 0.1024 0.1283 0.1254 0.0817 0.0447 0.0725 0.0489 0.0272 0.0280 0.0379 0.0281 0.0250 0.0173 0.0285 0.0126 0.0173 0.0150 0.0217 0.0173 0.0145 0.0137 0.0221 0.0150 0.0106 0.0163 0.0108 0.0213 0.0134 0.0150 0.0071 0.0155 0.0215 0.0169 0.0076 0.0045 0.0049 0.0050 0.0051 0.0087 0.0101 0.0096 0.0124 0.0041 0.0088 0.0032 0.0071 0.0018 0.0012 
0.0022 0.0549 0.0696 0.0622 0.0487 0.0297 0.0352 0.0389 0.0348 0.0150 0.0357 0.0950 0.0822 0.0502 0.0298 0.0209 0.0338 0.0239 0.0316 0.0195 0.0315 0.0172 0.0261 0.0340 0.0287 0.0234 0.0136 0.0100 0.0099 0.0061 0.0050 0.0068 0.0094 0.0095 0.0053 0.0058 0.0114 0.0043 0.0053 0.0029 0.0064 0.0066 0.0046 0.0119 0.0094 0.0075 0.0064 0.0072 0.0094 0.0078 0.0064 0.0067 0.0078 0.0040 0.0084 0.0037 0.0060 0.0026 0.0033 0.0049 0.0053 0.0010 0.0005 0.0004 
0.0028 0.0490 0.0530 0.0378 0.0125 0.0036 0.0072 0.0142 0.0195 0.0389 0.0965 0.0589 0.0654 0.0468 0.0312 0.0224 0.0227 0.0250 0.0169 0.0134 0.0163 0.0132 0.0176 0.0104 0.0040 0.0099 0.0127 0.0071 0.0101 0.0093 0.0062 0.0037 0.0074 0.0065 0.0120 0.0035 0.0067 0.0044 0.0051 0.0051 0.0062 0.0077 0.0055 0.0060 0.0046 0.0074 0.0084 0.0048 0.0066 0.0105 0.0052 0.0024 0.0057 0.0021 0.0029 0.0086 0.0042 0.0054 0.0040 0.0036 0.0050 0.0009 0.0006 0.0002 
0.0028 0.0585 0.0995 0.1039 0.0570 0.0479 0.0526 0.0547 0.0539 0.0621 0.1879 0.2618 0.1995 0.1443 0.0896 0.0523 0.0435 0.0943 0.1509 0.0924 0.0603 0.0416 0.0292 0.0245 0.0170 0.0189 0.0394 0.0302 0.0201 0.0133 0.0066 0.0146 0.0146 0.0120 0.0179 0.0165 0.0149 0.0104 0.0097 0.0109 0.0142 0.0117 0.0084 0.0108 0.0049 0.0074 0.0103 0.0050 0.0048 0.0108 0.0094 0.0080 0.0098 0.0122 0.0113 0.0087 0.0062 0.0057 0.0082 0.0036 0.0019 0.0029 0.0009 0.0002 
0.0119 0.0882 0.2123 0.1826 0.3611 0.1232 0.0952 0.1166 0.0807 0.2222 0.6273 0.8090 0.2991 0.2273 0.1309 0.1269 0.1214 0.0814 0.1070 0.1347 0.1339 0.0975 0.0450 0.0544 0.1722 0.1851 0.2516 0.1710 0.1435 0.0877 0.0390 0.0899 0.1439 0.1651 0.1308 0.1263 0.0965 0.1067 0.0570 0.0405 0.0586 0.0378 0.0207 0.0276 0.0201 0.0350 0.0285 0.0351 0.0749 0.0815 0.0631 0.0314 0.0342 0.0223 0.0445 0.0501 0.0449 0.0449 0.0231 0.0203 0.0200 0.0142 0.0056 0.0048 
0.0232 0.0919 0.2111 0.3198 0.6270 0.4326 0.3363 0.1787 0.2083 0.3552 1.0328 0.6555 0.3667 0.0837 0.1711 0.2694 0.2186 0.3315 0.3876 0.6301 0.3896 0.4898 0.4726 0.3054 0.3108 0.2889 0.3691 0.1891 0.2330 0.1850 0.1777 0.1346 0.1799 0.1009 0.2173 0.1815 0.2820 0.2267 0.1895 0.1436 0.1387 0.1467 0.1173 0.1681 0.1458 0.1585 0.0833 0.1561 0.1083 0.0644 0.0680 0.1018 0.1006 0.1447 0.0989 0.0663 0.0328 0.0894 0.1292 0.0894 0.0617 0.0252 0.0080 0.0074 
0.0201 0.0866 0.1868 0.1332 0.5196 0.3411 0.6954 0.1837 0.2978 0.4280 1.2495 0.6992 0.3668 0.2719 0.3178 0.2468 0.3912 0.2491 0.1539 0.1551 0.4551 0.4275 0.6216 0.4611 0.5828 0.2905 0.5795 0.5915 0.2367 0.2240 0.1517 0.1270 0.1207 0.0955 0.1245 0.1822 0.2010 0.2206 0.3233 0.3285 0.2124 0.1011 0.2623 0.2777 0.1327 0.1676 0.2093 0.1117 0.1239 0.1649 0.0506 0.1302 0.1224 0.1999 0.1182 0.1458 0.1432 0.1696 0.0891 0.1473 0.1293 0.0392 0.0093 0.0066 
0.0553 0.1014 0.1507 0.2140 0.2660 0.4199 0.7443 0.3122 0.2707 0.4758 1.6257 0.6696 0.3171 0.5368 0.2368 0.1585 0.5273 0.1128 0.2571 0.3514 0.3470 0.3423 0.5742 0.1895 0.1908 0.2625 0.6652 0.6156 0.3019 0.1907 0.1352 0.1906 0.1179 0.0694 0.0288 0.0456 0.1501 0.1791 0.3005 0.2932 0.2059 0.0863 0.2418 0.2448 0.1267 0.0718 0.1884 0.1558 0.2228 0.0960 0.0997 0.0741 0.0802 0.0587 0.1373 0.1269 0.1057 0.0922 0.1055 0.1432 0.0794 0.0245 0.0140 0.0090 
0.1216 0.1472 0.1332 0.1827 0.1163 0.3930 0.5668 0.3050 0.2591 0.5151 1.6620 0.8323 0.3852 0.4360 0.2223 0.2311 0.2458 0.2417 0.2801 0.2881 0.0866 0.3462 0.3481 0.3405 0.0926 0.1610 0.4810 0.7036 0.3530 0.2020 0.1658 0.2219 0.1859 0.1414 0.0804 0.0752 0.1648 0.1993 0.3142 0.2921 0.2491 0.0629 0.1761 0.2581 0.2588 0.1346 0.1483 0.1896 0.1847 0.1460 0.0947 0.0366 0.0538 0.1036 0.1878 0.1556 0.1203 0.0835 0.1233 0.1188 0.0901 0.0238 0.0097 0.0050 
0.1254 0.1657 0.1445 0.2214 0.3468 0.3525 0.3904 0.3382 0.3466 0.4971 1.2746 1.0897 0.5358 0.2647 0.2362 0.3184 0.3289 0.2389 0.2994 0.1495 0.1415 0.2646 0.1719 0.4634 0.3889 0.2374 0.3441 0.6511 0.4401 0.1612 0.1699 0.2351 0.2941 0.2678 0.0847 0.0646 0.1300 0.1291 0.1876 0.3578 0.2630 0.1258 0.1109 0.2732 0.2207 0.0813 0.1809 0.2099 0.2163 0.1874 0.1391 0.0831 0.0700 0.0848 0.1361 0.1772 0.1377 0.1001 0.1010 0.1217 0.0328 0.0354 0.0220 0.0109 
0.0784 0.1106 0.1667 0.2284 0.2596 0.5223 0.2049 0.4457 0.1358 0.4872 0.9082 1.1623 0.5520 0.2604 0.3032 0.1397 0.0696 0.2280 0.3756 0.2064 0.0579 0.2504 0.2540 0.2919 0.2948 0.1036 0.2092 0.3589 0.4749 0.2195 0.2123 0.1593 0.2924 0.2048 0.1625 0.1666 0.0871 0.1607 0.1949 0.1649 0.1795 0.1269 0.0645 0.0731 0.1147 0.1473 0.1359 0.1329 0.0642 0.1270 0.0730 0.0917 0.1019 0.0620 0.0468 0.0290 0.0748 0.0542 0.0614 0.0912 0.0681 0.0478 0.0243 0.0198 
0.0254 0.0972 0.1318 0.1533 0.2106 0.3597 0.4178 0.3622 0.1910 0.4150 0.6679 1.2204 0.3261 0.3275 0.1982 0.1995 0.0921 0.2417 0.3541 0.2200 0.0886 0.1481 0.2289 0.2376 0.2150 0.1486 0.2307 0.3460 0.3162 0.2213 0.2186 0.1680 0.2323 0.2215 0.2012 0.1258 0.0677 0.0499 0.1554 0.1303 0.1053 0.1467 0.1042 0.0554 0.0620 0.0837 0.0691 0.0633 0.0856 0.1065 0.1349 0.1386 0.0986 0.0380 0.0179 0.0391 0.0092 0.0339 0.0723 0.0823 0.0700 0.0269 0.0184 0.0161 
0.0678 0.0996 0.1376 0.2394 0.3640 0.2709 0.3639 0.3434 0.2385 0.5070 0.4191 1.3955 0.2535 0.2608 0.2256 0.1558 0.1016 0.2245 0.3341 0.1804 0.1529 0.0214 0.2804 0.2280 0.1653 0.1863 0.3668 0.3480 0.1655 0.3697 0.3020 0.1807 0.1956 0.2981 0.1858 0.1129 0.1223 0.0779 0.0880 0.1172 0.1464 0.1742 0.1206 0.0356 0.1239 0.1424 0.1509 0.1142 0.2054 0.2241 0.1528 0.1503 0.1472 0.0836 0.0818 0.0597 0.0464 0.0545 0.0947 0.0958 0.1006 0.0296 0.0146 0.0043 
0.0707 0.0899 0.1317 0.1517 0.2514 0.3190 0.2685 0.2697 0.1185 0.3722 0.5467 1.2479 0.2184 0.1791 0.1884 0.0839 0.0695 0.1881 0.3204 0.1835 0.1521 0.0991 0.1659 0.1754 0.1342 0.1150 0.1853 0.1878 0.1749 0.1912 0.2373 0.2256 0.1615 0.1978 0.1836 0.1463 0.1558 0.0967 0.0460 0.0906 0.1065 0.0458 0.0417 0.0872 0.0858 0.0426 0.0879 0.1097 0.1432 0.1088 0.0899 0.1034 0.0988 0.1348 0.1115 0.1031 0.0804 0.0542 0.0776 0.0469 0.0485 0.0330 0.0119 0.0069 
0.0193 0.0952 0.1220 0.1111 0.2012 0.2731 0.2998 0.2384 0.0928 0.2969 0.4123 1.0033 0.5152 0.1960 0.1620 0.1163 0.0860 0.0746 0.1776 0.1275 0.0956 0.0640 0.0977 0.1449 0.1298 0.1380 0.1849 0.1402 0.1744 0.1798 0.2552 0.1046 0.1531 0.1816 0.2109 0.1906 0.1300 0.0437 0.1112 0.1027 0.0700 0.0577 0.0681 0.0948 0.1052 0.0578 0.0386 0.0412 0.0537 0.0975 0.1178 0.0998 0.0528 0.0751 0.0711 0.0634 0.0464 0.0912 0.0616 0.0287 0.0379 0.0236 0.0030 0.0032 
0.0738 0.1130 0.1468 0.2184 0.3340 0.1436 0.3219 0.4034 0.2258 0.3206 0.4897 0.9174 0.6137 0.2161 0.1011 0.0890 0.0961 0.1208 0.2091 0.0867 0.1107 0.0336 0.1755 0.2276 0.1947 0.1485 0.0995 0.2550 0.2826 0.1363 0.1630 0.1875 0.1573 0.0767 0.1677 0.1814 0.0529 0.0648 0.0731 0.0919 0.0963 0.0932 0.0817 0.0636 0.0889 0.0638 0.0372 0.0434 0.1050 0.1085 0.0841 0.0729 0.0518 0.0550 0.0820 0.0875 0.0698 0.0719 0.0392 0.0191 0.0308 0.0191 0.0195 0.0184 
0.0384 0.0876 0.1103 0.0794 0.3027 0.2237 0.2460 0.2740 0.1608 0.3607 0.5722 0.8878 0.4407 0.2741 0.1587 0.0952 0.0867 0.1397 0.1316 0.0388 0.1003 0.0368 0.0799 0.1424 0.1514 0.1232 0.1625 0.1862 0.2086 0.1036 0.1219 0.1592 0.1124 0.1082 0.1204 0.1130 0.0818 0.0470 0.0506 0.0517 0.0601 0.0643 0.0712 0.1033 0.0994 0.1061 0.1063 0.0482 0.0638 0.0389 0.0206 0.0495 0.0747 0.0456 0.0493 0.0504 0.0484 0.0627 0.0551 0.0693 0.0507 0.0195 0.0209 0.0188 
0.0218 0.0849 0.0920 0.0901 0.2403 0.2267 0.2018 0.2364 0.1793 0.3448 0.5261 0.6975 0.4317 0.0801 0.0841 0.0381 0.0303 0.0237 0.0445 0.0166 0.0313 0.0196 0.0283 0.0356 0.0581 0.0444 0.0538 0.0551 0.0625 0.1035 0.0643 0.0665 0.0241 0.0287 0.0290 0.0238 0.0273 0.0274 0.0328 0.0110 0.0276 0.0200 0.0171 0.0293 0.0612 0.0563 0.0528 0.0401 0.0461 0.0424 0.0390 0.0279 0.0173 0.0297 0.0154 0.0198 0.0193 0.0067 0.0199 0.0169 0.0107 0.0080 0.0020 0.0017 
0.0161 0.0573 0.0624 0.0923 0.2168 0.2007 0.1297 0.1732 0.1551 0.2183 0.6084 0.5617 0.1921 0.0464 0.0520 0.0365 0.0446 0.0254 0.0118 0.0207 0.0188 0.0090 0.0038 0.0071 0.0068 0.0105 0.0155 0.0187 0.0540 0.0741 0.0357 0.0319 0.0149 0.0132 0.0126 0.0128 0.0096 0.0177 0.0108 0.0091 0.0141 0.0095 0.0066 0.0140 0.0045 0.0175 0.0121 0.0099 0.0164 0.0132 0.0086 0.0105 0.0084 0.0113 0.0060 0.0098 0.0147 0.0064 0.0055 0.0070 0.0090 0.0060 0.0024 0.0025 
0.0253 0.0538 0.0529 0.0521 0.0718 0.1100 0.0859 0.0755 0.1097 0.2090 0.2111 0.0631 0.0781 0.0620 0.0326 0.0203 0.0186 0.0185 0.0138 0.0106 0.0115 0.0095 0.0076 0.0112 0.0055 0.0081 0.0061 0.0086 0.0177 0.0250 0.0190 0.0181 0.0099 0.0102 0.0060 0.0079 0.0119 0.0070 0.0065 0.0095 0.0079 0.0073 0.0053 0.0083 0.0073 0.0041 0.0022 0.0060 0.0068 0.0063 0.0041 0.0062 0.0050 0.0042 0.0056 0.0050 0.0029 0.0056 0.0032 0.0047 0.0039 0.0035 0.0033 0.0033 
0.0059 0.0675 0.0352 0.0361 0.0448 0.0358 0.0443 0.0415 0.0667 0.0675 0.0527 0.0419 0.0230 0.0113 0.0098 0.0108 0.0115 0.0077 0.0068 0.0110 0.0052 0.0054 0.0037 0.0037 0.0032 0.0029 0.0027 0.0035 0.0060 0.0058 0.0079 0.0080 0.0079 0.0049 0.0070 0.0035 0.0082 0.0035 0.0046 0.0053 0.0042 0.0043 0.0058 0.0041 0.0027 0.0044 0.0019 0.0037 0.0039 0.0030 0.0032 0.0046 0.0025 0.0021 0.0024 0.0018 0.0047 0.0031 0.0022 0.0034 0.0027 0.0031 0.0025 0.0027 
0.0028 0.0218 0.0165 0.0159 0.0144 0.0090 0.0058 0.0234 0.0115 0.0261 0.0288 0.0392 0.0136 0.0030 0.0052 0.0023 0.0043 0.0067 0.0047 0.0033 0.0021 0.0013 0.0034 0.0034 0.0028 0.0030 0.0031 0.0023 0.0024 0.0042 0.0052 0.0030 0.0025 0.0018 0.0018 0.0023 0.0035 0.0029 0.0017 0.0020 0.0028 0.0034 0.0018 0.0032 0.0025 0.0032 0.0027 0.0026 0.0034 0.0019 0.0029 0.0021 0.0038 0.0047 0.0044 0.0021 0.0012 0.0017 0.0020 0.0027 0.0015 0.0017 0.0010 0.0011 
0.0061 0.0373 0.0076 0.0093 0.0099 0.0070 0.0051 0.0169 0.0155 0.0110 0.0187 0.0086 0.0158 0.0068 0.0064 0.0028 0.0059 0.0043 0.0042 0.0029 0.0017 0.0024 0.0038 0.0025 0.0024 0.0018 0.0035 0.0049 0.0036 0.0023 0.0040 0.0030 0.0019 0.0051 0.0024 0.0025 0.0025 0.0028 0.0039 0.0008 0.0023 0.0018 0.0033 0.0021 0.0042 0.0045 0.0042 0.0016 0.0017 0.0047 0.0022 0.0025 0.0037 0.0015 0.0011 0.0020 0.0021 0.0015 0.0021 0.0022 0.0028 0.0011 0.0002 0.0007 
0.0043 0.0201 0.0092 0.0044 0.0046 0.0069 0.0024 0.0082 0.0099 0.0091 0.0035 0.0081 0.0013 0.0055 0.0005 0.0025 0.0017 0.0035 0.0041 0.0028 0.0038 0.0030 0.0022 0.0031 0.0017 0.0028 0.0018 0.0034 0.0042 0.0017 0.0031 0.0031 0.0020 0.0016 0.0013 0.0032 0.0045 0.0018 0.0032 0.0012 0.0024 0.0018 0.0021 0.0011 0.0019 0.0039 0.0022 0.0024 0.0024 0.0030 0.0009 0.0038 0.0018 0.0016 0.0025 0.0010 0.0023 0.0025 0.0022 0.0008 0.0014 0.0006 0.0007 0.0005 
0.0029 0.0114 0.0054 0.0054 0.0037 0.0058 0.0033 0.0048 0.0088 0.0086 0.0042 0.0118 0.0030 0.0029 0.0023 0.0034 0.0051 0.0019 0.0030 0.0030 0.0032 0.0020 0.0013 0.0031 0.0019 0.0028 0.0011 0.0007 0.0020 0.0021 0.0024 0.0027 0.0018 0.0024 0.0031 0.0029 0.0019 0.0021 0.0042 0.0024 0.0013 0.0015 0.0020 0.0029 0.0016 0.0012 0.0030 0.0017 0.0031 0.0022 0.0031 0.0012 0.0010 0.0017 0.0029 0.0007 0.0006 0.0019 0.0020 0.0012 0.0022 0.0005 0.0006 0.0004 
0.0013 0.0014 0.0036 0.0033 0.0018 0.0043 0.0030 0.0048 0.0061 0.0077 0.0059 0.0082 0.0051 0.0044 0.0026 0.0026 0.0032 0.0019 0.0027 0.0036 0.0017 0.0022 0.0023 0.0024 0.0021 0.0030 0.0027 0.0020 0.0025 0.0026 0.0016 0.0016 0.0021 0.0025 0.0030 0.0028 0.0013 0.0021 0.0011 0.0009 0.0018 0.0021 0.0028 0.0030 0.0039 0.0019 0.0029 0.0013 0.0034 0.0004 0.0028 0.0012 0.0030 0.0012 0.0019 0.0011 0.0014 0.0011 0.0009 0.0022 0.0011 0.0008 0.0004 0.0006 
0.0021 0.0028 0.0035 0.0051 0.0027 0.0041 0.0017 0.0080 0.0056 0.0044 0.0069 0.0061 0.0019 0.0046 0.0033 0.0047 0.0027 0.0036 0.0026 0.0045 0.0015 0.0011 0.0016 0.0029 0.0024 0.0026 0.0020 0.0025 0.0033 0.0025 0.0026 0.0024 0.0017 0.0034 0.0021 0.0024 0.0019 0.0024 0.0020 0.0028 0.0035 0.0016 0.0023 0.0027 0.0018 0.0020 0.0028 0.0021 0.0041 0.0009 0.0015 0.0013 0.0021 0.0019 0.0047 0.0022 0.0015 0.0026 0.0019 0.0020 0.0018 0.0010 0.0005 0.0004 
0.0012 0.0008 0.0010 0.0025 0.0029 0.0046 0.0030 0.0059 0.0031 0.0029 0.0034 0.0061 0.0033 0.0020 0.0032 0.0018 0.0039 0.0040 0.0028 0.0026 0.0010 0.0006 0.0020 0.0020 0.0010 0.0023 0.0015 0.0027 0.0011 0.0027 0.0016 0.0021 0.0011 0.0021 0.0030 0.0011 0.0004 0.0016 0.0023 0.0031 0.0010 0.0032 0.0032 0.0016 0.0015 0.0026 0.0020 0.0025 0.0012 0.0005 0.0018 0.0026 0.0014 0.0009 0.0019 0.0024 0.0012 0.0031 0.0022 0.0008 0.0014 0.0009 0.0006 0.0003 
0.0019 0.0024 0.0032 0.0031 0.0029 0.0059 0.0017 0.0032 0.0030 0.0069 0.0023 0.0049 0.0030 0.0032 0.0027 0.0027 0.0034 0.0053 0.0025 0.0019 0.0020 0.0020 0.0008 0.0021 0.0026 0.0010 0.0006 0.0019 0.0013 0.0024 0.0024 0.0018 0.0017 0.0033 0.0018 0.0029 0.0019 0.0016 0.0021 0.0037 0.0014 0.0023 0.0011 0.0023 0.0023 0.0011 0.0014 0.0033 0.0027 0.0025 0.0019 0.0018 0.0020 0.0017 0.0017 0.0016 0.0018 0.0021 0.0016 0.0018 0.0013 0.0007 0.0007 0.0006 
0.0013 0.0034 0.0025 0.0028 0.0021 0.0050 0.0016 0.0034 0.0036 0.0078 0.0039 0.0030 0.0036 0.0026 0.0033 0.0030 0.0036 0.0026 0.0020 0.0021 0.0027 0.0023 0.0024 0.0020 0.0032 0.0033 0.0010 0.0026 0.0023 0.0019 0.0025 0.0012 0.0015 0.0023 0.0023 0.0017 0.0017 0.0014 0.0033 0.0009 0.0039 0.0025 0.0021 0.0009 0.0032 0.0037 0.0018 0.0025 0.0047 0.0022 0.0025 0.0025 0.0025 0.0023 0.0020 0.0027 0.0017 0.0016 0.0007 0.0012 0.0012 0.0014 0.0003 0.0005 
0.0031 0.0077 0.0073 0.0052 0.0026 0.0029 0.0020 0.0030 0.0035 0.0058 0.0029 0.0011 0.0033 0.0035 0.0028 0.0018 0.0027 0.0023 0.0018 0.0005 0.0019 0.0012 0.0032 0.0033 0.0028 0.0018 0.0026 0.0010 0.0022 0.0028 0.0019 0.0029 0.0016 0.0036 0.0022 0.0012 0.0012 0.0020 0.0044 0.0011 0.0022 0.0018 0.0031 0.0013 0.0020 0.0030 0.0023 0.0009 0.0014 0.0021 0.0016 0.0022 0.0032 0.0026 0.0022 0.0042 0.0007 0.0023 0.0014 0.0016 0.0017 0.0011 0.0003 0.0004 
0.0005 0.0026 0.0031 0.0032 0.0032 0.0047 0.0030 0.0053 0.0034 0.0069 0.0033 0.0052 0.0029 0.0046 0.0020 0.0030 0.0016 0.0049 0.0029 0.0018 0.0021 0.0017 0.0018 0.0027 0.0026 0.0018 0.0024 0.0023 0.0017 0.0035 0.0034 0.0034 0.0013 0.0034 0.0012 0.0041 0.0022 0.0010 0.0021 0.0018 0.0018 0.0026 0.0017 0.0027 0.0024 0.0022 0.0016 0.0028 0.0031 0.0017 0.0031 0.0012 0.0016 0.0018 0.0007 0.0022 0.0017 0.0009 0.0007 0.0014 0.0018 0.0017 0.0004 0.0002 
0.0020 0.0031 0.0037 0.0030 0.0029 0.0042 0.0026 0.0051 0.0042 0.0040 0.0027 0.0045 0.0027 0.0034 0.0020 0.0024 0.0040 0.0030 0.0028 0.0024 0.0020 0.0008 0.0020 0.0019 0.0026 0.0039 0.0018 0.0027 0.0017 0.0013 0.0043 0.0021 0.0011 0.0026 0.0014 0.0025 0.0017 0.0010 0.0027 0.0022 0.0028 0.0016 0.0041 0.0024 0.0033 0.0030 0.0021 0.0015 0.0029 0.0035 0.0007 0.0035 0.0003 0.0015 0.0020 0.0017 0.0013 0.0010 0.0016 0.0028 0.0010 0.0008 0.0003 0.0007 
0.0024 0.0025 0.0028 0.0024 0.0028 0.0030 0.0028 0.0047 0.0026 0.0033 0.0019 0.0024 0.0011 0.0027 0.0023 0.0014 0.0029 0.0022 0.0027 0.0031 0.0022 0.0025 0.0021 0.0019 0.0039 0.0014 0.0021 0.0016 0.0034 0.0016 0.0022 0.0020 0.0016 0.0032 0.0023 0.0027 0.0026 0.0023 0.0019 0.0016 0.0028 0.0018 0.0027 0.0022 0.0012 0.0038 0.0026 0.0036 0.0029 0.0020 0.0020 0.0015 0.0011 0.0034 0.0023 0.0018 0.0013 0.0024 0.0020 0.0011 0.0017 0.0002 0.0004 0.0005 
0.0018 0.0022 0.0024 0.0027 0.0024 0.0050 0.0013 0.0050 0.0020 0.0072 0.0015 0.0047 0.0017 0.0026 0.0011 0.0013 0.0029 0.0038 0.0030 0.0026 0.0024 0.0010 0.0012 0.0031 0.0012 0.0027 0.0018 0.0033 0.0020 0.0031 0.0021 0.0036 0.0014 0.0025 0.0024 0.0018 0.0013 0.0029 0.0022 0.0039 0.0029 0.0030 0.0027 0.0013 0.0027 0.0017 0.0016 0.0032 0.0004 0.0019 0.0014 0.0012 0.0016 0.0022 0.0013 0.0021 0.0017 0.0015 0.0034 0.0020 0.0024 0.0009 0.0007 0.0002 
0.0023 0.0028 0.0056 0.0029 0.0023 0.0044 0.0021 0.0032 0.0030 0.0055 0.0026 0.0034 0.0033 0.0029 0.0033 0.0024 0.0017 0.0025 0.0011 0.0025 0.0016 0.0018 0.0015 0.0010 0.0015 0.0023 0.0016 0.0030 0.0023 0.0023 0.0021 0.0028 0.0026 0.0025 0.0016 0.0022 0.0040 0.0014 0.0004 0.0047 0.0012 0.0023 0.0012 0.0021 0.0016 0.0011 0.0018 0.0031 0.0048 0.0014 0.0015 0.0018 0.0017 0.0023 0.0015 0.0021 0.0021 0.0031 0.0025 0.0013 0.0015 0.0008 0.0003 0.0003 
0.0056 0.0012 0.0047 0.0027 0.0030 0.0036 0.0025 0.0038 0.0026 0.0038 0.0012 0.0022 0.0029 0.0030 0.0035 0.0031 0.0027 0.0029 0.0018 0.0031 0.0014 0.0017 0.0013 0.0009 0.0032 0.0014 0.0024 0.0022 0.0013 0.0024 0.0018 0.0019 0.0015 0.0033 0.0018 0.0021 0.0025 0.0018 0.0020 0.0018 0.0024 0.0024 0.0018 0.0028 0.0020 0.0015 0.0034 0.0012 0.0018 0.0026 0.0029 0.0017 0.0018 0.0014 0.0028 0.0011 0.0013 0.0023 0.0023 0.0026 0.0015 0.0006 0.0004 0.0004 
0.0035 0.0010 0.0008 0.0027 0.0017 0.0043 0.0028 0.0044 0.0027 0.0039 0.0033 0.0053 0.0022 0.0033 0.0034 0.0033 0.0009 0.0016 0.0045 0.0009 0.0013 0.0019 0.0011 0.0005 0.0038 0.0014 0.0021 0.0018 0.0016 0.0014 0.0026 0.0039 0.0023 0.0014 0.0018 0.0024 0.0018 0.0014 0.0010 0.0015 0.0021 0.0027 0.0016 0.0038 0.0032 0.0025 0.0012 0.0016 0.0041 0.0043 0.0022 0.0021 0.0022 0.0018 0.0026 0.0016 0.0017 0.0009 0.0016 0.0010 0.0021 0.0006 0.0005 0.0001 
0.0030 0.0035 0.0032 0.0034 0.0028 0.0051 0.0026 0.0038 0.0012 0.0058 0.0044 0.0054 0.0018 0.0033 0.0044 0.0036 0.0040 0.0013 0.0033 0.0006 0.0006 0.0018 0.0017 0.0033 0.0024 0.0023 0.0010 0.0014 0.0023 0.0028 0.0025 0.0009 0.0029 0.0013 0.0019 0.0030 0.0029 0.0014 0.0024 0.0024 0.0030 0.0030 0.0023 0.0025 0.0023 0.0033 0.0027 0.0022 0.0038 0.0036 0.0018 0.0018 0.0018 0.0014 0.0018 0.0027 0.0023 0.0013 0.0024 0.0033 0.0016 0.0009 0.0002 0.0003 
0.0017 0.0043 0.0027 0.0041 0.0032 0.0050 0.0020 0.0056 0.0010 0.0030 0.0040 0.0042 0.0023 0.0039 0.0023 0.0014 0.0023 0.0050 0.0037 0.0033 0.0027 0.0024 0.0031 0.0029 0.0033 0.0044 0.0016 0.0043 0.0015 0.0019 0.0015 0.0015 0.0013 0.0016 0.0015 0.0020 0.0023 0.0024 0.0024 0.0026 0.0020 0.0035 0.0016 0.0019 0.0004 0.0009 0.0032 0.0033 0.0021 0.0024 0.0024 0.0022 0.0030 0.0033 0.0028 0.0014 0.0013 0.0019 0.0011 0.0019 0.0013 0.0005 0.0002 0.0004 
0.0027 0.0010 0.0034 0.0024 0.0024 0.0046 0.0013 0.0032 0.0018 0.0029 0.0050 0.0030 0.0021 0.0028 0.0045 0.0016 0.0030 0.0030 0.0030 0.0033 0.0009 0.0024 0.0027 0.0022 0.0033 0.0037 0.0035 0.0038 0.0030 0.0023 0.0012 0.0026 0.0021 0.0031 0.0023 0.0012 0.0010 0.0024 0.0015 0.0037 0.0018 0.0027 0.0024 0.0014 0.0016 0.0014 0.0028 0.0012 0.0027 0.0013 0.0016 0.0024 0.0021 0.0010 0.0017 0.0020 0.0013 0.0006 0.0016 0.0015 0.0005 0.0003 0.0003 0.0002 
