0.0011 0.0017 0.0007 0.0016 0.0013 0.0035 0.0025 0.0049 0.0035 0.0047 0.0020 0.0045 0.0008 0.0026 0.0013 0.0029 0.0037 0.0022 0.0034 0.0019 0.0013 0.0012 0.0018 0.0011 0.0018 0.0026 0.0017 0.0024 0.0015 0.0024 0.0017 0.0023 0.0032 0.0018 0.0019 0.0035 0.0021 0.0017 0.0024 0.0019 0.0029 0.0006 0.0015 0.0021 0.0028 0.0010 0.0017 0.0025 0.0022 0.0022 0.0031 0.0019 0.0023 0.0018 0.0020 0.0014 0.0014 0.0011 0.0025 0.0027 0.0024 0.0008 0.0003 0.0005 
0.0016 0.0019 0.0031 0.0013 0.0024 0.0033 0.0022 0.0031 0.0018 0.0031 0.0049 0.0025 0.0007 0.0011 0.0027 0.0021 0.0026 0.0024 0.0027 0.0013 0.0015 0.0014 0.0014 0.0016 0.0024 0.0036 0.0026 0.0023 0.0012 0.0028 0.0025 0.0017 0.0010 0.0034 0.0017 0.0029 0.0009 0.0015 0.0032 0.0014 0.0009 0.0013 0.0023 0.0013 0.0013 0.0012 0.0022 0.0018 0.0019 0.0026 0.0033 0.0017 0.0028 0.0020 0.0034 0.0016 0.0024 0.0015 0.0021 0.0007 0.0008 0.0010 0.0003 0.0003 
0.0022 0.0014 0.0022 0.0045 0.0027 0.0042 0.0014 0.0043 0.0010 0.0034 0.0021 0.0042 0.0016 0.0010 0.0039 0.0012 0.0012 0.0024 0.0026 0.0015 0.0015 0.0020 0.0015 0.0011 0.0028 0.0013 0.0036 0.0024 0.0018 0.0022 0.0008 0.0016 0.0011 0.0032 0.0018 0.0026 0.0030 0.0025 0.0021 0.0013 0.0017 0.0022 0.0012 0.0012 0.0010 0.0024 0.0012 0.0022 0.0020 0.0016 0.0026 0.0012 0.0021 0.0010 0.0014 0.0017 0.0014 0.0021 0.0017 0.0015 0.0004 0.0010 0.0003 0.0005 
0.0008 0.0013 0.0019 0.0046 0.0050 0.0038 0.0017 0.0081 0.0031 0.0065 0.0024 0.0037 0.0036 0.0051 0.0022 0.0018 0.0023 0.0018 0.0034 0.0027 0.0029 0.0012 0.0015 0.0017 0.0018 0.0031 0.0022 0.0026 0.0022 0.0030 0.0027 0.0022 0.0023 0.0030 0.0021 0.0031 0.0024 0.0018 0.0039 0.0019 0.0019 0.0019 0.0021 0.0024 0.0020 0.0034 0.0040 0.0019 0.0031 0.0021 0.0018 0.0036 0.0032 0.0031 0.0017 0.0029 0.0015 0.0017 0.0018 0.0022 0.0007 0.0003 0.0005 0.0002 
0.0016 0.0029 0.0025 0.0029 0.0020 0.0034 0.0017 0.0014 0.0019 0.0048 0.0024 0.0031 0.0029 0.0020 0.0026 0.0029 0.0009 0.0018 0.0028 0.0018 0.0017 0.0029 0.0011 0.0018 0.0015 0.0019 0.0033 0.0023 0.0012 0.0011 0.0011 0.0020 0.0025 0.0032 0.0032 0.0023 0.0015 0.0016 0.0027 0.0029 0.0025 0.0027 0.0028 0.0022 0.0014 0.0015 0.0028 0.0026 0.0017 0.0029 0.0012 0.0018 0.0022 0.0016 0.0015 0.0021 0.0009 0.0021 0.0021 0.0030 0.0013 0.0015 0.0006 0.0003 
0.0004 0.0016 0.0027 0.0042 0.0019 0.0020 0.0023 0.0016 0.0018 0.0036 0.0033 0.0031 0.0028 0.0031 0.0029 0.0008 0.0027 0.0019 0.0018 0.0023 0.0030 0.0018 0.0018 0.0017 0.0025 0.0023 0.0018 0.0024 0.0015 0.0027 0.0024 0.0033 0.0021 0.0014 0.0018 0.0026 0.0012 0.0015 0.0024 0.0026 0.0045 0.0019 0.0012 0.0046 0.0018 0.0025 0.0026 0.0023 0.0029 0.0015 0.0013 0.0021 0.0024 0.0013 0.0019 0.0011 0.0028 0.0017 0.0018 0.0016 0.0021 0.0007 0.0006 0.0006 
0.0011 0.0029 0.0025 0.0020 0.0031 0.0035 0.0029 0.0036 0.0029 0.0051 0.0022 0.0038 0.0043 0.0033 0.0036 0.0014 0.0025 0.0015 0.0027 0.0011 0.0016 0.0022 0.0027 0.0024 0.0024 0.0034 0.0028 0.0018 0.0023 0.0016 0.0024 0.0022 0.0015 0.0035 0.0018 0.0015 0.0009 0.0029 0.0033 0.0024 0.0024 0.0007 0.0033 0.0013 0.0020 0.0017 0.0021 0.0012 0.0009 0.0027 0.0019 0.0017 0.0020 0.0018 0.0022 0.0005 0.0010 0.0018 0.0006 0.0023 0.0014 0.0007 0.0004 0.0002 
0.0027 0.0023 0.0033 0.0033 0.0024 0.0023 0.0015 0.0021 0.0019 0.0024 0.0052 0.0034 0.0016 0.0031 0.0024 0.0007 0.0016 0.0032 0.0019 0.0032 0.0017 0.0020 0.0015 0.0012 0.0021 0.0020 0.0014 0.0016 0.0025 0.0022 0.0025 0.0012 0.0015 0.0019 0.0019 0.0018 0.0028 0.0024 0.0025 0.0038 0.0014 0.0029 0.0023 0.0028 0.0025 0.0019 0.0022 0.0042 0.0019 0.0021 0.0014 0.0019 0.0014 0.0021 0.0029 0.0020 0.0018 0.0021 0.0024 0.0011 0.0007 0.0008 0.0003 0.0004 
0.0021 0.0012 0.0043 0.0025 0.0017 0.0021 0.0030 0.0034 0.0015 0.0026 0.0045 0.0038 0.0017 0.0032 0.0028 0.0015 0.0014 0.0023 0.0025 0.0022 0.0012 0.0026 0.0015 0.0024 0.0032 0.0023 0.0021 0.0018 0.0022 0.0022 0.0020 0.0028 0.0020 0.0020 0.0009 0.0030 0.0015 0.0032 0.0021 0.0027 0.0018 0.0024 0.0007 0.0020 0.0017 0.0032 0.0028 0.0018 0.0021 0.0012 0.0009 0.0019 0.0006 0.0021 0.0012 0.0021 0.0014 0.0030 0.0021 0.0012 0.0012 0.0010 0.0007 0.0002 
0.0014 0.0019 0.0026 0.0030 0.0011 0.0046 0.0029 0.0030 0.0012 0.0025 0.0027 0.0048 0.0018 0.0047 0.0015 0.0020 0.0032 0.0024 0.0022 0.0008 0.0016 0.0032 0.0021 0.0012 0.0023 0.0030 0.0015 0.0033 0.0015 0.0033 0.0024 0.0026 0.0008 0.0030 0.0036 0.0040 0.0030 0.0025 0.0031 0.0015 0.0016 0.0024 0.0018 0.0015 0.0030 0.0017 0.0026 0.0030 0.0046 0.0024 0.0020 0.0012 0.0020 0.0010 0.0032 0.0024 0.0012 0.0011 0.0024 0.0012 0.0018 0.0005 0.0004 0.0003 
0.0009 0.0034 0.0025 0.0024 0.0014 0.0040 0.0014 0.0027 0.0009 0.0028 0.0018 0.0039 0.0014 0.0028 0.0030 0.0023 0.0017 0.0017 0.0034 0.0024 0.0022 0.0021 0.0019 0.0028 0.0017 0.0015 0.0022 0.0021 0.0023 0.0018 0.0014 0.0029 0.0021 0.0025 0.0027 0.0027 0.0010 0.0022 0.0028 0.0029 0.0031 0.0021 0.0019 0.0033 0.0021 0.0024 0.0015 0.0014 0.0027 0.0038 0.0007 0.0011 0.0016 0.0026 0.0012 0.0026 0.0025 0.0019 0.0018 0.0015 0.0012 0.0010 0.0004 0.0003 
0.0013 0.0021 0.0030 0.0044 0.0030 0.0032 0.0010 0.0029 0.0027 0.0044 0.0046 0.0040 0.0022 0.0030 0.0035 0.0023 0.0024 0.0017 0.0029 0.0010 0.0030 0.0029 0.0016 0.0020 0.0034 0.0012 0.0025 0.0020 0.0023 0.0027 0.0010 0.0009 0.0013 0.0017 0.0022 0.0020 0.0029 0.0016 0.0028 0.0015 0.0013 0.0012 0.0027 0.0021 0.0009 0.0008 0.0021 0.0021 0.0022 0.0017 0.0017 0.0011 0.0017 0.0015 0.0010 0.0014 0.0017 0.0031 0.0018 0.0014 0.0013 0.0008 0.0005 0.0004 
0.0027 0.0025 0.0044 0.0027 0.0022 0.0033 0.0032 0.0049 0.0029 0.0054 0.0043 0.0045 0.0017 0.0013 0.0026 0.0020 0.0043 0.0026 0.0032 0.0028 0.0008 0.0030 0.0012 0.0019 0.0025 0.0008 0.0022 0.0033 0.0023 0.0011 0.0013 0.0018 0.0023 0.0012 0.0011 0.0027 0.0011 0.0012 0.0014 0.0026 0.0032 0.0040 0.0034 0.0055 0.0019 0.0021 0.0033 0.0026 0.0049 0.0036 0.0019 0.0019 0.0022 0.0020 0.0020 0.0021 0.0015 0.0009 0.0019 0.0020 0.0025 0.0009 0.0004 0.0007 
0.0011 0.0015 0.0020 0.0038 0.0028 0.0025 0.0022 0.0033 0.0017 0.0043 0.0025 0.0043 0.0012 0.0032 0.0020 0.0026 0.0025 0.0024 0.0034 0.0014 0.0014 0.0014 0.0020 0.0026 0.0018 0.0023 0.0019 0.0031 0.0019 0.0021 0.0020 0.0010 0.0016 0.0016 0.0012 0.0015 0.0027 0.0018 0.0017 0.0020 0.0028 0.0029 0.0015 0.0013 0.0028 0.0024 0.0023 0.0017 0.0043 0.0026 0.0020 0.0027 0.0013 0.0026 0.0016 0.0027 0.0024 0.0024 0.0011 0.0020 0.0019 0.0009 0.0006 0.0009 
0.0019 0.0011 0.0044 0.0035 0.0032 0.0017 0.0013 0.0034 0.0024 0.0040 0.0033 0.0033 0.0024 0.0039 0.0033 0.0018 0.0016 0.0014 0.0022 0.0020 0.0015 0.0027 0.0009 0.0017 0.0026 0.0013 0.0020 0.0020 0.0017 0.0023 0.0024 0.0020 0.0021 0.0012 0.0017 0.0015 0.0019 0.0025 0.0007 0.0028 0.0013 0.0016 0.0029 0.0017 0.0016 0.0034 0.0023 0.0023 0.0009 0.0033 0.0036 0.0025 0.0031 0.0036 0.0010 0.0017 0.0007 0.0013 0.0021 0.0018 0.0017 0.0013 0.0004 0.0003 
0.0030 0.0020 0.0046 0.0037 0.0052 0.0053 0.0064 0.0044 0.0086 0.0096 0.0200 0.0264 0.0367 0.0321 0.0185 0.0092 0.0098 0.0061 0.0043 0.0060 0.0035 0.0031 0.0020 0.0032 0.0015 0.0033 0.0037 0.0038 0.0027 0.0039 0.0015 0.0015 0.0020 0.0026 0.0032 0.0020 0.0031 0.0025 0.0027 0.0030 0.0027 0.0031 0.0016 0.0029 0.0025 0.0025 0.0036 0.0021 0.0031 0.0033 0.0044 0.0032 0.0033 0.0020 0.0031 0.0014 0.0025 0.0023 0.0017 0.0012 0.0024 0.0013 0.0007 0.0008 
0.0025 0.0014 0.0010 0.0012 0.0009 0.0018 0.0023 0.0018 0.0024 0.0043 0.0030 0.0047 0.0032 0.0010 0.0024 0.0026 0.0023 0.0013 0.0022 0.0013 0.0025 0.0011 0.0036 0.0025 0.0024 0.0037 0.0011 0.0018 0.0004 0.0020 0.0023 0.0019 0.0008 0.0021 0.0015 0.0009 0.0015 0.0044 0.0023 0.0036 0.0023 0.0009 0.0016 0.0033 0.0017 0.0015 0.0029 0.0017 0.0041 0.0013 0.0025 0.0027 0.0014 0.0013 0.0013 0.0012 0.0015 0.0020 0.0020 0.0011 0.0020 0.0009 0.0003 0.0005 
0.0032 0.0028 0.0025 0.0017 0.0045 0.0033 0.0014 0.0050 0.0033 0.0045 0.0032 0.0036 0.0021 0.0028 0.0025 0.0025 0.0038 0.0035 0.0022 0.0026 0.0026 0.0018 0.0013 0.0011 0.0014 0.0018 0.0016 0.0015 0.0038 0.0032 0.0014 0.0022 0.0012 0.0025 0.0010 0.0020 0.0017 0.0031 0.0022 0.0029 0.0027 0.0021 0.0016 0.0024 0.0020 0.0028 0.0026 0.0017 0.0037 0.0033 0.0022 0.0016 0.0007 0.0021 0.0006 0.0011 0.0018 0.0023 0.0018 0.0009 0.0015 0.0005 0.0002 0.0001 
0.0019 0.0020 0.0020 0.0031 0.0018 0.0032 0.0018 0.0016 0.0022 0.0020 0.0015 0.0046 0.0017 0.0026 0.0019 0.0019 0.0028 0.0015 0.0034 0.0011 0.0030 0.0023 0.0012 0.0022 0.0021 0.0034 0.0007 0.0014 0.0025 0.0013 0.0027 0.0013 0.0017 0.0010 0.0013 0.0016 0.0012 0.0016 0.0024 0.0026 0.0021 0.0014 0.0017 0.0025 0.0016 0.0018 0.0040 0.0019 0.0027 0.0020 0.0032 0.0021 0.0017 0.0017 0.0035 0.0015 0.0017 0.0013 0.0016 0.0012 0.0021 0.0012 0.0004 0.0003 
0.0016 0.0039 0.0019 0.0036 0.0021 0.0040 0.0022 0.0042 0.0012 0.0025 0.0036 0.0041 0.0037 0.0029 0.0030 0.0020 0.0019 0.0012 0.0017 0.0016 0.0015 0.0020 0.0021 0.0031 0.0029 0.0016 0.0007 0.0029 0.0032 0.0020 0.0009 0.0016 0.0017 0.0018 0.0011 0.0049 0.0017 0.0020 0.0019 0.0017 0.0028 0.0012 0.0017 0.0026 0.0022 0.0018 0.0013 0.0013 0.0042 0.0024 0.0016 0.0024 0.0011 0.0014 0.0013 0.0015 0.0028 0.0015 0.0006 0.0019 0.0007 0.0011 0.0001 0.0005 
0.0270 0.0486 0.0319 0.0140 0.0046 0.0058 0.0026 0.0050 0.0026 0.0045 0.0026 0.0047 0.0023 0.0034 0.0017 0.0013 0.0030 0.0009 0.0017 0.0013 0.0015 0.0025 0.0019 0.0017 0.0015 0.0022 0.0011 0.0024 0.0021 0.0017 0.0019 0.0016 0.0016 0.0021 0.0015 0.0023 0.0011 0.0025 0.0026 0.0029 0.0024 0.0025 0.0040 0.0030 0.0005 0.0020 0.0022 0.0012 0.0020 0.0021 0.0024 0.0011 0.0011 0.0042 0.0012 0.0014 0.0009 0.0020 0.0011 0.0020 0.0020 0.0008 0.0011 0.0006 
0.0159 0.1474 0.1415 0.0391 0.0291 0.0132 0.0066 0.0132 0.0041 0.0061 0.0110 0.0186 0.0106 0.0050 0.0042 0.0039 0.0025 0.0030 0.0039 0.0099 0.0031 0.0031 0.0022 0.0019 0.0048 0.0017 0.0028 0.0040 0.0019 0.0053 0.0031 0.0026 0.0025 0.0019 0.0054 0.0042 0.0028 0.0024 0.0035 0.0029 0.0016 0.0072 0.0056 0.0051 0.0021 0.0030 0.0020 0.0017 0.0047 0.0046 0.0042 0.0025 0.0025 0.0024 0.0033 0.0061 0.0026 0.0035 0.0054 0.0050 0.0027 0.0029 0.0009 0.0004 
0.0058 0.0787 0.1170 0.0408 0.0280 0.0104 0.0055 0.0107 0.0036 0.0109 0.0114 0.0193 0.0097 0.0109 0.0037 0.0029 0.0057 0.0036 0.0071 0.0092 0.0049 0.0032 0.0025 0.0037 0.0025 0.0014 0.0029 0.0031 0.0037 0.0030 0.0028 0.0035 0.0020 0.0018 0.0034 0.0014 0.0035 0.0034 0.0013 0.0015 0.0064 0.0081 0.0045 0.0060 0.0039 0.0037 0.0024 0.0024 0.0019 0.0038 0.0025 0.0034 0.0019 0.0050 0.0034 0.0024 0.0017 0.0022 0.0037 0.0022 0.0037 0.0021 0.0006 0.0003 
0.0038 0.0530 0.0947 0.0153 0.0204 0.0117 0.0011 0.0046 0.0040 0.0042 0.0103 0.0285 0.0129 0.0105 0.0047 0.0028 0.0037 0.0021 0.0042 0.0021 0.0028 0.0014 0.0019 0.0015 0.0016 0.0022 0.0023 0.0029 0.0014 0.0023 0.0030 0.0019 0.0051 0.0028 0.0018 0.0035 0.0027 0.0023 0.0030 0.0037 0.0036 0.0013 0.0044 0.0008 0.0022 0.0022 0.0031 0.0048 0.0018 0.0038 0.0011 0.0023 0.0038 0.0013 0.0035 0.0029 0.0017 0.0029 0.0024 0.0033 0.0021 0.0004 0.0003 0.0002 
0.0084 0.0867 0.1535 0.0694 0.0910 0.0436 0.0521 0.0646 0.0551 0.0544 0.0918 0.1306 0.1417 0.1580 0.0957 0.1506 0.1639 0.0495 0.0434 0.0144 0.0289 0.0578 0.0453 0.0353 0.0343 0.0049 0.0156 0.0068 0.0185 0.0196 0.0113 0.0223 0.0197 0.0088 0.0101 0.0066 0.0104 0.0076 0.0050 0.0098 0.0065 0.0127 0.0095 0.0120 0.0054 0.0106 0.0135 0.0101 0.0068 0.0043 0.0081 0.0250 0.0152 0.0129 0.0113 0.0144 0.0168 0.0142 0.0184 0.0062 0.0056 0.0044 0.0019 0.0016 
0.0012 0.0667 0.1075 0.0793 0.0632 0.0052 0.0174 0.0494 0.0479 0.0505 0.1393 0.1906 0.2716 0.1595 0.0900 0.0864 0.0729 0.0607 0.0580 0.0277 0.0133 0.0231 0.0281 0.0178 0.0164 0.0189 0.0188 0.0163 0.0195 0.0174 0.0144 0.0156 0.0216 0.0161 0.0186 0.0181 0.0117 0.0181 0.0221 0.0157 0.0059 0.0118 0.0096 0.0086 0.0083 0.0051 0.0107 0.0076 0.0111 0.0096 0.0141 0.0148 0.0063 0.0126 0.0108 0.0100 0.0081 0.0076 0.0079 0.0107 0.0092 0.0014 0.0007 0.0004 
0.0036 0.0704 0.0859 0.0640 0.0388 0.0119 0.0120 0.0537 0.0567 0.0636 0.1569 0.1479 0.1640 0.1469 0.0689 0.0703 0.0936 0.0446 0.0217 0.0117 0.0134 0.0068 0.0095 0.0091 0.0083 0.0178 0.0149 0.0153 0.0129 0.0045 0.0056 0.0072 0.0069 0.0056 0.0090 0.0084 0.0075 0.0029 0.0055 0.0124 0.0092 0.0054 0.0141 0.0067 0.0030 0.0090 0.0064 0.0059 0.0085 0.0063 0.0090 0.0103 0.0083 0.0060 0.0047 0.0074 0.0055 0.0072 0.0032 0.0034 0.0067 0.0038 0.0007 0.0006 
0.0220 0.0844 0.1244 0.0857 0.0685 0.0359 0.0571 0.0973 0.0994 0.1571 0.3268 0.2338 0.1626 0.1380 0.1071 0.0854 0.1097 0.1060 0.0790 0.0492 0.0411 0.0416 0.0309 0.0293 0.0307 0.0193 0.0210 0.0346 0.0279 0.0275 0.0278 0.0262 0.0271 0.0231 0.0246 0.0320 0.0194 0.0174 0.0304 0.0194 0.0147 0.0196 0.0184 0.0190 0.0196 0.0125 0.0138 0.0023 0.0037 0.0137 0.0151 0.0128 0.0074 0.0050 0.0081 0.0161 0.0108 0.0106 0.0063 0.0099 0.0051 0.0059 0.0054 0.0051 
0.0789 0.1430 0.2337 0.3091 0.3911 0.2234 0.1471 0.2446 0.2702 0.2055 0.6450 0.7001 0.3916 0.2138 0.1939 0.2045 0.2077 0.2312 0.1852 0.2238 0.2091 0.2822 0.2269 0.1323 0.1148 0.2043 0.1603 0.1523 0.1523 0.1961 0.1619 0.0825 0.1378 0.1094 0.1332 0.1362 0.0881 0.1041 0.0978 0.1174 0.1130 0.0975 0.1354 0.0986 0.0918 0.0999 0.0935 0.0896 0.0688 0.0502 0.0902 0.0867 0.0835 0.0720 0.0764 0.0695 0.0633 0.0711 0.0752 0.0498 0.0411 0.0268 0.0206 0.0154 
0.0478 0.1005 0.2058 0.2531 0.6862 0.2256 0.2592 0.1844 0.1988 0.4471 0.9410 0.3480 0.4677 0.4214 0.1604 0.1327 0.2390 0.3664 0.3934 0.5158 0.4502 0.4351 0.3288 0.1317 0.1464 0.1671 0.4332 0.2211 0.1181 0.1792 0.1846 0.1321 0.1294 0.2284 0.1294 0.2123 0.2705 0.1602 0.1462 0.0812 0.1572 0.1647 0.1281 0.0701 0.1274 0.1330 0.1550 0.1052 0.0463 0.0568 0.0929 0.0623 0.1055 0.1019 0.0294 0.0568 0.0659 0.1052 0.1064 0.0779 0.0519 0.0512 0.0213 0.0131 
0.0286 0.1106 0.1864 0.1399 0.4762 0.4608 0.6188 0.1877 0.3002 0.6545 1.2250 0.5405 0.3995 0.2916 0.2193 0.3015 0.2403 0.2191 0.2305 0.2198 0.3490 0.4901 0.2318 0.2318 0.1891 0.4316 0.4256 0.3195 0.3017 0.1524 0.1879 0.0792 0.1105 0.0905 0.0992 0.1828 0.3074 0.2176 0.1772 0.1620 0.0877 0.1424 0.2128 0.1390 0.1458 0.0842 0.0774 0.0893 0.0743 0.1113 0.0965 0.0721 0.0800 0.1029 0.0800 0.0281 0.0523 0.0652 0.0786 0.0720 0.0287 0.0117 0.0040 0.0039 
0.0896 0.1085 0.1425 0.1976 0.3082 0.5091 0.4793 0.2729 0.1824 0.5933 0.7785 0.4365 0.2101 0.2033 0.2179 0.2325 0.3006 0.1411 0.2525 0.1882 0.2896 0.4048 0.3042 0.1893 0.1139 0.2777 0.3545 0.3806 0.2184 0.1990 0.1618 0.1438 0.1328 0.1927 0.1733 0.1096 0.1096 0.1685 0.1176 0.1194 0.0947 0.2184 0.2438 0.1396 0.1635 0.1311 0.0644 0.1581 0.1377 0.0484 0.0265 0.0440 0.0634 0.0915 0.1275 0.0887 0.0330 0.0654 0.0767 0.0722 0.0801 0.0296 0.0208 0.0150 
0.0207 0.1188 0.1300 0.0819 0.3825 0.1972 0.6262 0.3124 0.2354 0.8113 1.1235 0.3009 0.2065 0.2757 0.2260 0.1811 0.3726 0.3379 0.1267 0.1744 0.2587 0.2789 0.3618 0.3745 0.2035 0.1593 0.5909 0.4454 0.3008 0.2911 0.2713 0.0876 0.1260 0.1271 0.1014 0.0609 0.0836 0.1289 0.0627 0.0856 0.1904 0.1404 0.2607 0.3305 0.1533 0.1711 0.2318 0.1399 0.1278 0.1417 0.0690 0.0426 0.0330 0.0691 0.0689 0.0765 0.0458 0.0575 0.0511 0.1045 0.1473 0.0559 0.0385 0.0321 
0.0504 0.1325 0.1423 0.1374 0.2607 0.3781 0.3906 0.3038 0.1910 0.7037 0.6328 0.5699 0.3768 0.0802 0.2268 0.1496 0.1516 0.2030 0.2498 0.1138 0.0887 0.2769 0.3612 0.2378 0.1797 0.2299 0.2330 0.4317 0.3701 0.2663 0.1618 0.0633 0.1160 0.0695 0.0737 0.0944 0.0416 0.0486 0.1135 0.0995 0.1249 0.1463 0.1789 0.2051 0.1643 0.1390 0.1279 0.1052 0.1842 0.1195 0.0663 0.0570 0.0333 0.0340 0.0122 0.0443 0.0502 0.0811 0.0666 0.0918 0.0753 0.0457 0.0147 0.0158 
0.0524 0.1236 0.1564 0.2468 0.3387 0.3287 0.2868 0.3922 0.1442 0.6191 0.7070 0.5103 0.4778 0.1860 0.1731 0.1385 0.1022 0.3429 0.2296 0.2162 0.1948 0.1465 0.2294 0.2371 0.1671 0.1990 0.1827 0.3705 0.4387 0.4469 0.3372 0.2306 0.0796 0.1744 0.1567 0.0788 0.0961 0.0679 0.0727 0.1210 0.0351 0.0699 0.1289 0.1126 0.1479 0.1773 0.1271 0.1348 0.1335 0.1360 0.1607 0.1737 0.0882 0.0564 0.0675 0.0692 0.0659 0.0254 0.0209 0.0421 0.0491 0.0318 0.0071 0.0111 
0.0578 0.1057 0.1683 0.0918 0.3780 0.2432 0.2016 0.4653 0.0898 0.4410 0.5835 1.0717 0.1822 0.1320 0.2221 0.1577 0.0936 0.1658 0.2019 0.1348 0.1111 0.1177 0.2099 0.2214 0.1903 0.1753 0.2594 0.2825 0.1669 0.3512 0.3276 0.1891 0.1901 0.2250 0.1674 0.0838 0.0925 0.0816 0.1553 0.0935 0.0727 0.0915 0.1228 0.0735 0.0845 0.1439 0.0783 0.1291 0.1302 0.1426 0.0817 0.0683 0.1163 0.0957 0.0783 0.0472 0.0670 0.0509 0.0531 0.0470 0.0376 0.0258 0.0124 0.0113 
0.0128 0.0919 0.1184 0.1232 0.2232 0.2320 0.3158 0.3306 0.0478 0.2534 0.7648 0.9657 0.4906 0.1910 0.1396 0.1265 0.0431 0.1005 0.1362 0.1663 0.0957 0.0872 0.1243 0.1395 0.1759 0.1462 0.2031 0.3088 0.3060 0.1964 0.1812 0.1621 0.1914 0.1524 0.1427 0.1161 0.0746 0.0350 0.1191 0.0883 0.0497 0.0901 0.0956 0.1312 0.1586 0.1672 0.1581 0.1763 0.1796 0.1780 0.1395 0.1259 0.1396 0.1304 0.1134 0.0704 0.0696 0.0561 0.0714 0.0571 0.0469 0.0277 0.0070 0.0085 
0.0255 0.0813 0.0862 0.1400 0.2408 0.1613 0.3868 0.2544 0.1082 0.3307 0.7427 0.7736 0.6235 0.1636 0.1475 0.1155 0.0418 0.0469 0.0767 0.1354 0.1593 0.1731 0.1772 0.1640 0.2041 0.2016 0.1798 0.2399 0.2969 0.2345 0.2144 0.1615 0.1569 0.1710 0.1440 0.0924 0.0723 0.0456 0.0802 0.0745 0.0724 0.1006 0.0953 0.0767 0.0844 0.0854 0.0723 0.0753 0.0623 0.0515 0.0665 0.0572 0.0499 0.0714 0.0728 0.0595 0.0458 0.0332 0.0315 0.0401 0.0341 0.0202 0.0026 0.0031 
0.0157 0.0643 0.0707 0.1344 0.2697 0.2694 0.2467 0.3384 0.2708 0.4004 0.7134 0.5939 0.6503 0.3841 0.1728 0.0431 0.0654 0.0378 0.0639 0.1076 0.1324 0.1704 0.2321 0.2039 0.1173 0.1109 0.2044 0.2244 0.1783 0.1582 0.1728 0.2207 0.1760 0.1079 0.0932 0.1488 0.1560 0.1019 0.0640 0.0521 0.0577 0.0458 0.0730 0.0814 0.0836 0.1017 0.1004 0.0861 0.0789 0.0742 0.0728 0.0786 0.0836 0.0735 0.0461 0.0340 0.0472 0.0532 0.0618 0.0711 0.0522 0.0178 0.0062 0.0101 
0.0336 0.0711 0.0772 0.1270 0.1942 0.1609 0.2229 0.3763 0.1363 0.2691 0.5847 0.6153 0.4712 0.2419 0.0839 0.1395 0.1153 0.0308 0.0864 0.0821 0.0812 0.0952 0.0814 0.0840 0.0994 0.0783 0.0567 0.0836 0.0765 0.0840 0.0927 0.0719 0.0572 0.0765 0.0503 0.0304 0.0476 0.0476 0.0167 0.0179 0.0352 0.0184 0.0660 0.0206 0.0185 0.0410 0.0276 0.0279 0.0324 0.0448 0.0133 0.0395 0.0264 0.0185 0.0450 0.0396 0.0202 0.0269 0.0389 0.0133 0.0162 0.0178 0.0131 0.0144 
0.0181 0.0695 0.0737 0.1069 0.1482 0.1080 0.1990 0.1959 0.1167 0.3086 0.5760 0.5757 0.2330 0.1826 0.0724 0.0697 0.0291 0.0414 0.0260 0.0366 0.0262 0.0246 0.0197 0.0182 0.0304 0.0199 0.0271 0.0193 0.0334 0.0368 0.0604 0.0419 0.0362 0.0338 0.0358 0.0210 0.0111 0.0259 0.0284 0.0321 0.0336 0.0402 0.0286 0.0404 0.0248 0.0209 0.0219 0.0080 0.0094 0.0154 0.0158 0.0114 0.0063 0.0100 0.0110 0.0151 0.0151 0.0123 0.0052 0.0113 0.0134 0.0054 0.0033 0.0030 
0.0183 0.0692 0.0600 0.0914 0.0780 0.0612 0.0994 0.1067 0.1123 0.2557 0.3163 0.2735 0.1592 0.1130 0.0341 0.0314 0.0238 0.0204 0.0134 0.0170 0.0088 0.0079 0.0028 0.0061 0.0128 0.0126 0.0085 0.0167 0.0255 0.0352 0.0340 0.0318 0.0049 0.0119 0.0121 0.0106 0.0087 0.0088 0.0135 0.0170 0.0188 0.0134 0.0117 0.0099 0.0088 0.0179 0.0101 0.0134 0.0051 0.0082 0.0141 0.0056 0.0056 0.0095 0.0093 0.0093 0.0053 0.0071 0.0112 0.0044 0.0063 0.0035 0.0021 0.0019 
0.0347 0.0794 0.0359 0.0239 0.0308 0.0837 0.0753 0.0745 0.1000 0.1258 0.1161 0.2045 0.0971 0.0453 0.0366 0.0316 0.0128 0.0173 0.0185 0.0060 0.0087 0.0069 0.0034 0.0060 0.0064 0.0063 0.0081 0.0147 0.0068 0.0094 0.0144 0.0169 0.0065 0.0060 0.0033 0.0032 0.0026 0.0044 0.0055 0.0075 0.0057 0.0118 0.0066 0.0052 0.0093 0.0051 0.0075 0.0063 0.0059 0.0052 0.0075 0.0043 0.0047 0.0023 0.0038 0.0021 0.0039 0.0051 0.0067 0.0017 0.0018 0.0019 0.0020 0.0024 
0.0266 0.0625 0.0254 0.0310 0.0340 0.0221 0.0250 0.0346 0.0468 0.0898 0.0471 0.0551 0.0119 0.0080 0.0146 0.0058 0.0093 0.0102 0.0046 0.0081 0.0028 0.0031 0.0041 0.0061 0.0040 0.0047 0.0052 0.0057 0.0080 0.0049 0.0042 0.0048 0.0043 0.0036 0.0035 0.0033 0.0033 0.0008 0.0015 0.0042 0.0046 0.0034 0.0046 0.0011 0.0037 0.0048 0.0036 0.0040 0.0041 0.0013 0.0034 0.0031 0.0023 0.0032 0.0020 0.0017 0.0028 0.0013 0.0031 0.0019 0.0026 0.0018 0.0014 0.0011 
0.0217 0.0583 0.0151 0.0133 0.0136 0.0200 0.0322 0.0141 0.0114 0.0329 0.0156 0.0151 0.0106 0.0089 0.0076 0.0049 0.0041 0.0015 0.0040 0.0044 0.0066 0.0034 0.0019 0.0028 0.0041 0.0052 0.0033 0.0055 0.0041 0.0035 0.0027 0.0035 0.0029 0.0010 0.0030 0.0033 0.0027 0.0029 0.0023 0.0040 0.0057 0.0032 0.0047 0.0052 0.0042 0.0043 0.0031 0.0040 0.0032 0.0055 0.0030 0.0024 0.0039 0.0028 0.0042 0.0017 0.0022 0.0034 0.0018 0.0028 0.0022 0.0022 0.0014 0.0014 
0.0155 0.0435 0.0087 0.0100 0.0148 0.0084 0.0087 0.0059 0.0096 0.0107 0.0110 0.0130 0.0086 0.0037 0.0031 0.0031 0.0029 0.0027 0.0024 0.0033 0.0023 0.0028 0.0061 0.0028 0.0051 0.0052 0.0021 0.0010 0.0036 0.0029 0.0030 0.0017 0.0024 0.0034 0.0026 0.0024 0.0028 0.0009 0.0029 0.0040 0.0040 0.0043 0.0042 0.0022 0.0049 0.0024 0.0022 0.0038 0.0059 0.0019 0.0037 0.0021 0.0022 0.0039 0.0030 0.0015 0.0021 0.0017 0.0022 0.0015 0.0035 0.0020 0.0005 0.0009 
0.0086 0.0284 0.0082 0.0074 0.0095 0.0077 0.0094 0.0118 0.0057 0.0070 0.0038 0.0107 0.0039 0.0030 0.0056 0.0024 0.0031 0.0034 0.0038 0.0044 0.0033 0.0044 0.0032 0.0046 0.0055 0.0079 0.0037 0.0011 0.0016 0.0029 0.0053 0.0049 0.0030 0.0024 0.0012 0.0021 0.0032 0.0028 0.0051 0.0022 0.0031 0.0035 0.0023 0.0018 0.0025 0.0021 0.0044 0.0030 0.0053 0.0024 0.0022 0.0015 0.0026 0.0049 0.0021 0.0012 0.0011 0.0030 0.0019 0.0020 0.0031 0.0006 0.0004 0.0003 
0.0056 0.0147 0.0062 0.0049 0.0054 0.0030 0.0039 0.0047 0.0037 0.0130 0.0042 0.0109 0.0067 0.0017 0.0025 0.0022 0.0039 0.0043 0.0035 0.0031 0.0032 0.0014 0.0031 0.0018 0.0046 0.0033 0.0023 0.0025 0.0024 0.0032 0.0024 0.0027 0.0031 0.0016 0.0019 0.0022 0.0026 0.0026 0.0047 0.0019 0.0016 0.0026 0.0040 0.0029 0.0037 0.0034 0.0039 0.0034 0.0013 0.0019 0.0034 0.0025 0.0059 0.0010 0.0033 0.0017 0.0031 0.0018 0.0028 0.0019 0.0022 0.0004 0.0004 0.0004 
0.0012 0.0051 0.0047 0.0060 0.0045 0.0024 0.0048 0.0043 0.0034 0.0065 0.0054 0.0059 0.0027 0.0012 0.0023 0.0020 0.0016 0.0030 0.0025 0.0011 0.0025 0.0016 0.0019 0.0036 0.0051 0.0016 0.0023 0.0023 0.0035 0.0029 0.0031 0.0023 0.0033 0.0020 0.0023 0.0018 0.0017 0.0016 0.0022 0.0014 0.0037 0.0018 0.0027 0.0022 0.0048 0.0031 0.0037 0.0031 0.0029 0.0010 0.0023 0.0020 0.0017 0.0009 0.0023 0.0024 0.0020 0.0012 0.0019 0.0017 0.0015 0.0016 0.0004 0.0003 
0.0016 0.0035 0.0058 0.0043 0.0019 0.0042 0.0030 0.0056 0.0013 0.0073 0.0050 0.0057 0.0029 0.0055 0.0036 0.0033 0.0033 0.0026 0.0039 0.0014 0.0022 0.0023 0.0043 0.0020 0.0042 0.0030 0.0021 0.0032 0.0028 0.0012 0.0011 0.0011 0.0027 0.0039 0.0022 0.0018 0.0015 0.0020 0.0032 0.0029 0.0012 0.0042 0.0024 0.0016 0.0008 0.0012 0.0030 0.0032 0.0037 0.0016 0.0022 0.0025 0.0024 0.0015 0.0018 0.0015 0.0022 0.0020 0.0018 0.0025 0.0018 0.0005 0.0002 0.0005 
0.0011 0.0034 0.0049 0.0065 0.0015 0.0025 0.0032 0.0069 0.0018 0.0076 0.0045 0.0051 0.0036 0.0040 0.0022 0.0029 0.0010 0.0035 0.0033 0.0013 0.0012 0.0032 0.0025 0.0024 0.0021 0.0019 0.0025 0.0020 0.0017 0.0014 0.0051 0.0012 0.0020 0.0028 0.0027 0.0030 0.0045 0.0024 0.0032 0.0038 0.0022 0.0019 0.0021 0.0030 0.0044 0.0017 0.0037 0.0025 0.0034 0.0033 0.0018 0.0011 0.0017 0.0024 0.0009 0.0016 0.0009 0.0020 0.0009 0.0011 0.0018 0.0011 0.0004 0.0006 
0.0034 0.0033 0.0036 0.0037 0.0030 0.0031 0.0034 0.0064 0.0026 0.0061 0.0029 0.0075 0.0018 0.0041 0.0021 0.0029 0.0034 0.0019 0.0037 0.0027 0.0040 0.0029 0.0022 0.0018 0.0028 0.0024 0.0040 0.0030 0.0011 0.0011 0.0026 0.0024 0.0021 0.0038 0.0016 0.0035 0.0012 0.0022 0.0017 0.0016 0.0022 0.0028 0.0033 0.0025 0.0028 0.0023 0.0018 0.0015 0.0007 0.0023 0.0021 0.0036 0.0004 0.0021 0.0035 0.0014 0.0020 0.0032 0.0018 0.0010 0.0025 0.0011 0.0007 0.0005 
0.0036 0.0008 0.0056 0.0022 0.0012 0.0049 0.0017 0.0020 0.0039 0.0058 0.0039 0.0019 0.0022 0.0044 0.0049 0.0015 0.0024 0.0028 0.0016 0.0020 0.0021 0.0016 0.0026 0.0020 0.0033 0.0025 0.0033 0.0028 0.0016 0.0011 0.0022 0.0036 0.0016 0.0034 0.0018 0.0020 0.0027 0.0017 0.0022 0.0012 0.0031 0.0025 0.0036 0.0026 0.0018 0.0045 0.0039 0.0033 0.0018 0.0024 0.0024 0.0011 0.0012 0.0020 0.0028 0.0017 0.0024 0.0004 0.0011 0.0023 0.0022 0.0025 0.0009 0.0007 
0.0017 0.0036 0.0033 0.0020 0.0047 0.0033 0.0007 0.0037 0.0035 0.0042 0.0018 0.0050 0.0055 0.0036 0.0031 0.0045 0.0023 0.0032 0.0028 0.0026 0.0028 0.0027 0.0027 0.0018 0.0024 0.0045 0.0023 0.0026 0.0013 0.0029 0.0011 0.0011 0.0029 0.0017 0.0009 0.0019 0.0029 0.0026 0.0033 0.0041 0.0028 0.0018 0.0029 0.0024 0.0023 0.0032 0.0040 0.0030 0.0018 0.0015 0.0004 0.0011 0.0013 0.0026 0.0019 0.0019 0.0037 0.0019 0.0016 0.0019 0.0021 0.0010 0.0005 0.0004 
0.0024 0.0036 0.0029 0.0037 0.0011 0.0044 0.0035 0.0032 0.0048 0.0047 0.0019 0.0058 0.0028 0.0034 0.0033 0.0035 0.0013 0.0032 0.0013 0.0021 0.0024 0.0020 0.0016 0.0021 0.0018 0.0029 0.0041 0.0012 0.0019 0.0013 0.0021 0.0013 0.0019 0.0014 0.0029 0.0024 0.0014 0.0017 0.0030 0.0026 0.0020 0.0036 0.0013 0.0019 0.0028 0.0056 0.0044 0.0051 0.0015 0.0023 0.0018 0.0026 0.0027 0.0029 0.0025 0.0020 0.0011 0.0012 0.0028 0.0031 0.0011 0.0002 0.0008 0.0002 
0.0025 0.0032 0.0036 0.0052 0.0027 0.0056 0.0017 0.0062 0.0043 0.0019 0.0030 0.0054 0.0017 0.0047 0.0027 0.0043 0.0012 0.0017 0.0042 0.0024 0.0018 0.0035 0.0010 0.0015 0.0017 0.0027 0.0024 0.0019 0.0024 0.0005 0.0014 0.0015 0.0023 0.0045 0.0017 0.0037 0.0025 0.0025 0.0018 0.0017 0.0026 0.0012 0.0025 0.0018 0.0011 0.0024 0.0031 0.0029 0.0023 0.0031 0.0026 0.0013 0.0028 0.0024 0.0027 0.0036 0.0013 0.0012 0.0017 0.0018 0.0024 0.0004 0.0005 0.0003 
0.0013 0.0019 0.0017 0.0031 0.0031 0.0044 0.0028 0.0018 0.0017 0.0022 0.0021 0.0037 0.0013 0.0021 0.0012 0.0032 0.0007 0.0032 0.0014 0.0011 0.0046 0.0021 0.0023 0.0019 0.0025 0.0030 0.0019 0.0020 0.0014 0.0016 0.0025 0.0033 0.0017 0.0037 0.0020 0.0026 0.0030 0.0018 0.0032 0.0038 0.0040 0.0032 0.0005 0.0020 0.0037 0.0031 0.0034 0.0014 0.0026 0.0028 0.0010 0.0023 0.0030 0.0043 0.0021 0.0028 0.0022 0.0011 0.0030 0.0018 0.0008 0.0014 0.0006 0.0009 
0.0017 0.0023 0.0019 0.0027 0.0014 0.0044 0.0025 0.0036 0.0027 0.0033 0.0024 0.0056 0.0024 0.0047 0.0033 0.0018 0.0020 0.0019 0.0028 0.0017 0.0022 0.0041 0.0022 0.0031 0.0023 0.0032 0.0018 0.0026 0.0022 0.0012 0.0028 0.0020 0.0015 0.0024 0.0035 0.0028 0.0017 0.0023 0.0035 0.0025 0.0026 0.0015 0.0032 0.0019 0.0043 0.0027 0.0015 0.0025 0.0037 0.0040 0.0012 0.0027 0.0026 0.0029 0.0029 0.0020 0.0014 0.0027 0.0012 0.0019 0.0015 0.0013 0.0011 0.0005 
0.0015 0.0045 0.0059 0.0019 0.0026 0.0033 0.0024 0.0039 0.0048 0.0034 0.0052 0.0051 0.0015 0.0028 0.0020 0.0020 0.0025 0.0013 0.0013 0.0013 0.0021 0.0012 0.0020 0.0039 0.0042 0.0027 0.0032 0.0033 0.0027 0.0018 0.0015 0.0013 0.0042 0.0020 0.0035 0.0006 0.0034 0.0022 0.0022 0.0043 0.0031 0.0025 0.0024 0.0013 0.0047 0.0018 0.0021 0.0012 0.0022 0.0032 0.0035 0.0028 0.0020 0.0046 0.0030 0.0018 0.0043 0.0012 0.0019 0.0018 0.0018 0.0007 0.0007 0.0005 
0.0013 0.0056 0.0033 0.0034 0.0012 0.0020 0.0021 0.0052 0.0020 0.0071 0.0016 0.0062 0.0032 0.0039 0.0022 0.0027 0.0011 0.0032 0.0023 0.0019 0.0025 0.0014 0.0022 0.0023 0.0033 0.0018 0.0010 0.0039 0.0021 0.0021 0.0020 0.0024 0.0036 0.0031 0.0029 0.0014 0.0020 0.0019 0.0009 0.0017 0.0013 0.0018 0.0024 0.0033 0.0019 0.0017 0.0015 0.0011 0.0026 0.0048 0.0017 0.0010 0.0016 0.0015 0.0012 0.0018 0.0016 0.0016 0.0024 0.0020 0.0017 0.0013 0.0003 0.0003 
0.0017 0.0032 0.0039 0.0047 0.0052 0.0074 0.0055 0.0054 0.0030 0.0078 0.0033 0.0035 0.0012 0.0027 0.0037 0.0061 0.0041 0.0020 0.0031 0.0032 0.0021 0.0016 0.0023 0.0013 0.0017 0.0032 0.0042 0.0019 0.0016 0.0015 0.0018 0.0029 0.0019 0.0009 0.0035 0.0028 0.0026 0.0021 0.0012 0.0016 0.0024 0.0017 0.0025 0.0024 0.0045 0.0028 0.0039 0.0026 0.0046 0.0031 0.0022 0.0035 0.0021 0.0020 0.0027 0.0013 0.0011 0.0014 0.0013 0.0013 0.0029 0.0013 0.0006 0.0005 
0.0020 0.0006 0.0034 0.0027 0.0028 0.0047 0.0024 0.0046 0.0017 0.0063 0.0039 0.0045 0.0024 0.0033 0.0030 0.0024 0.0024 0.0010 0.0026 0.0013 0.0021 0.0023 0.0018 0.0015 0.0024 0.0027 0.0032 0.0037 0.0017 0.0030 0.0037 0.0026 0.0026 0.0021 0.0020 0.0010 0.0016 0.0040 0.0036 0.0031 0.0011 0.0017 0.0033 0.0020 0.0025 0.0012 0.0015 0.0034 0.0023 0.0026 0.0030 0.0023 0.0033 0.0022 0.0016 0.0017 0.0017 0.0020 0.0020 0.0022 0.0034 0.0010 0.0005 0.0006 
0.0025 0.0042 0.0017 0.0013 0.0028 0.0023 0.0035 0.0029 0.0013 0.0046 0.0019 0.0032 0.0030 0.0028 0.0026 0.0015 0.0030 0.0018 0.0021 0.0006 0.0032 0.0030 0.0027 0.0021 0.0022 0.0027 0.0009 0.0036 0.0024 0.0038 0.0022 0.0029 0.0035 0.0043 0.0029 0.0009 0.0013 0.0021 0.0034 0.0023 0.0027 0.0019 0.0019 0.0011 0.0020 0.0023 0.0024 0.0032 0.0013 0.0028 0.0015 0.0017 0.0027 0.0028 0.0022 0.0016 0.0020 0.0012 0.0006 0.0021 0.0008 0.0010 0.0008 0.0009 
0.0020 0.0020 0.0023 0.0022 0.0033 0.0034 0.0020 0.0055 0.0043 0.0025 0.0021 0.0044 0.0015 0.0037 0.0024 0.0023 0.0020 0.0017 0.0031 0.0049 0.0025 0.0032 0.0019 0.0028 0.0018 0.0036 0.0024 0.0041 0.0034 0.0023 0.0016 0.0016 0.0017 0.0015 0.0017 0.0025 0.0026 0.0017 0.0035 0.0012 0.0026 0.0020 0.0019 0.0051 0.0038 0.0019 0.0044 0.0028 0.0032 0.0017 0.0021 0.0024 0.0014 0.0032 0.0018 0.0009 0.0016 0.0025 0.0021 0.0014 0.0015 0.0012 0.0007 0.0006 
