0.0024 0.0036 0.0037 0.0048 0.0035 0.0038 0.0028 0.0058 0.0003 0.0018 0.0031 0.0041 0.0038 0.0029 0.0021 0.0023 0.0052 0.0022 0.0003 0.0031 0.0019 0.0030 0.0023 0.0018 0.0030 0.0042 0.0029 0.0030 0.0037 0.0031 0.0017 0.0047 0.0025 0.0020 0.0021 0.0032 0.0022 0.0008 0.0035 0.0036 0.0013 0.0009 0.0024 0.0021 0.0032 0.0031 0.0036 0.0036 0.0039 0.0027 0.0021 0.0021 0.0020 0.0024 0.0024 0.0029 0.0016 0.0031 0.0023 0.0020 0.0021 0.0012 0.0012 0.0010 
0.0009 0.0021 0.0029 0.0036 0.0027 0.0050 0.0034 0.0055 0.0023 0.0038 0.0037 0.0064 0.0067 0.0057 0.0102 0.0074 0.0067 0.0083 0.0045 0.0049 0.0046 0.0037 0.0053 0.0064 0.0038 0.0066 0.0065 0.0074 0.0069 0.0070 0.0048 0.0075 0.0036 0.0071 0.0025 0.0042 0.0086 0.0037 0.0086 0.0092 0.0074 0.0063 0.0077 0.0119 0.0124 0.0148 0.0157 0.0189 0.0217 0.0232 0.0188 0.0175 0.0116 0.0095 0.0077 0.0070 0.0031 0.0022 0.0013 0.0027 0.0032 0.0012 0.0012 0.0008 
0.0006 0.0023 0.0019 0.0025 0.0022 0.0029 0.0028 0.0046 0.0014 0.0020 0.0025 0.0036 0.0029 0.0006 0.0033 0.0011 0.0046 0.0026 0.0036 0.0027 0.0052 0.0039 0.0028 0.0034 0.0016 0.0016 0.0010 0.0032 0.0018 0.0034 0.0009 0.0050 0.0024 0.0017 0.0032 0.0037 0.0038 0.0014 0.0014 0.0045 0.0024 0.0024 0.0019 0.0020 0.0023 0.0039 0.0021 0.0023 0.0033 0.0027 0.0023 0.0033 0.0048 0.0050 0.0030 0.0018 0.0005 0.0023 0.0025 0.0019 0.0025 0.0007 0.0008 0.0004 
0.0014 0.0023 0.0040 0.0045 0.0013 0.0029 0.0023 0.0043 0.0024 0.0039 0.0032 0.0046 0.0025 0.0035 0.0050 0.0025 0.0044 0.0045 0.0048 0.0044 0.0039 0.0022 0.0007 0.0011 0.0041 0.0038 0.0033 0.0024 0.0014 0.0013 0.0018 0.0022 0.0019 0.0026 0.0019 0.0028 0.0025 0.0003 0.0050 0.0023 0.0031 0.0030 0.0033 0.0035 0.0024 0.0005 0.0036 0.0025 0.0031 0.0019 0.0039 0.0036 0.0032 0.0041 0.0032 0.0027 0.0010 0.0029 0.0013 0.0019 0.0014 0.0003 0.0012 0.0009 
0.0015 0.0001 0.0024 0.0026 0.0018 0.0035 0.0016 0.0034 0.0016 0.0053 0.0030 0.0044 0.0022 0.0045 0.0013 0.0041 0.0031 0.0013 0.0025 0.0022 0.0035 0.0021 0.0024 0.0016 0.0023 0.0015 0.0016 0.0042 0.0034 0.0025 0.0021 0.0030 0.0026 0.0026 0.0016 0.0030 0.0017 0.0018 0.0021 0.0014 0.0023 0.0005 0.0038 0.0013 0.0028 0.0028 0.0022 0.0010 0.0017 0.0019 0.0018 0.0015 0.0020 0.0033 0.0010 0.0035 0.0016 0.0024 0.0020 0.0016 0.0023 0.0012 0.0007 0.0004 
0.0019 0.0034 0.0044 0.0018 0.0052 0.0043 0.0024 0.0065 0.0026 0.0068 0.0044 0.0047 0.0027 0.0037 0.0060 0.0043 0.0049 0.0086 0.0104 0.0098 0.0074 0.0091 0.0067 0.0048 0.0046 0.0055 0.0028 0.0048 0.0036 0.0024 0.0016 0.0033 0.0030 0.0029 0.0021 0.0028 0.0028 0.0021 0.0051 0.0032 0.0031 0.0031 0.0030 0.0036 0.0027 0.0038 0.0013 0.0025 0.0017 0.0008 0.0028 0.0012 0.0033 0.0022 0.0018 0.0023 0.0027 0.0032 0.0011 0.0015 0.0009 0.0005 0.0006 0.0003 
0.0007 0.0026 0.0026 0.0023 0.0029 0.0052 0.0035 0.0056 0.0020 0.0062 0.0021 0.0033 0.0053 0.0028 0.0024 0.0021 0.0045 0.0020 0.0030 0.0038 0.0023 0.0015 0.0010 0.0039 0.0026 0.0018 0.0034 0.0017 0.0026 0.0022 0.0014 0.0006 0.0035 0.0027 0.0035 0.0020 0.0014 0.0019 0.0024 0.0041 0.0018 0.0020 0.0040 0.0020 0.0019 0.0036 0.0029 0.0040 0.0028 0.0037 0.0020 0.0026 0.0029 0.0012 0.0016 0.0009 0.0019 0.0036 0.0015 0.0009 0.0022 0.0013 0.0005 0.0005 
0.0010 0.0032 0.0049 0.0035 0.0033 0.0040 0.0032 0.0051 0.0035 0.0059 0.0039 0.0042 0.0026 0.0042 0.0025 0.0029 0.0027 0.0023 0.0015 0.0015 0.0013 0.0029 0.0023 0.0035 0.0035 0.0031 0.0022 0.0031 0.0018 0.0029 0.0019 0.0014 0.0011 0.0031 0.0015 0.0039 0.0027 0.0020 0.0013 0.0028 0.0025 0.0054 0.0031 0.0032 0.0032 0.0021 0.0027 0.0056 0.0032 0.0022 0.0040 0.0025 0.0031 0.0023 0.0020 0.0019 0.0015 0.0013 0.0016 0.0010 0.0010 0.0010 0.0003 0.0004 
0.0017 0.0026 0.0021 0.0024 0.0029 0.0031 0.0011 0.0043 0.0016 0.0048 0.0033 0.0043 0.0040 0.0044 0.0050 0.0033 0.0014 0.0024 0.0025 0.0037 0.0030 0.0016 0.0038 0.0025 0.0024 0.0028 0.0037 0.0027 0.0032 0.0031 0.0005 0.0042 0.0020 0.0031 0.0026 0.0032 0.0018 0.0014 0.0012 0.0022 0.0034 0.0016 0.0030 0.0031 0.0034 0.0021 0.0037 0.0046 0.0054 0.0027 0.0034 0.0029 0.0033 0.0026 0.0021 0.0020 0.0024 0.0027 0.0010 0.0010 0.0013 0.0009 0.0002 0.0004 
0.0008 0.0026 0.0037 0.0037 0.0030 0.0041 0.0041 0.0074 0.0018 0.0061 0.0023 0.0026 0.0030 0.0045 0.0023 0.0020 0.0044 0.0016 0.0039 0.0018 0.0012 0.0017 0.0025 0.0016 0.0017 0.0020 0.0010 0.0024 0.0024 0.0034 0.0027 0.0028 0.0033 0.0012 0.0014 0.0020 0.0023 0.0031 0.0026 0.0017 0.0046 0.0026 0.0019 0.0045 0.0042 0.0046 0.0018 0.0028 0.0017 0.0038 0.0022 0.0027 0.0018 0.0014 0.0017 0.0016 0.0031 0.0021 0.0025 0.0023 0.0017 0.0011 0.0003 0.0003 
0.0008 0.0025 0.0042 0.0045 0.0026 0.0048 0.0036 0.0027 0.0038 0.0057 0.0033 0.0041 0.0025 0.0046 0.0022 0.0038 0.0038 0.0040 0.0011 0.0014 0.0023 0.0026 0.0039 0.0021 0.0023 0.0024 0.0026 0.0022 0.0026 0.0035 0.0015 0.0009 0.0020 0.0024 0.0029 0.0037 0.0019 0.0017 0.0037 0.0027 0.0033 0.0029 0.0019 0.0043 0.0042 0.0020 0.0031 0.0035 0.0016 0.0025 0.0014 0.0015 0.0016 0.0010 0.0017 0.0029 0.0027 0.0016 0.0022 0.0011 0.0005 0.0008 0.0004 0.0003 
0.0019 0.0024 0.0046 0.0054 0.0041 0.0045 0.0030 0.0045 0.0032 0.0065 0.0025 0.0029 0.0032 0.0021 0.0024 0.0016 0.0031 0.0016 0.0017 0.0033 0.0017 0.0023 0.0007 0.0011 0.0038 0.0026 0.0023 0.0026 0.0018 0.0026 0.0027 0.0035 0.0031 0.0010 0.0026 0.0037 0.0014 0.0014 0.0057 0.0058 0.0020 0.0023 0.0014 0.0012 0.0034 0.0015 0.0018 0.0012 0.0037 0.0030 0.0011 0.0019 0.0017 0.0018 0.0011 0.0023 0.0014 0.0025 0.0025 0.0035 0.0017 0.0016 0.0003 0.0002 
0.0022 0.0024 0.0032 0.0034 0.0029 0.0067 0.0030 0.0063 0.0024 0.0050 0.0028 0.0043 0.0035 0.0044 0.0025 0.0022 0.0010 0.0026 0.0020 0.0025 0.0019 0.0018 0.0033 0.0019 0.0029 0.0025 0.0035 0.0021 0.0026 0.0027 0.0010 0.0044 0.0031 0.0037 0.0024 0.0018 0.0030 0.0039 0.0020 0.0031 0.0022 0.0026 0.0014 0.0027 0.0029 0.0021 0.0020 0.0013 0.0020 0.0017 0.0022 0.0032 0.0026 0.0031 0.0035 0.0015 0.0020 0.0020 0.0032 0.0015 0.0011 0.0009 0.0003 0.0003 
0.0019 0.0023 0.0021 0.0011 0.0027 0.0057 0.0011 0.0026 0.0035 0.0074 0.0037 0.0017 0.0027 0.0037 0.0039 0.0012 0.0018 0.0027 0.0029 0.0015 0.0019 0.0016 0.0018 0.0032 0.0022 0.0020 0.0021 0.0025 0.0026 0.0016 0.0026 0.0033 0.0031 0.0019 0.0009 0.0016 0.0027 0.0016 0.0049 0.0039 0.0031 0.0035 0.0029 0.0041 0.0026 0.0017 0.0027 0.0036 0.0025 0.0012 0.0033 0.0011 0.0027 0.0039 0.0025 0.0023 0.0014 0.0014 0.0041 0.0026 0.0010 0.0010 0.0008 0.0005 
0.0012 0.0015 0.0042 0.0047 0.0054 0.0050 0.0040 0.0046 0.0024 0.0039 0.0038 0.0023 0.0019 0.0020 0.0025 0.0022 0.0042 0.0029 0.0038 0.0047 0.0029 0.0024 0.0019 0.0017 0.0021 0.0018 0.0018 0.0022 0.0017 0.0028 0.0025 0.0039 0.0030 0.0034 0.0011 0.0023 0.0037 0.0033 0.0026 0.0043 0.0022 0.0017 0.0011 0.0014 0.0026 0.0020 0.0032 0.0027 0.0041 0.0019 0.0027 0.0030 0.0034 0.0007 0.0019 0.0031 0.0019 0.0011 0.0016 0.0021 0.0021 0.0011 0.0005 0.0002 
0.0005 0.0014 0.0014 0.0029 0.0018 0.0022 0.0023 0.0042 0.0034 0.0058 0.0014 0.0019 0.0040 0.0041 0.0025 0.0013 0.0033 0.0026 0.0020 0.0011 0.0014 0.0016 0.0020 0.0035 0.0038 0.0015 0.0007 0.0050 0.0028 0.0030 0.0021 0.0027 0.0019 0.0028 0.0021 0.0035 0.0006 0.0022 0.0006 0.0037 0.0031 0.0031 0.0027 0.0026 0.0021 0.0017 0.0022 0.0028 0.0035 0.0025 0.0016 0.0039 0.0009 0.0024 0.0014 0.0043 0.0024 0.0015 0.0014 0.0025 0.0017 0.0007 0.0008 0.0005 
0.0006 0.0017 0.0030 0.0024 0.0032 0.0022 0.0033 0.0038 0.0028 0.0022 0.0030 0.0034 0.0020 0.0033 0.0016 0.0032 0.0044 0.0012 0.0018 0.0020 0.0022 0.0018 0.0027 0.0019 0.0025 0.0029 0.0022 0.0028 0.0019 0.0023 0.0027 0.0036 0.0013 0.0027 0.0019 0.0009 0.0029 0.0010 0.0037 0.0036 0.0015 0.0031 0.0030 0.0037 0.0017 0.0016 0.0018 0.0033 0.0023 0.0037 0.0025 0.0018 0.0013 0.0015 0.0026 0.0051 0.0019 0.0011 0.0033 0.0027 0.0020 0.0011 0.0002 0.0004 
0.0010 0.0037 0.0030 0.0052 0.0043 0.0022 0.0065 0.0069 0.0063 0.0038 0.0013 0.0028 0.0014 0.0033 0.0022 0.0035 0.0027 0.0030 0.0027 0.0043 0.0017 0.0023 0.0016 0.0041 0.0023 0.0023 0.0025 0.0042 0.0015 0.0024 0.0026 0.0038 0.0014 0.0018 0.0025 0.0027 0.0027 0.0013 0.0011 0.0024 0.0051 0.0027 0.0036 0.0037 0.0037 0.0016 0.0018 0.0023 0.0043 0.0019 0.0016 0.0019 0.0024 0.0014 0.0013 0.0017 0.0030 0.0017 0.0022 0.0015 0.0022 0.0011 0.0006 0.0005 
0.0012 0.0027 0.0022 0.0033 0.0028 0.0045 0.0029 0.0034 0.0018 0.0028 0.0031 0.0033 0.0023 0.0050 0.0017 0.0021 0.0041 0.0028 0.0017 0.0013 0.0021 0.0020 0.0040 0.0039 0.0035 0.0017 0.0023 0.0031 0.0019 0.0032 0.0024 0.0024 0.0024 0.0011 0.0024 0.0026 0.0027 0.0026 0.0034 0.0026 0.0037 0.0016 0.0016 0.0033 0.0023 0.0038 0.0013 0.0018 0.0006 0.0023 0.0036 0.0027 0.0031 0.0037 0.0034 0.0025 0.0017 0.0008 0.0013 0.0022 0.0016 0.0012 0.0003 0.0004 
0.0010 0.0018 0.0051 0.0031 0.0030 0.0040 0.0025 0.0041 0.0044 0.0032 0.0033 0.0052 0.0023 0.0032 0.0036 0.0033 0.0044 0.0014 0.0023 0.0011 0.0050 0.0017 0.0017 0.0023 0.0036 0.0024 0.0020 0.0037 0.0017 0.0022 0.0022 0.0011 0.0034 0.0014 0.0014 0.0030 0.0024 0.0028 0.0043 0.0061 0.0032 0.0028 0.0045 0.0018 0.0027 0.0031 0.0039 0.0038 0.0020 0.0040 0.0018 0.0024 0.0043 0.0028 0.0032 0.0020 0.0027 0.0008 0.0019 0.0024 0.0011 0.0012 0.0011 0.0004 
0.0013 0.0039 0.0042 0.0041 0.0049 0.0039 0.0026 0.0049 0.0029 0.0028 0.0057 0.0037 0.0016 0.0021 0.0039 0.0039 0.0043 0.0021 0.0025 0.0026 0.0026 0.0027 0.0021 0.0029 0.0024 0.0030 0.0014 0.0031 0.0028 0.0020 0.0027 0.0040 0.0008 0.0014 0.0012 0.0024 0.0028 0.0019 0.0037 0.0045 0.0011 0.0023 0.0022 0.0034 0.0024 0.0025 0.0022 0.0028 0.0013 0.0039 0.0013 0.0022 0.0015 0.0019 0.0017 0.0031 0.0019 0.0015 0.0017 0.0018 0.0014 0.0021 0.0010 0.0009 
0.0012 0.0023 0.0027 0.0048 0.0018 0.0048 0.0024 0.0062 0.0024 0.0033 0.0020 0.0027 0.0025 0.0041 0.0037 0.0012 0.0040 0.0033 0.0019 0.0024 0.0022 0.0040 0.0015 0.0042 0.0034 0.0030 0.0005 0.0023 0.0041 0.0024 0.0030 0.0030 0.0019 0.0022 0.0018 0.0036 0.0030 0.0023 0.0021 0.0034 0.0027 0.0015 0.0009 0.0046 0.0026 0.0037 0.0027 0.0028 0.0025 0.0017 0.0025 0.0021 0.0024 0.0028 0.0012 0.0022 0.0018 0.0010 0.0030 0.0024 0.0018 0.0014 0.0005 0.0003 
0.0027 0.0017 0.0027 0.0026 0.0034 0.0046 0.0029 0.0041 0.0022 0.0036 0.0042 0.0030 0.0022 0.0034 0.0020 0.0030 0.0052 0.0014 0.0032 0.0014 0.0023 0.0031 0.0013 0.0017 0.0030 0.0011 0.0031 0.0036 0.0026 0.0024 0.0015 0.0032 0.0017 0.0019 0.0015 0.0025 0.0032 0.0026 0.0026 0.0040 0.0028 0.0015 0.0021 0.0008 0.0041 0.0017 0.0023 0.0030 0.0039 0.0022 0.0015 0.0028 0.0019 0.0030 0.0007 0.0020 0.0018 0.0012 0.0018 0.0031 0.0017 0.0009 0.0004 0.0005 
0.0061 0.0341 0.0219 0.0199 0.0708 0.1324 0.1513 0.1304 0.0833 0.0562 0.0573 0.1181 0.3272 0.2742 0.1182 0.0633 0.0293 0.0860 0.1475 0.2095 0.2389 0.1992 0.1220 0.0461 0.0633 0.0256 0.0038 0.0163 0.0174 0.0121 0.0065 0.0155 0.0194 0.0169 0.0238 0.0189 0.0225 0.0147 0.0310 0.0198 0.0094 0.0085 0.0108 0.0177 0.0273 0.0354 0.0329 0.0218 0.0047 0.0089 0.0283 0.0271 0.0104 0.0214 0.0287 0.0200 0.0153 0.0212 0.0153 0.0082 0.0114 0.0016 0.0004 0.0007 
0.0322 0.1108 0.1483 0.0924 0.0362 0.0286 0.0387 0.0484 0.0421 0.0275 0.1083 0.2772 0.1887 0.0521 0.0523 0.0189 0.0385 0.0396 0.0795 0.0719 0.0249 0.0479 0.0520 0.0329 0.0415 0.0398 0.0148 0.0100 0.0150 0.0243 0.0121 0.0075 0.0068 0.0091 0.0076 0.0199 0.0253 0.0069 0.0126 0.0149 0.0135 0.0102 0.0145 0.0144 0.0074 0.0046 0.0086 0.0052 0.0082 0.0107 0.0091 0.0137 0.0130 0.0037 0.0044 0.0112 0.0061 0.0071 0.0031 0.0105 0.0083 0.0021 0.0012 0.0003 
0.0184 0.0832 0.1466 0.1123 0.0450 0.0437 0.0818 0.0645 0.0413 0.0944 0.2775 0.3238 0.0778 0.1089 0.0522 0.1011 0.0462 0.0645 0.0333 0.0378 0.0324 0.0077 0.0285 0.0428 0.0180 0.0278 0.0187 0.0217 0.0204 0.0158 0.0133 0.0158 0.0168 0.0208 0.0164 0.0238 0.0120 0.0136 0.0232 0.0144 0.0144 0.0216 0.0169 0.0115 0.0150 0.0124 0.0136 0.0129 0.0068 0.0165 0.0065 0.0165 0.0124 0.0095 0.0141 0.0033 0.0068 0.0116 0.0091 0.0087 0.0089 0.0087 0.0018 0.0021 
0.0063 0.0820 0.1233 0.0818 0.0447 0.0244 0.0372 0.0652 0.0233 0.1068 0.1710 0.2532 0.1502 0.0583 0.0364 0.0443 0.0662 0.0297 0.0370 0.0219 0.0257 0.0282 0.0221 0.0210 0.0337 0.0098 0.0335 0.0216 0.0133 0.0210 0.0122 0.0099 0.0096 0.0100 0.0213 0.0145 0.0126 0.0084 0.0144 0.0093 0.0038 0.0041 0.0125 0.0043 0.0051 0.0099 0.0079 0.0115 0.0064 0.0065 0.0043 0.0032 0.0086 0.0031 0.0039 0.0014 0.0043 0.0058 0.0049 0.0059 0.0062 0.0025 0.0011 0.0012 
0.0102 0.0887 0.0818 0.0430 0.0267 0.0167 0.0246 0.0291 0.0561 0.0886 0.1539 0.0336 0.0736 0.0403 0.0150 0.0271 0.0350 0.0489 0.0193 0.0247 0.0201 0.0225 0.0343 0.0399 0.0190 0.0087 0.0244 0.0089 0.0090 0.0125 0.0137 0.0093 0.0095 0.0094 0.0073 0.0073 0.0123 0.0169 0.0067 0.0063 0.0047 0.0042 0.0130 0.0092 0.0160 0.0105 0.0075 0.0074 0.0070 0.0072 0.0089 0.0051 0.0073 0.0040 0.0042 0.0068 0.0004 0.0045 0.0048 0.0045 0.0042 0.0046 0.0034 0.0034 
0.0063 0.0884 0.1105 0.0642 0.0559 0.0605 0.0670 0.0624 0.0923 0.1099 0.1841 0.1228 0.0801 0.0749 0.0891 0.0538 0.0498 0.0764 0.0505 0.0619 0.0664 0.0367 0.0638 0.0625 0.0342 0.0370 0.0239 0.0219 0.0199 0.0214 0.0155 0.0147 0.0052 0.0068 0.0073 0.0115 0.0105 0.0101 0.0072 0.0095 0.0197 0.0123 0.0188 0.0174 0.0154 0.0230 0.0162 0.0221 0.0138 0.0132 0.0097 0.0151 0.0090 0.0085 0.0128 0.0148 0.0049 0.0085 0.0092 0.0063 0.0127 0.0102 0.0105 0.0102 
0.0795 0.1336 0.2535 0.3006 0.2801 0.1144 0.0950 0.1435 0.1359 0.1541 0.5864 0.9805 0.2895 0.1716 0.2173 0.4050 0.1468 0.1930 0.3212 0.3201 0.0362 0.1402 0.1567 0.0928 0.1930 0.3510 0.3000 0.2639 0.1003 0.1220 0.1806 0.0956 0.1338 0.2044 0.2212 0.1061 0.0761 0.0604 0.0351 0.0679 0.0860 0.1371 0.0958 0.0673 0.0418 0.0489 0.0629 0.1007 0.1252 0.0646 0.0956 0.0526 0.0418 0.0720 0.0454 0.0580 0.0643 0.0522 0.0410 0.0514 0.0252 0.0189 0.0099 0.0090 
0.0086 0.0826 0.2783 0.2875 0.6785 0.2269 0.1973 0.1371 0.3082 0.3820 0.9089 1.1670 0.6058 0.4320 0.1936 0.4175 0.2838 0.5272 0.5479 0.4556 0.7928 0.4137 0.3353 0.3839 0.3150 0.1532 0.3947 0.5046 0.3905 0.4020 0.0848 0.0647 0.1391 0.1156 0.1754 0.2550 0.3884 0.2809 0.2337 0.1106 0.2108 0.1254 0.2781 0.1304 0.1579 0.2036 0.1742 0.1160 0.0743 0.1830 0.0983 0.0903 0.1314 0.1373 0.1727 0.1420 0.1063 0.0975 0.1190 0.0607 0.0406 0.0509 0.0254 0.0156 
0.1154 0.1569 0.2230 0.1811 0.7343 0.2324 0.4638 0.1293 0.2282 0.4349 1.0144 1.0514 0.3020 0.2393 0.4168 0.2541 0.1953 0.3396 0.4578 0.2844 0.4353 0.5974 0.4485 0.1805 0.0939 0.2984 0.6155 0.8315 0.2115 0.2771 0.2310 0.1065 0.1989 0.2320 0.3190 0.3243 0.3126 0.4686 0.4307 0.1567 0.2207 0.1488 0.2949 0.3718 0.1925 0.0729 0.0768 0.1286 0.1477 0.0769 0.0829 0.1965 0.1392 0.2132 0.2888 0.2085 0.1386 0.1278 0.1716 0.1651 0.0473 0.0135 0.0172 0.0088 
0.0728 0.0932 0.1976 0.2698 0.2725 0.5134 0.5294 0.1832 0.2630 0.2891 1.2463 0.9548 0.1655 0.2541 0.3579 0.1470 0.4446 0.5416 0.2190 0.2731 0.3189 0.3225 0.4775 0.2425 0.2468 0.2607 0.8237 0.8752 0.3760 0.2692 0.1622 0.1245 0.1336 0.2212 0.0975 0.2258 0.0471 0.3475 0.4397 0.2529 0.1869 0.0700 0.3451 0.4918 0.3318 0.1855 0.1026 0.1146 0.1378 0.0822 0.0554 0.0835 0.1746 0.2268 0.2819 0.2402 0.1208 0.0629 0.1454 0.2061 0.1241 0.0275 0.0037 0.0020 
0.0692 0.1232 0.1876 0.2984 0.2714 0.4217 0.4205 0.2192 0.2460 0.2629 1.5285 0.9527 0.1834 0.5096 0.3472 0.1811 0.5209 0.4975 0.1123 0.3639 0.4058 0.2963 0.4449 0.5110 0.1652 0.2774 0.6036 0.5989 0.6576 0.2581 0.2708 0.1829 0.1843 0.1976 0.1618 0.2158 0.1447 0.2525 0.3425 0.1684 0.2056 0.1102 0.2755 0.3241 0.5066 0.3880 0.0913 0.0938 0.2057 0.0536 0.1549 0.0505 0.1627 0.1795 0.1311 0.2100 0.2162 0.1675 0.0325 0.1582 0.1899 0.0511 0.0456 0.0407 
0.0367 0.1160 0.1851 0.1740 0.2735 0.1984 0.4660 0.4355 0.3266 0.3740 1.3211 1.1159 0.5958 0.3704 0.2220 0.3297 0.3332 0.3956 0.1822 0.2202 0.3603 0.5376 0.5531 0.3543 0.3596 0.0844 0.2056 0.3897 0.7852 0.2665 0.1621 0.2763 0.1945 0.2167 0.3449 0.1123 0.1542 0.1493 0.1002 0.1485 0.1617 0.1117 0.1696 0.3424 0.4411 0.3165 0.1745 0.1686 0.1204 0.2086 0.1396 0.2368 0.1938 0.1867 0.1076 0.1680 0.0748 0.1438 0.0751 0.1501 0.0821 0.0710 0.0549 0.0427 
0.0125 0.0972 0.1503 0.1224 0.2036 0.3261 0.3416 0.4284 0.3666 0.4470 0.7847 0.7343 0.6566 0.2002 0.1543 0.1509 0.1252 0.1650 0.1468 0.0725 0.0624 0.0908 0.2818 0.3142 0.2342 0.1998 0.2959 0.2981 0.4576 0.2832 0.1724 0.2264 0.1344 0.1463 0.1275 0.0787 0.1021 0.1150 0.0873 0.1030 0.0489 0.0751 0.0935 0.1716 0.1678 0.1227 0.0758 0.1155 0.0842 0.0923 0.0943 0.0670 0.0513 0.0441 0.0360 0.0570 0.0279 0.0493 0.0423 0.0638 0.0562 0.0165 0.0179 0.0157 
0.0292 0.0458 0.0788 0.1434 0.2310 0.2514 0.2431 0.3916 0.2556 0.4139 0.5995 0.5789 0.3565 0.1674 0.1225 0.1117 0.0564 0.0813 0.1392 0.0976 0.0552 0.0563 0.1574 0.1928 0.1412 0.1266 0.1689 0.1945 0.1592 0.1417 0.1448 0.1318 0.0695 0.0512 0.0479 0.0980 0.0987 0.0552 0.0851 0.0691 0.0463 0.0378 0.0571 0.0556 0.0487 0.0370 0.0518 0.0783 0.0540 0.0181 0.0374 0.0646 0.0540 0.0184 0.0309 0.0605 0.0572 0.0284 0.0387 0.0424 0.0322 0.0120 0.0147 0.0150 
0.0276 0.0325 0.0611 0.0507 0.1674 0.1048 0.1185 0.2472 0.1571 0.2374 0.3956 0.5261 0.1132 0.1183 0.0892 0.0273 0.0393 0.0335 0.0428 0.0292 0.0113 0.0088 0.0177 0.0144 0.0183 0.0300 0.0224 0.0250 0.0635 0.0543 0.0369 0.0431 0.0297 0.0186 0.0296 0.0146 0.0056 0.0278 0.0268 0.0231 0.0192 0.0204 0.0201 0.0128 0.0133 0.0126 0.0141 0.0156 0.0187 0.0116 0.0106 0.0136 0.0161 0.0074 0.0096 0.0165 0.0127 0.0061 0.0187 0.0156 0.0054 0.0063 0.0087 0.0083 
0.0128 0.0278 0.0426 0.0472 0.0860 0.1339 0.1580 0.1740 0.1504 0.2148 0.3508 0.3978 0.1589 0.0574 0.0558 0.0111 0.0236 0.0158 0.0247 0.0157 0.0237 0.0135 0.0143 0.0150 0.0220 0.0204 0.0205 0.0312 0.0406 0.0406 0.0320 0.0418 0.0146 0.0070 0.0198 0.0184 0.0167 0.0171 0.0178 0.0084 0.0125 0.0099 0.0149 0.0136 0.0115 0.0130 0.0084 0.0144 0.0145 0.0098 0.0095 0.0096 0.0133 0.0074 0.0106 0.0094 0.0064 0.0068 0.0058 0.0077 0.0046 0.0055 0.0027 0.0031 
0.0190 0.0321 0.0367 0.0469 0.0779 0.1012 0.1543 0.1639 0.1148 0.2062 0.3726 0.4153 0.1214 0.0603 0.0399 0.0226 0.0080 0.0169 0.0189 0.0267 0.0259 0.0120 0.0081 0.0113 0.0066 0.0157 0.0263 0.0303 0.0385 0.0326 0.0335 0.0362 0.0161 0.0093 0.0169 0.0238 0.0233 0.0228 0.0211 0.0153 0.0049 0.0106 0.0145 0.0147 0.0117 0.0072 0.0055 0.0054 0.0075 0.0101 0.0066 0.0106 0.0040 0.0087 0.0041 0.0106 0.0112 0.0046 0.0148 0.0126 0.0053 0.0050 0.0040 0.0038 
0.0152 0.0259 0.0286 0.0475 0.1005 0.1244 0.0835 0.0996 0.1805 0.2482 0.2556 0.3487 0.1748 0.1267 0.0618 0.0369 0.0239 0.0269 0.0292 0.0267 0.0234 0.0064 0.0102 0.0112 0.0086 0.0119 0.0237 0.0258 0.0316 0.0419 0.0458 0.0220 0.0081 0.0110 0.0172 0.0308 0.0248 0.0186 0.0158 0.0116 0.0105 0.0092 0.0069 0.0098 0.0105 0.0105 0.0103 0.0073 0.0056 0.0059 0.0086 0.0067 0.0056 0.0068 0.0067 0.0056 0.0051 0.0027 0.0040 0.0030 0.0057 0.0062 0.0050 0.0047 
0.0109 0.0209 0.0291 0.0450 0.0753 0.0972 0.0798 0.1418 0.1086 0.1045 0.2366 0.2847 0.1371 0.0652 0.0383 0.0313 0.0061 0.0237 0.0183 0.0247 0.0176 0.0081 0.0067 0.0083 0.0130 0.0032 0.0180 0.0169 0.0297 0.0362 0.0421 0.0116 0.0086 0.0075 0.0082 0.0113 0.0035 0.0137 0.0112 0.0038 0.0046 0.0057 0.0032 0.0039 0.0047 0.0044 0.0068 0.0065 0.0033 0.0062 0.0060 0.0066 0.0073 0.0046 0.0032 0.0060 0.0040 0.0045 0.0011 0.0054 0.0050 0.0016 0.0017 0.0021 
0.0045 0.0177 0.0261 0.0403 0.0698 0.0638 0.0939 0.0925 0.0675 0.0630 0.1705 0.2027 0.1205 0.0476 0.0159 0.0143 0.0068 0.0109 0.0030 0.0120 0.0136 0.0083 0.0029 0.0034 0.0077 0.0060 0.0095 0.0149 0.0257 0.0335 0.0277 0.0127 0.0040 0.0061 0.0060 0.0041 0.0060 0.0105 0.0091 0.0096 0.0034 0.0026 0.0055 0.0082 0.0089 0.0052 0.0058 0.0029 0.0009 0.0035 0.0037 0.0022 0.0029 0.0030 0.0046 0.0022 0.0030 0.0023 0.0029 0.0006 0.0023 0.0008 0.0013 0.0011 
0.0108 0.0213 0.0212 0.0303 0.0595 0.0454 0.0845 0.0664 0.0522 0.0603 0.1796 0.2037 0.0619 0.0255 0.0173 0.0115 0.0070 0.0150 0.0075 0.0089 0.0125 0.0056 0.0030 0.0044 0.0023 0.0054 0.0093 0.0125 0.0253 0.0309 0.0158 0.0115 0.0106 0.0083 0.0046 0.0039 0.0071 0.0133 0.0091 0.0074 0.0074 0.0076 0.0047 0.0045 0.0057 0.0074 0.0054 0.0052 0.0041 0.0066 0.0074 0.0073 0.0081 0.0095 0.0034 0.0049 0.0048 0.0044 0.0046 0.0054 0.0061 0.0016 0.0017 0.0012 
0.0075 0.0173 0.0186 0.0266 0.0531 0.0430 0.0455 0.0594 0.0760 0.0857 0.1129 0.1482 0.0636 0.0383 0.0204 0.0092 0.0094 0.0087 0.0064 0.0053 0.0036 0.0018 0.0038 0.0037 0.0040 0.0046 0.0085 0.0103 0.0151 0.0229 0.0247 0.0112 0.0057 0.0046 0.0021 0.0068 0.0051 0.0063 0.0044 0.0021 0.0068 0.0062 0.0018 0.0043 0.0094 0.0025 0.0033 0.0045 0.0028 0.0055 0.0078 0.0035 0.0068 0.0064 0.0029 0.0058 0.0068 0.0066 0.0061 0.0045 0.0053 0.0024 0.0014 0.0007 
0.0071 0.0187 0.0183 0.0221 0.0345 0.0169 0.0192 0.0494 0.0293 0.0522 0.0982 0.0759 0.0262 0.0205 0.0117 0.0067 0.0073 0.0077 0.0036 0.0035 0.0054 0.0013 0.0023 0.0028 0.0014 0.0020 0.0044 0.0044 0.0156 0.0086 0.0077 0.0071 0.0030 0.0019 0.0028 0.0033 0.0038 0.0036 0.0025 0.0010 0.0013 0.0028 0.0012 0.0022 0.0033 0.0017 0.0016 0.0026 0.0035 0.0041 0.0061 0.0049 0.0039 0.0040 0.0027 0.0032 0.0038 0.0035 0.0019 0.0022 0.0017 0.0011 0.0009 0.0004 
0.0072 0.0183 0.0133 0.0181 0.0166 0.0164 0.0154 0.0218 0.0194 0.0375 0.0682 0.0471 0.0231 0.0050 0.0048 0.0024 0.0038 0.0038 0.0010 0.0024 0.0015 0.0011 0.0008 0.0007 0.0011 0.0014 0.0028 0.0054 0.0158 0.0132 0.0068 0.0025 0.0019 0.0028 0.0011 0.0009 0.0005 0.0015 0.0011 0.0013 0.0012 0.0026 0.0024 0.0019 0.0023 0.0009 0.0012 0.0007 0.0006 0.0013 0.0010 0.0013 0.0008 0.0007 0.0010 0.0009 0.0007 0.0006 0.0010 0.0004 0.0007 0.0008 0.0005 0.0005 
0.0041 0.0174 0.0091 0.0100 0.0065 0.0081 0.0137 0.0176 0.0138 0.0329 0.0277 0.0226 0.0114 0.0032 0.0036 0.0012 0.0023 0.0012 0.0024 0.0009 0.0013 0.0007 0.0004 0.0007 0.0008 0.0009 0.0002 0.0013 0.0022 0.0032 0.0013 0.0008 0.0010 0.0007 0.0006 0.0008 0.0009 0.0012 0.0006 0.0014 0.0008 0.0010 0.0003 0.0009 0.0008 0.0011 0.0007 0.0006 0.0005 0.0005 0.0009 0.0010 0.0005 0.0006 0.0006 0.0006 0.0005 0.0007 0.0009 0.0007 0.0008 0.0003 0.0005 0.0004 
0.0018 0.0148 0.0040 0.0035 0.0060 0.0027 0.0071 0.0055 0.0030 0.0098 0.0106 0.0100 0.0029 0.0013 0.0014 0.0004 0.0010 0.0005 0.0007 0.0014 0.0010 0.0005 0.0007 0.0004 0.0006 0.0007 0.0007 0.0012 0.0010 0.0016 0.0012 0.0014 0.0006 0.0009 0.0008 0.0006 0.0004 0.0013 0.0006 0.0011 0.0006 0.0008 0.0009 0.0008 0.0009 0.0006 0.0007 0.0011 0.0006 0.0007 0.0004 0.0008 0.0002 0.0007 0.0006 0.0003 0.0005 0.0005 0.0007 0.0003 0.0005 0.0002 0.0003 0.0003 
0.0025 0.0083 0.0024 0.0017 0.0034 0.0020 0.0019 0.0034 0.0022 0.0036 0.0019 0.0013 0.0009 0.0005 0.0006 0.0005 0.0006 0.0006 0.0003 0.0006 0.0004 0.0002 0.0004 0.0004 0.0006 0.0006 0.0006 0.0004 0.0009 0.0003 0.0005 0.0007 0.0003 0.0005 0.0004 0.0003 0.0005 0.0004 0.0005 0.0002 0.0005 0.0006 0.0006 0.0008 0.0007 0.0006 0.0005 0.0004 0.0005 0.0008 0.0008 0.0010 0.0006 0.0005 0.0007 0.0003 0.0006 0.0010 0.0005 0.0006 0.0006 0.0002 0.0003 0.0004 
0.0016 0.0026 0.0006 0.0005 0.0012 0.0007 0.0010 0.0017 0.0013 0.0033 0.0032 0.0033 0.0009 0.0009 0.0007 0.0003 0.0008 0.0004 0.0006 0.0004 0.0004 0.0003 0.0007 0.0005 0.0003 0.0004 0.0007 0.0006 0.0007 0.0005 0.0008 0.0003 0.0003 0.0004 0.0005 0.0008 0.0003 0.0008 0.0010 0.0004 0.0005 0.0005 0.0004 0.0002 0.0007 0.0006 0.0004 0.0007 0.0008 0.0002 0.0004 0.0004 0.0006 0.0002 0.0005 0.0006 0.0006 0.0005 0.0010 0.0010 0.0005 0.0003 0.0002 0.0004 
0.0003 0.0006 0.0007 0.0009 0.0007 0.0008 0.0009 0.0008 0.0003 0.0011 0.0014 0.0010 0.0006 0.0006 0.0003 0.0007 0.0004 0.0006 0.0005 0.0005 0.0002 0.0003 0.0003 0.0007 0.0005 0.0003 0.0004 0.0007 0.0004 0.0005 0.0004 0.0004 0.0004 0.0005 0.0004 0.0007 0.0001 0.0006 0.0003 0.0006 0.0005 0.0007 0.0006 0.0004 0.0006 0.0005 0.0004 0.0002 0.0007 0.0002 0.0006 0.0007 0.0005 0.0005 0.0004 0.0008 0.0005 0.0005 0.0004 0.0003 0.0002 0.0003 0.0004 0.0005 
0.0007 0.0006 0.0011 0.0012 0.0008 0.0006 0.0011 0.0004 0.0010 0.0002 0.0011 0.0010 0.0005 0.0004 0.0007 0.0008 0.0007 0.0008 0.0002 0.0003 0.0007 0.0004 0.0004 0.0005 0.0003 0.0003 0.0004 0.0005 0.0005 0.0003 0.0002 0.0002 0.0004 0.0003 0.0003 0.0005 0.0002 0.0005 0.0002 0.0005 0.0007 0.0003 0.0004 0.0005 0.0005 0.0004 0.0004 0.0007 0.0003 0.0003 0.0005 0.0004 0.0001 0.0006 0.0006 0.0006 0.0004 0.0004 0.0006 0.0003 0.0006 0.0003 0.0004 0.0003 
0.0003 0.0005 0.0007 0.0007 0.0009 0.0007 0.0002 0.0004 0.0006 0.0003 0.0012 0.0012 0.0006 0.0008 0.0007 0.0006 0.0002 0.0004 0.0004 0.0004 0.0004 0.0004 0.0002 0.0004 0.0004 0.0003 0.0004 0.0004 0.0006 0.0003 0.0003 0.0005 0.0006 0.0003 0.0003 0.0003 0.0004 0.0002 0.0004 0.0003 0.0008 0.0004 0.0007 0.0005 0.0003 0.0005 0.0005 0.0007 0.0005 0.0002 0.0008 0.0002 0.0005 0.0006 0.0003 0.0003 0.0006 0.0005 0.0005 0.0005 0.0005 0.0004 0.0002 0.0003 
0.0004 0.0006 0.0004 0.0016 0.0011 0.0008 0.0004 0.0012 0.0005 0.0009 0.0006 0.0010 0.0003 0.0005 0.0005 0.0007 0.0004 0.0003 0.0008 0.0005 0.0005 0.0003 0.0004 0.0003 0.0004 0.0006 0.0003 0.0004 0.0004 0.0003 0.0005 0.0003 0.0003 0.0003 0.0005 0.0004 0.0003 0.0006 0.0007 0.0004 0.0006 0.0002 0.0004 0.0002 0.0004 0.0005 0.0006 0.0005 0.0005 0.0009 0.0005 0.0005 0.0002 0.0004 0.0004 0.0007 0.0005 0.0006 0.0004 0.0005 0.0005 0.0005 0.0006 0.0003 
0.0000 0.0005 0.0003 0.0005 0.0006 0.0005 0.0005 0.0005 0.0004 0.0010 0.0007 0.0005 0.0008 0.0004 0.0003 0.0004 0.0002 0.0005 0.0003 0.0003 0.0007 0.0002 0.0006 0.0006 0.0004 0.0004 0.0008 0.0002 0.0005 0.0004 0.0006 0.0006 0.0004 0.0005 0.0002 0.0004 0.0003 0.0001 0.0006 0.0005 0.0004 0.0001 0.0004 0.0003 0.0002 0.0002 0.0001 0.0006 0.0006 0.0005 0.0008 0.0003 0.0003 0.0001 0.0004 0.0004 0.0005 0.0001 0.0004 0.0005 0.0001 0.0005 0.0005 0.0004 
0.0001 0.0003 0.0005 0.0005 0.0006 0.0006 0.0002 0.0006 0.0007 0.0013 0.0006 0.0011 0.0007 0.0008 0.0004 0.0002 0.0005 0.0004 0.0003 0.0003 0.0002 0.0003 0.0006 0.0008 0.0003 0.0005 0.0004 0.0008 0.0004 0.0002 0.0004 0.0007 0.0004 0.0001 0.0006 0.0005 0.0003 0.0002 0.0005 0.0004 0.0004 0.0006 0.0003 0.0002 0.0005 0.0004 0.0007 0.0006 0.0004 0.0003 0.0003 0.0004 0.0003 0.0003 0.0004 0.0003 0.0005 0.0004 0.0007 0.0001 0.0006 0.0005 0.0003 0.0005 
0.0003 0.0004 0.0005 0.0007 0.0011 0.0005 0.0006 0.0009 0.0004 0.0010 0.0005 0.0009 0.0004 0.0010 0.0006 0.0005 0.0006 0.0003 0.0002 0.0005 0.0007 0.0002 0.0004 0.0003 0.0004 0.0005 0.0004 0.0004 0.0005 0.0005 0.0005 0.0002 0.0001 0.0005 0.0004 0.0006 0.0005 0.0004 0.0005 0.0004 0.0005 0.0005 0.0006 0.0002 0.0004 0.0003 0.0004 0.0004 0.0005 0.0004 0.0005 0.0004 0.0004 0.0005 0.0006 0.0004 0.0002 0.0004 0.0004 0.0006 0.0005 0.0004 0.0004 0.0003 
0.0002 0.0002 0.0005 0.0006 0.0005 0.0008 0.0004 0.0008 0.0004 0.0010 0.0003 0.0008 0.0006 0.0007 0.0004 0.0007 0.0004 0.0004 0.0005 0.0001 0.0004 0.0003 0.0001 0.0005 0.0003 0.0009 0.0004 0.0006 0.0003 0.0003 0.0006 0.0006 0.0002 0.0006 0.0005 0.0003 0.0002 0.0003 0.0005 0.0006 0.0005 0.0004 0.0003 0.0003 0.0003 0.0006 0.0003 0.0005 0.0002 0.0005 0.0005 0.0005 0.0002 0.0006 0.0005 0.0008 0.0005 0.0003 0.0003 0.0002 0.0003 0.0004 0.0002 0.0002 
0.0003 0.0003 0.0004 0.0008 0.0005 0.0010 0.0006 0.0007 0.0006 0.0013 0.0006 0.0006 0.0005 0.0006 0.0003 0.0003 0.0005 0.0002 0.0003 0.0006 0.0003 0.0005 0.0005 0.0002 0.0002 0.0003 0.0004 0.0006 0.0003 0.0006 0.0004 0.0004 0.0006 0.0004 0.0005 0.0004 0.0002 0.0006 0.0006 0.0004 0.0008 0.0005 0.0006 0.0003 0.0006 0.0005 0.0005 0.0003 0.0003 0.0003 0.0006 0.0005 0.0006 0.0002 0.0003 0.0004 0.0005 0.0012 0.0002 0.0006 0.0005 0.0005 0.0001 0.0001 
0.0002 0.0003 0.0005 0.0010 0.0008 0.0009 0.0005 0.0010 0.0005 0.0009 0.0016 0.0009 0.0004 0.0010 0.0007 0.0006 0.0007 0.0002 0.0006 0.0004 0.0007 0.0005 0.0003 0.0005 0.0006 0.0011 0.0009 0.0007 0.0005 0.0006 0.0004 0.0005 0.0003 0.0006 0.0003 0.0005 0.0005 0.0004 0.0005 0.0004 0.0008 0.0002 0.0001 0.0006 0.0005 0.0003 0.0007 0.0005 0.0003 0.0006 0.0003 0.0003 0.0005 0.0009 0.0004 0.0005 0.0005 0.0006 0.0006 0.0008 0.0005 0.0004 0.0004 0.0006 
0.0006 0.0005 0.0005 0.0005 0.0004 0.0005 0.0003 0.0006 0.0007 0.0008 0.0008 0.0008 0.0006 0.0004 0.0007 0.0004 0.0008 0.0002 0.0003 0.0007 0.0006 0.0003 0.0004 0.0005 0.0004 0.0004 0.0002 0.0006 0.0004 0.0006 0.0005 0.0005 0.0003 0.0004 0.0003 0.0005 0.0004 0.0003 0.0003 0.0006 0.0004 0.0005 0.0004 0.0003 0.0002 0.0004 0.0006 0.0007 0.0005 0.0004 0.0003 0.0005 0.0006 0.0005 0.0004 0.0003 0.0003 0.0005 0.0001 0.0004 0.0002 0.0004 0.0003 0.0002 
0.0005 0.0005 0.0003 0.0006 0.0004 0.0008 0.0006 0.0009 0.0006 0.0009 0.0004 0.0009 0.0007 0.0004 0.0002 0.0007 0.0007 0.0005 0.0002 0.0004 0.0006 0.0002 0.0002 0.0004 0.0006 0.0006 0.0003 0.0005 0.0005 0.0001 0.0003 0.0005 0.0002 0.0004 0.0006 0.0004 0.0005 0.0002 0.0005 0.0005 0.0004 0.0003 0.0007 0.0006 0.0005 0.0006 0.0003 0.0002 0.0006 0.0004 0.0003 0.0009 0.0004 0.0002 0.0005 0.0002 0.0007 0.0004 0.0003 0.0005 0.0006 0.0005 0.0004 0.0002 
0.0003 0.0006 0.0006 0.0011 0.0005 0.0010 0.0005 0.0008 0.0007 0.0004 0.0005 0.0010 0.0005 0.0006 0.0005 0.0002 0.0006 0.0005 0.0004 0.0005 0.0006 0.0001 0.0005 0.0002 0.0001 0.0004 0.0006 0.0007 0.0003 0.0002 0.0003 0.0007 0.0004 0.0001 0.0006 0.0007 0.0003 0.0003 0.0005 0.0007 0.0006 0.0003 0.0006 0.0005 0.0007 0.0003 0.0004 0.0006 0.0004 0.0006 0.0003 0.0003 0.0003 0.0004 0.0005 0.0003 0.0004 0.0002 0.0008 0.0005 0.0006 0.0005 0.0004 0.0002 
