0.0020 0.0024 0.0039 0.0067 0.0026 0.0046 0.0039 0.0069 0.0039 0.0043 0.0041 0.0033 0.0033 0.0042 0.0024 0.0024 0.0041 0.0035 0.0015 0.0032 0.0018 0.0018 0.0004 0.0054 0.0030 0.0010 0.0038 0.0047 0.0047 0.0016 0.0028 0.0032 0.0013 0.0025 0.0014 0.0052 0.0021 0.0026 0.0031 0.0033 0.0011 0.0019 0.0026 0.0040 0.0051 0.0018 0.0041 0.0039 0.0010 0.0030 0.0016 0.0022 0.0032 0.0028 0.0025 0.0012 0.0016 0.0037 0.0014 0.0031 0.0015 0.0015 0.0007 0.0002 
0.0021 0.0033 0.0025 0.0065 0.0031 0.0057 0.0040 0.0040 0.0058 0.0085 0.0033 0.0043 0.0031 0.0038 0.0008 0.0011 0.0029 0.0015 0.0034 0.0017 0.0027 0.0021 0.0021 0.0027 0.0032 0.0014 0.0036 0.0032 0.0010 0.0029 0.0029 0.0021 0.0028 0.0020 0.0032 0.0049 0.0027 0.0013 0.0047 0.0049 0.0033 0.0044 0.0027 0.0041 0.0025 0.0037 0.0026 0.0049 0.0027 0.0038 0.0039 0.0029 0.0021 0.0036 0.0026 0.0035 0.0014 0.0018 0.0009 0.0041 0.0018 0.0010 0.0008 0.0006 
0.0020 0.0047 0.0042 0.0060 0.0015 0.0042 0.0024 0.0058 0.0038 0.0056 0.0021 0.0072 0.0015 0.0053 0.0021 0.0053 0.0046 0.0027 0.0032 0.0022 0.0032 0.0020 0.0022 0.0012 0.0034 0.0022 0.0026 0.0040 0.0023 0.0050 0.0016 0.0016 0.0037 0.0025 0.0029 0.0023 0.0018 0.0037 0.0040 0.0060 0.0033 0.0015 0.0039 0.0021 0.0019 0.0044 0.0055 0.0032 0.0033 0.0029 0.0039 0.0034 0.0033 0.0022 0.0017 0.0025 0.0026 0.0024 0.0039 0.0028 0.0029 0.0010 0.0008 0.0004 
0.0012 0.0014 0.0027 0.0019 0.0047 0.0042 0.0038 0.0070 0.0048 0.0062 0.0069 0.0054 0.0024 0.0030 0.0016 0.0032 0.0048 0.0024 0.0052 0.0025 0.0041 0.0046 0.0029 0.0028 0.0027 0.0032 0.0022 0.0048 0.0020 0.0048 0.0019 0.0043 0.0019 0.0039 0.0030 0.0058 0.0025 0.0038 0.0041 0.0040 0.0031 0.0032 0.0055 0.0043 0.0032 0.0034 0.0024 0.0053 0.0063 0.0028 0.0018 0.0030 0.0034 0.0021 0.0034 0.0032 0.0021 0.0021 0.0025 0.0034 0.0019 0.0012 0.0009 0.0007 
0.0019 0.0036 0.0032 0.0043 0.0047 0.0050 0.0046 0.0042 0.0052 0.0052 0.0032 0.0049 0.0034 0.0035 0.0040 0.0007 0.0034 0.0024 0.0029 0.0021 0.0025 0.0024 0.0014 0.0032 0.0015 0.0044 0.0016 0.0044 0.0019 0.0036 0.0023 0.0025 0.0019 0.0015 0.0013 0.0014 0.0030 0.0041 0.0019 0.0030 0.0023 0.0028 0.0021 0.0026 0.0047 0.0033 0.0024 0.0010 0.0043 0.0045 0.0011 0.0012 0.0045 0.0041 0.0048 0.0035 0.0025 0.0036 0.0021 0.0024 0.0012 0.0008 0.0001 0.0003 
0.0020 0.0014 0.0029 0.0028 0.0015 0.0046 0.0025 0.0041 0.0007 0.0095 0.0022 0.0055 0.0028 0.0037 0.0043 0.0021 0.0041 0.0027 0.0034 0.0021 0.0027 0.0031 0.0012 0.0016 0.0038 0.0037 0.0021 0.0052 0.0026 0.0037 0.0026 0.0044 0.0026 0.0037 0.0040 0.0032 0.0009 0.0014 0.0031 0.0040 0.0030 0.0026 0.0041 0.0008 0.0042 0.0026 0.0036 0.0011 0.0030 0.0026 0.0031 0.0013 0.0034 0.0030 0.0019 0.0028 0.0028 0.0026 0.0023 0.0029 0.0027 0.0008 0.0009 0.0009 
0.0018 0.0018 0.0043 0.0044 0.0038 0.0056 0.0040 0.0032 0.0023 0.0086 0.0033 0.0057 0.0032 0.0028 0.0032 0.0011 0.0040 0.0026 0.0031 0.0018 0.0022 0.0022 0.0037 0.0029 0.0037 0.0036 0.0029 0.0027 0.0018 0.0032 0.0026 0.0026 0.0025 0.0025 0.0023 0.0047 0.0019 0.0034 0.0023 0.0025 0.0041 0.0032 0.0022 0.0028 0.0063 0.0040 0.0033 0.0029 0.0030 0.0049 0.0015 0.0038 0.0035 0.0023 0.0018 0.0023 0.0030 0.0017 0.0025 0.0016 0.0026 0.0009 0.0003 0.0004 
0.0018 0.0054 0.0062 0.0063 0.0040 0.0037 0.0038 0.0034 0.0063 0.0069 0.0024 0.0053 0.0019 0.0031 0.0037 0.0040 0.0029 0.0018 0.0051 0.0024 0.0024 0.0016 0.0030 0.0031 0.0029 0.0011 0.0037 0.0027 0.0031 0.0028 0.0036 0.0024 0.0038 0.0022 0.0030 0.0026 0.0034 0.0021 0.0027 0.0021 0.0032 0.0042 0.0021 0.0031 0.0020 0.0025 0.0037 0.0044 0.0044 0.0035 0.0041 0.0015 0.0024 0.0039 0.0033 0.0046 0.0031 0.0050 0.0025 0.0019 0.0019 0.0016 0.0005 0.0005 
0.0005 0.0020 0.0025 0.0043 0.0031 0.0038 0.0019 0.0054 0.0025 0.0049 0.0045 0.0051 0.0018 0.0016 0.0026 0.0053 0.0020 0.0022 0.0013 0.0038 0.0045 0.0016 0.0040 0.0027 0.0046 0.0029 0.0016 0.0045 0.0027 0.0046 0.0042 0.0036 0.0008 0.0030 0.0013 0.0023 0.0031 0.0033 0.0014 0.0033 0.0020 0.0045 0.0024 0.0055 0.0045 0.0038 0.0055 0.0030 0.0033 0.0048 0.0031 0.0016 0.0026 0.0012 0.0010 0.0033 0.0008 0.0022 0.0011 0.0027 0.0028 0.0019 0.0007 0.0010 
0.0021 0.0026 0.0030 0.0042 0.0072 0.0058 0.0075 0.0039 0.0051 0.0055 0.0061 0.0044 0.0046 0.0031 0.0017 0.0036 0.0059 0.0044 0.0035 0.0019 0.0028 0.0011 0.0031 0.0038 0.0014 0.0031 0.0027 0.0013 0.0044 0.0022 0.0019 0.0045 0.0045 0.0033 0.0033 0.0028 0.0014 0.0028 0.0028 0.0056 0.0032 0.0028 0.0039 0.0026 0.0062 0.0027 0.0046 0.0034 0.0051 0.0026 0.0024 0.0025 0.0030 0.0038 0.0027 0.0042 0.0020 0.0015 0.0012 0.0020 0.0017 0.0021 0.0014 0.0010 
0.0013 0.0021 0.0048 0.0046 0.0017 0.0062 0.0022 0.0032 0.0040 0.0089 0.0045 0.0054 0.0042 0.0034 0.0028 0.0018 0.0039 0.0010 0.0039 0.0048 0.0038 0.0040 0.0026 0.0037 0.0038 0.0034 0.0023 0.0035 0.0026 0.0017 0.0038 0.0033 0.0016 0.0023 0.0025 0.0035 0.0027 0.0026 0.0069 0.0027 0.0033 0.0028 0.0021 0.0030 0.0045 0.0040 0.0046 0.0040 0.0028 0.0032 0.0032 0.0030 0.0021 0.0025 0.0022 0.0034 0.0021 0.0020 0.0025 0.0032 0.0024 0.0007 0.0008 0.0012 
0.0010 0.0015 0.0043 0.0053 0.0039 0.0055 0.0018 0.0029 0.0069 0.0052 0.0034 0.0045 0.0027 0.0032 0.0037 0.0021 0.0050 0.0030 0.0019 0.0018 0.0028 0.0017 0.0019 0.0031 0.0044 0.0028 0.0026 0.0027 0.0024 0.0046 0.0046 0.0029 0.0023 0.0026 0.0024 0.0029 0.0032 0.0026 0.0013 0.0038 0.0017 0.0025 0.0024 0.0045 0.0032 0.0035 0.0026 0.0071 0.0025 0.0029 0.0024 0.0027 0.0034 0.0021 0.0028 0.0026 0.0025 0.0026 0.0038 0.0017 0.0025 0.0007 0.0007 0.0003 
0.0031 0.0037 0.0053 0.0053 0.0030 0.0043 0.0020 0.0057 0.0014 0.0067 0.0078 0.0042 0.0030 0.0033 0.0048 0.0024 0.0047 0.0027 0.0034 0.0016 0.0015 0.0017 0.0020 0.0025 0.0030 0.0047 0.0040 0.0016 0.0019 0.0023 0.0016 0.0009 0.0027 0.0026 0.0030 0.0023 0.0015 0.0040 0.0026 0.0030 0.0011 0.0030 0.0029 0.0023 0.0049 0.0022 0.0067 0.0009 0.0031 0.0043 0.0033 0.0023 0.0046 0.0033 0.0022 0.0024 0.0019 0.0027 0.0014 0.0030 0.0039 0.0020 0.0003 0.0004 
0.0017 0.0038 0.0042 0.0051 0.0026 0.0041 0.0027 0.0061 0.0027 0.0042 0.0046 0.0038 0.0029 0.0060 0.0036 0.0027 0.0024 0.0033 0.0043 0.0026 0.0030 0.0016 0.0024 0.0039 0.0038 0.0033 0.0040 0.0030 0.0016 0.0021 0.0031 0.0041 0.0021 0.0019 0.0026 0.0021 0.0030 0.0028 0.0011 0.0053 0.0022 0.0027 0.0035 0.0008 0.0014 0.0029 0.0012 0.0045 0.0047 0.0035 0.0023 0.0030 0.0021 0.0018 0.0029 0.0047 0.0025 0.0037 0.0023 0.0024 0.0017 0.0020 0.0006 0.0005 
0.0036 0.0033 0.0042 0.0032 0.0030 0.0060 0.0057 0.0056 0.0039 0.0060 0.0054 0.0037 0.0040 0.0062 0.0029 0.0032 0.0028 0.0023 0.0040 0.0038 0.0016 0.0023 0.0009 0.0033 0.0038 0.0025 0.0046 0.0038 0.0026 0.0028 0.0041 0.0036 0.0027 0.0019 0.0028 0.0032 0.0020 0.0017 0.0011 0.0039 0.0026 0.0026 0.0017 0.0036 0.0036 0.0016 0.0029 0.0033 0.0033 0.0030 0.0031 0.0044 0.0017 0.0019 0.0023 0.0010 0.0038 0.0015 0.0021 0.0021 0.0014 0.0011 0.0005 0.0006 
0.0026 0.0046 0.0038 0.0056 0.0028 0.0015 0.0032 0.0039 0.0037 0.0110 0.0021 0.0032 0.0023 0.0057 0.0064 0.0030 0.0040 0.0027 0.0021 0.0047 0.0032 0.0021 0.0022 0.0014 0.0028 0.0026 0.0020 0.0020 0.0033 0.0026 0.0017 0.0027 0.0020 0.0010 0.0026 0.0024 0.0021 0.0025 0.0019 0.0052 0.0028 0.0041 0.0033 0.0026 0.0040 0.0035 0.0009 0.0033 0.0021 0.0027 0.0023 0.0020 0.0025 0.0025 0.0019 0.0026 0.0043 0.0018 0.0034 0.0033 0.0020 0.0012 0.0005 0.0001 
0.0004 0.0038 0.0019 0.0029 0.0028 0.0071 0.0041 0.0068 0.0049 0.0014 0.0074 0.0022 0.0023 0.0021 0.0028 0.0045 0.0042 0.0056 0.0020 0.0033 0.0019 0.0037 0.0040 0.0014 0.0011 0.0046 0.0026 0.0039 0.0039 0.0042 0.0037 0.0037 0.0031 0.0014 0.0028 0.0057 0.0020 0.0034 0.0037 0.0019 0.0023 0.0041 0.0029 0.0025 0.0057 0.0028 0.0050 0.0022 0.0040 0.0008 0.0029 0.0014 0.0030 0.0024 0.0019 0.0032 0.0028 0.0008 0.0006 0.0023 0.0011 0.0012 0.0004 0.0001 
0.0015 0.0043 0.0062 0.0044 0.0024 0.0059 0.0037 0.0094 0.0021 0.0108 0.0034 0.0045 0.0027 0.0026 0.0027 0.0047 0.0033 0.0039 0.0021 0.0024 0.0031 0.0037 0.0030 0.0009 0.0032 0.0013 0.0028 0.0020 0.0017 0.0040 0.0046 0.0033 0.0035 0.0025 0.0015 0.0038 0.0029 0.0029 0.0031 0.0033 0.0018 0.0031 0.0036 0.0058 0.0016 0.0027 0.0031 0.0023 0.0012 0.0043 0.0048 0.0049 0.0015 0.0023 0.0030 0.0012 0.0011 0.0036 0.0024 0.0022 0.0023 0.0017 0.0003 0.0007 
0.0049 0.0058 0.0060 0.0039 0.0050 0.0041 0.0040 0.0041 0.0014 0.0074 0.0034 0.0030 0.0010 0.0030 0.0010 0.0032 0.0020 0.0027 0.0022 0.0040 0.0029 0.0037 0.0037 0.0031 0.0014 0.0037 0.0033 0.0029 0.0027 0.0014 0.0018 0.0042 0.0025 0.0020 0.0041 0.0029 0.0025 0.0028 0.0035 0.0034 0.0023 0.0026 0.0025 0.0032 0.0022 0.0033 0.0019 0.0029 0.0041 0.0030 0.0050 0.0017 0.0027 0.0031 0.0018 0.0026 0.0028 0.0030 0.0027 0.0026 0.0019 0.0014 0.0002 0.0003 
0.0015 0.0015 0.0050 0.0033 0.0040 0.0053 0.0025 0.0064 0.0027 0.0037 0.0050 0.0075 0.0031 0.0024 0.0031 0.0013 0.0059 0.0026 0.0037 0.0023 0.0041 0.0015 0.0028 0.0034 0.0052 0.0016 0.0020 0.0041 0.0027 0.0020 0.0019 0.0026 0.0026 0.0021 0.0028 0.0042 0.0026 0.0021 0.0025 0.0040 0.0044 0.0024 0.0054 0.0017 0.0030 0.0030 0.0046 0.0031 0.0019 0.0040 0.0034 0.0006 0.0022 0.0018 0.0020 0.0035 0.0026 0.0036 0.0013 0.0023 0.0018 0.0011 0.0004 0.0005 
0.0025 0.0032 0.0018 0.0046 0.0030 0.0069 0.0031 0.0066 0.0051 0.0097 0.0054 0.0044 0.0033 0.0039 0.0033 0.0028 0.0025 0.0047 0.0032 0.0027 0.0006 0.0022 0.0023 0.0022 0.0011 0.0035 0.0033 0.0036 0.0018 0.0016 0.0043 0.0036 0.0024 0.0025 0.0021 0.0030 0.0017 0.0016 0.0037 0.0014 0.0025 0.0029 0.0021 0.0018 0.0029 0.0048 0.0017 0.0033 0.0042 0.0029 0.0022 0.0029 0.0033 0.0046 0.0017 0.0023 0.0030 0.0028 0.0028 0.0026 0.0014 0.0008 0.0007 0.0007 
0.0027 0.0013 0.0062 0.0052 0.0070 0.0097 0.0030 0.0077 0.0054 0.0033 0.0007 0.0043 0.0055 0.0038 0.0021 0.0036 0.0028 0.0027 0.0030 0.0027 0.0043 0.0017 0.0031 0.0028 0.0038 0.0040 0.0027 0.0023 0.0026 0.0018 0.0034 0.0029 0.0016 0.0034 0.0024 0.0023 0.0028 0.0019 0.0068 0.0023 0.0015 0.0014 0.0038 0.0021 0.0037 0.0015 0.0044 0.0024 0.0066 0.0014 0.0013 0.0020 0.0045 0.0024 0.0016 0.0024 0.0021 0.0021 0.0029 0.0023 0.0037 0.0013 0.0005 0.0002 
0.0018 0.0024 0.0036 0.0015 0.0024 0.0029 0.0021 0.0059 0.0053 0.0088 0.0034 0.0037 0.0024 0.0025 0.0059 0.0037 0.0047 0.0023 0.0021 0.0023 0.0035 0.0005 0.0031 0.0038 0.0012 0.0024 0.0015 0.0034 0.0034 0.0013 0.0012 0.0029 0.0017 0.0044 0.0030 0.0036 0.0022 0.0015 0.0028 0.0054 0.0036 0.0026 0.0037 0.0031 0.0032 0.0065 0.0045 0.0026 0.0021 0.0019 0.0025 0.0041 0.0031 0.0013 0.0039 0.0026 0.0025 0.0033 0.0035 0.0035 0.0010 0.0008 0.0004 0.0005 
0.0010 0.0030 0.0063 0.0018 0.0054 0.0055 0.0025 0.0063 0.0020 0.0051 0.0030 0.0055 0.0028 0.0048 0.0031 0.0028 0.0036 0.0041 0.0026 0.0017 0.0029 0.0018 0.0020 0.0036 0.0030 0.0029 0.0029 0.0041 0.0021 0.0025 0.0027 0.0019 0.0011 0.0037 0.0036 0.0031 0.0035 0.0021 0.0036 0.0072 0.0032 0.0047 0.0036 0.0011 0.0026 0.0027 0.0045 0.0037 0.0013 0.0016 0.0025 0.0020 0.0026 0.0018 0.0024 0.0018 0.0009 0.0031 0.0026 0.0031 0.0036 0.0015 0.0004 0.0004 
0.0021 0.0059 0.0081 0.0043 0.0054 0.0047 0.0031 0.0040 0.0049 0.0106 0.0067 0.0068 0.0029 0.0014 0.0023 0.0024 0.0043 0.0025 0.0030 0.0032 0.0040 0.0027 0.0025 0.0021 0.0012 0.0038 0.0013 0.0037 0.0019 0.0021 0.0028 0.0026 0.0014 0.0028 0.0023 0.0035 0.0014 0.0021 0.0034 0.0035 0.0023 0.0018 0.0020 0.0031 0.0046 0.0054 0.0043 0.0016 0.0033 0.0030 0.0041 0.0030 0.0034 0.0032 0.0020 0.0018 0.0012 0.0023 0.0021 0.0033 0.0026 0.0005 0.0004 0.0001 
0.0022 0.0013 0.0034 0.0019 0.0030 0.0076 0.0022 0.0040 0.0018 0.0069 0.0073 0.0032 0.0031 0.0048 0.0031 0.0047 0.0017 0.0043 0.0049 0.0010 0.0015 0.0052 0.0012 0.0029 0.0053 0.0072 0.0022 0.0037 0.0044 0.0020 0.0033 0.0020 0.0015 0.0013 0.0031 0.0032 0.0035 0.0025 0.0039 0.0022 0.0047 0.0030 0.0051 0.0026 0.0025 0.0016 0.0045 0.0037 0.0057 0.0044 0.0015 0.0020 0.0019 0.0023 0.0022 0.0037 0.0017 0.0023 0.0013 0.0018 0.0023 0.0012 0.0004 0.0005 
0.0016 0.0032 0.0041 0.0064 0.0029 0.0070 0.0037 0.0061 0.0019 0.0105 0.0058 0.0090 0.0036 0.0043 0.0043 0.0041 0.0062 0.0042 0.0037 0.0024 0.0054 0.0021 0.0043 0.0070 0.0099 0.0038 0.0054 0.0046 0.0030 0.0044 0.0035 0.0015 0.0014 0.0041 0.0044 0.0030 0.0051 0.0015 0.0069 0.0044 0.0054 0.0031 0.0069 0.0036 0.0017 0.0025 0.0024 0.0049 0.0019 0.0029 0.0043 0.0036 0.0032 0.0026 0.0033 0.0037 0.0024 0.0022 0.0026 0.0026 0.0030 0.0016 0.0004 0.0005 
0.0019 0.0067 0.0060 0.0046 0.0034 0.0047 0.0035 0.0071 0.0028 0.0144 0.0029 0.0055 0.0066 0.0083 0.0077 0.0052 0.0036 0.0037 0.0041 0.0029 0.0046 0.0030 0.0048 0.0072 0.0044 0.0051 0.0057 0.0032 0.0015 0.0018 0.0025 0.0008 0.0021 0.0038 0.0023 0.0029 0.0033 0.0044 0.0016 0.0033 0.0021 0.0019 0.0033 0.0025 0.0059 0.0052 0.0031 0.0035 0.0046 0.0020 0.0020 0.0041 0.0036 0.0023 0.0031 0.0024 0.0026 0.0032 0.0033 0.0014 0.0027 0.0015 0.0002 0.0002 
0.0221 0.0406 0.0592 0.0562 0.0145 0.0137 0.0258 0.0222 0.0118 0.0678 0.1359 0.2663 0.3578 0.2276 0.0519 0.0445 0.0602 0.0241 0.0487 0.0606 0.0445 0.0158 0.0290 0.0148 0.0195 0.0208 0.0127 0.0119 0.0232 0.0093 0.0134 0.0117 0.0084 0.0082 0.0082 0.0160 0.0121 0.0091 0.0208 0.0228 0.0253 0.0122 0.0092 0.0120 0.0108 0.0146 0.0177 0.0197 0.0175 0.0136 0.0126 0.0171 0.0113 0.0133 0.0230 0.0129 0.0112 0.0103 0.0191 0.0160 0.0176 0.0082 0.0033 0.0022 
0.0321 0.1255 0.4136 0.4432 0.1808 0.0630 0.2475 0.0903 0.2146 0.3506 0.1535 0.0739 0.1693 0.2222 0.3431 0.2907 0.1152 0.1349 0.2825 0.2656 0.3238 0.1311 0.0595 0.2218 0.0990 0.2350 0.2056 0.0934 0.0532 0.1494 0.0751 0.0945 0.1083 0.1299 0.0733 0.1081 0.1205 0.1757 0.1148 0.0842 0.1321 0.1923 0.0949 0.0969 0.0528 0.0487 0.0950 0.0814 0.0262 0.0150 0.0327 0.0401 0.0152 0.0301 0.0103 0.0290 0.0250 0.0144 0.0288 0.0284 0.0130 0.0124 0.0106 0.0112 
0.0935 0.1604 0.4827 0.2709 0.2769 0.1703 0.3548 0.1187 0.1774 0.2639 0.2084 0.1615 0.2503 0.2139 0.2475 0.3347 0.1975 0.3199 0.1236 0.2240 0.3550 0.2447 0.2286 0.1874 0.2504 0.1920 0.1219 0.0910 0.1373 0.1027 0.1553 0.0248 0.0708 0.0649 0.0566 0.1122 0.1240 0.0337 0.0579 0.1077 0.0659 0.0809 0.0649 0.0361 0.0623 0.0618 0.0514 0.0540 0.0245 0.0561 0.0532 0.0828 0.0385 0.0290 0.0613 0.0507 0.0511 0.0132 0.0274 0.0481 0.0328 0.0054 0.0025 0.0052 
0.1062 0.1438 0.5331 0.3047 0.4074 0.1825 0.4277 0.1428 0.1004 0.1728 0.3330 0.1949 0.2524 0.3487 0.1760 0.2754 0.2172 0.2042 0.1721 0.0797 0.2441 0.3009 0.1355 0.1867 0.1526 0.1503 0.1560 0.1477 0.1053 0.1833 0.2283 0.1869 0.1916 0.1628 0.1479 0.1199 0.1022 0.0863 0.0592 0.1096 0.0544 0.0191 0.0565 0.0278 0.0506 0.0714 0.0700 0.0572 0.0514 0.0619 0.0722 0.0715 0.0967 0.0455 0.0438 0.0172 0.0505 0.0422 0.0336 0.0123 0.0206 0.0231 0.0070 0.0045 
0.0146 0.1052 0.3730 0.3823 0.6153 0.1595 0.1945 0.2790 0.1833 0.2916 0.4946 0.3256 0.3160 0.2055 0.3298 0.2075 0.2259 0.2827 0.2563 0.3163 0.3059 0.3128 0.2336 0.0397 0.1984 0.3292 0.2214 0.2075 0.2366 0.2397 0.1014 0.1392 0.1227 0.1772 0.2144 0.1696 0.1652 0.1018 0.0925 0.1055 0.1273 0.1507 0.0931 0.1540 0.0801 0.0807 0.1023 0.0764 0.0882 0.0601 0.0914 0.0813 0.0684 0.0957 0.0753 0.0284 0.0315 0.0379 0.0562 0.0839 0.0577 0.0183 0.0082 0.0042 
0.0979 0.1364 0.1776 0.3666 0.7795 0.1790 0.2592 0.2101 0.2306 0.1605 0.4109 0.2410 0.2272 0.3668 0.3014 0.6345 0.2325 0.1878 0.0598 0.3043 0.2388 0.3527 0.3344 0.3981 0.2094 0.2749 0.0873 0.2279 0.1316 0.3341 0.3703 0.1689 0.1615 0.1352 0.1276 0.2096 0.0837 0.1353 0.1285 0.0561 0.0703 0.0791 0.1005 0.1358 0.0409 0.0696 0.0777 0.0863 0.0931 0.0968 0.0665 0.0950 0.0593 0.0690 0.0555 0.0464 0.0669 0.0379 0.0528 0.0912 0.0859 0.0165 0.0057 0.0085 
0.0658 0.1299 0.2627 0.4591 0.4581 0.4284 0.0927 0.2615 0.1311 0.2828 0.1065 0.3827 0.4087 0.8034 0.7229 0.6948 0.3301 0.0960 0.4436 0.2819 0.3515 0.3137 0.5391 0.3260 0.2251 0.1713 0.2025 0.2147 0.1323 0.1925 0.2016 0.2709 0.2986 0.3198 0.1222 0.1288 0.2256 0.3695 0.3958 0.1893 0.2136 0.3238 0.1954 0.1265 0.2231 0.1520 0.0937 0.1090 0.1611 0.1366 0.0946 0.1111 0.1463 0.1827 0.1066 0.2079 0.2045 0.1397 0.1053 0.0623 0.0595 0.1179 0.0681 0.0509 
0.0387 0.1138 0.1637 0.3078 0.1808 0.5012 0.0864 0.0639 0.1087 0.0664 0.0943 0.1381 0.2871 1.4888 0.3047 0.5264 0.2104 0.3681 0.4203 0.0873 0.2535 0.1741 0.1591 0.1575 0.0992 0.1338 0.1150 0.2220 0.0991 0.3960 0.3291 0.4199 0.5357 0.2577 0.1043 0.1529 0.1543 0.2303 0.1614 0.1720 0.1902 0.2355 0.3001 0.1652 0.0657 0.0392 0.0987 0.1121 0.2279 0.1265 0.0488 0.1795 0.1955 0.1387 0.0502 0.1023 0.0859 0.1479 0.1832 0.1576 0.1288 0.0397 0.0613 0.0520 
0.0553 0.0849 0.1882 0.3422 0.1730 0.4472 0.1500 0.0998 0.0311 0.0688 0.1751 0.1983 0.4274 1.2553 0.7556 0.2004 0.2154 0.1710 0.2019 0.2093 0.2317 0.0510 0.1283 0.1281 0.0979 0.0512 0.0796 0.1697 0.0605 0.2709 0.2710 0.2702 0.2485 0.0962 0.1933 0.1483 0.1297 0.1848 0.1248 0.0310 0.1732 0.2185 0.1422 0.0821 0.1273 0.0542 0.1007 0.1300 0.0943 0.1254 0.0550 0.0720 0.1185 0.0604 0.0765 0.0625 0.0230 0.0720 0.0373 0.0461 0.0870 0.0303 0.0154 0.0137 
0.0734 0.0889 0.0926 0.2244 0.1996 0.2784 0.1119 0.1008 0.0824 0.0419 0.1803 0.1399 0.4525 0.8656 0.3691 0.1119 0.1344 0.0495 0.1021 0.0791 0.0685 0.0203 0.0287 0.0259 0.0302 0.0312 0.0298 0.0649 0.1032 0.0612 0.0850 0.0738 0.0408 0.0281 0.0419 0.0266 0.0344 0.0201 0.0389 0.0324 0.0383 0.0169 0.0257 0.0191 0.0239 0.0121 0.0262 0.0308 0.0382 0.0226 0.0294 0.0289 0.0262 0.0157 0.0211 0.0059 0.0092 0.0215 0.0212 0.0288 0.0209 0.0175 0.0124 0.0106 
0.0520 0.0533 0.0396 0.0421 0.1486 0.1086 0.0616 0.0675 0.0338 0.0488 0.0793 0.0781 0.2169 0.4909 0.1434 0.0623 0.0723 0.0349 0.0336 0.0455 0.0393 0.0286 0.0196 0.0184 0.0137 0.0144 0.0252 0.0222 0.0350 0.0322 0.0231 0.0135 0.0138 0.0098 0.0106 0.0059 0.0181 0.0124 0.0099 0.0137 0.0107 0.0092 0.0064 0.0062 0.0114 0.0097 0.0115 0.0106 0.0116 0.0130 0.0159 0.0088 0.0117 0.0158 0.0051 0.0088 0.0043 0.0093 0.0077 0.0078 0.0048 0.0055 0.0046 0.0042 
0.0334 0.0333 0.0503 0.0904 0.1104 0.1190 0.0851 0.0578 0.0360 0.0601 0.0542 0.0742 0.2874 0.4110 0.1095 0.0899 0.0223 0.0357 0.0541 0.0390 0.0316 0.0147 0.0070 0.0029 0.0044 0.0042 0.0185 0.0351 0.0282 0.0172 0.0265 0.0193 0.0092 0.0111 0.0088 0.0077 0.0093 0.0129 0.0111 0.0051 0.0109 0.0078 0.0069 0.0059 0.0078 0.0070 0.0132 0.0103 0.0075 0.0089 0.0030 0.0040 0.0048 0.0048 0.0061 0.0053 0.0052 0.0040 0.0035 0.0074 0.0046 0.0020 0.0009 0.0004 
0.0059 0.0152 0.0365 0.0453 0.1184 0.1300 0.0322 0.0441 0.0285 0.0400 0.0418 0.1319 0.1227 0.3632 0.1034 0.0613 0.0196 0.0270 0.0262 0.0281 0.0266 0.0110 0.0040 0.0060 0.0071 0.0061 0.0166 0.0248 0.0243 0.0234 0.0139 0.0071 0.0068 0.0045 0.0045 0.0058 0.0072 0.0075 0.0082 0.0093 0.0085 0.0039 0.0030 0.0082 0.0044 0.0096 0.0060 0.0033 0.0099 0.0065 0.0039 0.0030 0.0020 0.0033 0.0036 0.0050 0.0061 0.0035 0.0026 0.0045 0.0061 0.0011 0.0011 0.0009 
0.0133 0.0210 0.0367 0.0597 0.1117 0.1068 0.0589 0.0396 0.0270 0.0597 0.0783 0.0538 0.1752 0.2728 0.0637 0.0628 0.0464 0.0139 0.0242 0.0363 0.0203 0.0035 0.0058 0.0096 0.0051 0.0134 0.0113 0.0157 0.0172 0.0121 0.0094 0.0099 0.0079 0.0065 0.0077 0.0104 0.0054 0.0039 0.0052 0.0077 0.0115 0.0046 0.0074 0.0076 0.0067 0.0039 0.0083 0.0069 0.0047 0.0034 0.0020 0.0012 0.0088 0.0049 0.0062 0.0068 0.0075 0.0067 0.0066 0.0061 0.0051 0.0034 0.0038 0.0037 
0.0093 0.0192 0.0263 0.0565 0.0645 0.0900 0.0463 0.0293 0.0291 0.0337 0.0596 0.0314 0.2015 0.2405 0.0632 0.0195 0.0308 0.0080 0.0240 0.0238 0.0105 0.0051 0.0031 0.0043 0.0036 0.0067 0.0074 0.0112 0.0085 0.0087 0.0161 0.0072 0.0052 0.0040 0.0072 0.0052 0.0072 0.0085 0.0055 0.0107 0.0043 0.0036 0.0043 0.0043 0.0062 0.0080 0.0047 0.0065 0.0028 0.0046 0.0060 0.0078 0.0016 0.0024 0.0042 0.0049 0.0036 0.0046 0.0036 0.0054 0.0032 0.0017 0.0019 0.0022 
0.0105 0.0156 0.0226 0.0302 0.0547 0.0583 0.0247 0.0144 0.0192 0.0105 0.0312 0.0767 0.0901 0.1635 0.0332 0.0190 0.0059 0.0074 0.0141 0.0168 0.0095 0.0027 0.0028 0.0041 0.0020 0.0020 0.0051 0.0064 0.0106 0.0105 0.0074 0.0043 0.0052 0.0043 0.0038 0.0046 0.0050 0.0057 0.0066 0.0088 0.0095 0.0057 0.0052 0.0035 0.0037 0.0045 0.0058 0.0063 0.0065 0.0032 0.0053 0.0055 0.0053 0.0041 0.0049 0.0066 0.0066 0.0040 0.0021 0.0032 0.0052 0.0005 0.0005 0.0005 
0.0055 0.0124 0.0192 0.0384 0.0293 0.0293 0.0338 0.0132 0.0124 0.0111 0.0166 0.0335 0.0757 0.1094 0.0218 0.0105 0.0071 0.0034 0.0100 0.0133 0.0052 0.0037 0.0033 0.0017 0.0012 0.0023 0.0020 0.0065 0.0105 0.0071 0.0089 0.0062 0.0031 0.0028 0.0037 0.0029 0.0033 0.0052 0.0026 0.0051 0.0082 0.0023 0.0013 0.0032 0.0028 0.0042 0.0032 0.0044 0.0027 0.0029 0.0013 0.0032 0.0023 0.0022 0.0032 0.0047 0.0038 0.0032 0.0050 0.0020 0.0041 0.0036 0.0013 0.0009 
0.0008 0.0132 0.0104 0.0227 0.0140 0.0165 0.0085 0.0083 0.0059 0.0051 0.0174 0.0174 0.0441 0.0335 0.0063 0.0058 0.0020 0.0050 0.0038 0.0059 0.0024 0.0008 0.0012 0.0019 0.0017 0.0008 0.0024 0.0009 0.0029 0.0042 0.0059 0.0013 0.0028 0.0020 0.0014 0.0013 0.0010 0.0012 0.0031 0.0014 0.0044 0.0018 0.0010 0.0017 0.0014 0.0022 0.0019 0.0023 0.0014 0.0021 0.0015 0.0020 0.0014 0.0006 0.0019 0.0012 0.0022 0.0015 0.0012 0.0017 0.0017 0.0012 0.0003 0.0003 
0.0009 0.0026 0.0031 0.0041 0.0044 0.0053 0.0026 0.0016 0.0008 0.0026 0.0013 0.0024 0.0035 0.0035 0.0017 0.0010 0.0003 0.0003 0.0005 0.0004 0.0007 0.0004 0.0005 0.0003 0.0003 0.0008 0.0005 0.0011 0.0004 0.0012 0.0008 0.0002 0.0004 0.0005 0.0003 0.0003 0.0005 0.0006 0.0003 0.0008 0.0014 0.0004 0.0002 0.0006 0.0009 0.0010 0.0004 0.0005 0.0001 0.0004 0.0005 0.0006 0.0007 0.0006 0.0006 0.0008 0.0005 0.0007 0.0004 0.0003 0.0005 0.0006 0.0003 0.0001 
0.0007 0.0012 0.0016 0.0018 0.0027 0.0015 0.0017 0.0009 0.0006 0.0005 0.0014 0.0014 0.0032 0.0031 0.0012 0.0006 0.0004 0.0005 0.0003 0.0006 0.0007 0.0006 0.0005 0.0005 0.0004 0.0006 0.0002 0.0005 0.0004 0.0006 0.0003 0.0002 0.0003 0.0003 0.0005 0.0004 0.0007 0.0002 0.0006 0.0006 0.0007 0.0007 0.0004 0.0004 0.0005 0.0005 0.0004 0.0008 0.0009 0.0002 0.0002 0.0006 0.0004 0.0005 0.0007 0.0008 0.0004 0.0002 0.0005 0.0006 0.0003 0.0006 0.0002 0.0003 
0.0003 0.0007 0.0013 0.0030 0.0022 0.0006 0.0008 0.0014 0.0005 0.0011 0.0003 0.0015 0.0014 0.0016 0.0012 0.0005 0.0003 0.0004 0.0003 0.0006 0.0003 0.0005 0.0003 0.0003 0.0003 0.0002 0.0003 0.0004 0.0005 0.0007 0.0006 0.0006 0.0002 0.0004 0.0005 0.0008 0.0004 0.0001 0.0002 0.0006 0.0004 0.0005 0.0008 0.0006 0.0005 0.0007 0.0005 0.0002 0.0005 0.0007 0.0001 0.0003 0.0001 0.0006 0.0003 0.0003 0.0004 0.0005 0.0004 0.0005 0.0007 0.0004 0.0001 0.0003 
0.0003 0.0006 0.0007 0.0006 0.0018 0.0006 0.0006 0.0006 0.0005 0.0011 0.0005 0.0008 0.0009 0.0018 0.0005 0.0004 0.0004 0.0003 0.0003 0.0004 0.0002 0.0004 0.0002 0.0002 0.0003 0.0002 0.0006 0.0001 0.0003 0.0007 0.0003 0.0007 0.0004 0.0008 0.0002 0.0003 0.0004 0.0005 0.0005 0.0003 0.0003 0.0005 0.0005 0.0003 0.0007 0.0002 0.0003 0.0006 0.0003 0.0004 0.0004 0.0005 0.0004 0.0005 0.0004 0.0003 0.0003 0.0004 0.0005 0.0004 0.0005 0.0005 0.0003 0.0005 
0.0002 0.0006 0.0008 0.0005 0.0006 0.0005 0.0003 0.0009 0.0006 0.0009 0.0002 0.0007 0.0009 0.0007 0.0006 0.0007 0.0002 0.0004 0.0003 0.0001 0.0003 0.0005 0.0002 0.0004 0.0004 0.0002 0.0004 0.0007 0.0006 0.0005 0.0002 0.0005 0.0009 0.0003 0.0006 0.0004 0.0002 0.0004 0.0005 0.0005 0.0002 0.0002 0.0004 0.0004 0.0002 0.0005 0.0006 0.0004 0.0006 0.0004 0.0004 0.0005 0.0004 0.0004 0.0003 0.0004 0.0005 0.0003 0.0004 0.0004 0.0005 0.0003 0.0004 0.0002 
0.0002 0.0004 0.0012 0.0006 0.0011 0.0009 0.0001 0.0011 0.0003 0.0008 0.0007 0.0005 0.0007 0.0006 0.0006 0.0003 0.0004 0.0004 0.0004 0.0003 0.0003 0.0001 0.0004 0.0002 0.0004 0.0002 0.0003 0.0005 0.0005 0.0004 0.0006 0.0003 0.0004 0.0002 0.0004 0.0003 0.0003 0.0005 0.0006 0.0005 0.0002 0.0005 0.0003 0.0005 0.0003 0.0002 0.0004 0.0005 0.0004 0.0003 0.0005 0.0006 0.0005 0.0007 0.0005 0.0002 0.0003 0.0003 0.0005 0.0002 0.0003 0.0002 0.0005 0.0001 
0.0009 0.0012 0.0011 0.0026 0.0023 0.0025 0.0035 0.0039 0.0041 0.0033 0.0085 0.0122 0.0085 0.0080 0.0054 0.0045 0.0033 0.0034 0.0020 0.0033 0.0034 0.0027 0.0031 0.0039 0.0030 0.0027 0.0020 0.0015 0.0013 0.0017 0.0007 0.0008 0.0006 0.0006 0.0006 0.0011 0.0014 0.0011 0.0014 0.0010 0.0008 0.0006 0.0003 0.0020 0.0026 0.0014 0.0039 0.0026 0.0031 0.0024 0.0023 0.0031 0.0015 0.0010 0.0008 0.0009 0.0009 0.0010 0.0012 0.0009 0.0006 0.0006 0.0003 0.0002 
0.0007 0.0004 0.0009 0.0025 0.0015 0.0007 0.0022 0.0017 0.0006 0.0018 0.0079 0.0031 0.0043 0.0051 0.0020 0.0022 0.0015 0.0012 0.0010 0.0023 0.0018 0.0016 0.0022 0.0009 0.0010 0.0009 0.0007 0.0005 0.0006 0.0006 0.0004 0.0009 0.0004 0.0009 0.0006 0.0007 0.0009 0.0006 0.0009 0.0004 0.0008 0.0006 0.0006 0.0009 0.0011 0.0011 0.0013 0.0008 0.0011 0.0011 0.0005 0.0006 0.0005 0.0006 0.0006 0.0007 0.0003 0.0004 0.0006 0.0003 0.0004 0.0008 0.0001 0.0004 
0.0003 0.0009 0.0009 0.0005 0.0006 0.0006 0.0012 0.0007 0.0003 0.0017 0.0020 0.0002 0.0011 0.0011 0.0009 0.0006 0.0006 0.0008 0.0007 0.0010 0.0007 0.0005 0.0003 0.0006 0.0010 0.0007 0.0004 0.0006 0.0004 0.0004 0.0004 0.0006 0.0002 0.0004 0.0005 0.0004 0.0004 0.0003 0.0005 0.0002 0.0005 0.0004 0.0007 0.0004 0.0005 0.0003 0.0006 0.0004 0.0002 0.0007 0.0004 0.0004 0.0007 0.0005 0.0004 0.0005 0.0005 0.0003 0.0005 0.0004 0.0004 0.0007 0.0002 0.0002 
0.0003 0.0007 0.0012 0.0013 0.0006 0.0007 0.0007 0.0011 0.0003 0.0014 0.0004 0.0008 0.0003 0.0005 0.0006 0.0004 0.0004 0.0003 0.0005 0.0004 0.0003 0.0006 0.0003 0.0004 0.0004 0.0004 0.0006 0.0004 0.0004 0.0004 0.0003 0.0005 0.0003 0.0003 0.0004 0.0003 0.0005 0.0004 0.0005 0.0005 0.0003 0.0003 0.0002 0.0002 0.0005 0.0004 0.0004 0.0005 0.0004 0.0003 0.0002 0.0006 0.0002 0.0006 0.0005 0.0001 0.0004 0.0003 0.0005 0.0003 0.0005 0.0006 0.0002 0.0003 
0.0006 0.0006 0.0008 0.0008 0.0004 0.0004 0.0007 0.0008 0.0005 0.0005 0.0006 0.0006 0.0004 0.0005 0.0003 0.0002 0.0006 0.0005 0.0006 0.0003 0.0003 0.0003 0.0004 0.0004 0.0004 0.0003 0.0005 0.0003 0.0005 0.0004 0.0004 0.0006 0.0004 0.0002 0.0003 0.0005 0.0003 0.0004 0.0003 0.0003 0.0003 0.0004 0.0004 0.0002 0.0005 0.0002 0.0006 0.0003 0.0002 0.0003 0.0003 0.0001 0.0005 0.0003 0.0004 0.0002 0.0003 0.0003 0.0006 0.0005 0.0005 0.0003 0.0002 0.0002 
0.0001 0.0006 0.0004 0.0007 0.0004 0.0009 0.0003 0.0006 0.0005 0.0008 0.0003 0.0005 0.0005 0.0005 0.0005 0.0005 0.0004 0.0006 0.0004 0.0002 0.0001 0.0003 0.0002 0.0003 0.0003 0.0002 0.0004 0.0003 0.0003 0.0003 0.0002 0.0004 0.0002 0.0004 0.0002 0.0005 0.0004 0.0004 0.0002 0.0004 0.0004 0.0003 0.0003 0.0001 0.0003 0.0002 0.0004 0.0003 0.0007 0.0001 0.0002 0.0003 0.0003 0.0003 0.0003 0.0005 0.0005 0.0004 0.0006 0.0005 0.0005 0.0001 0.0005 0.0003 
0.0001 0.0005 0.0007 0.0004 0.0004 0.0005 0.0003 0.0010 0.0002 0.0011 0.0005 0.0005 0.0003 0.0004 0.0005 0.0003 0.0003 0.0003 0.0005 0.0003 0.0004 0.0003 0.0002 0.0003 0.0003 0.0004 0.0003 0.0003 0.0005 0.0003 0.0004 0.0002 0.0002 0.0004 0.0004 0.0004 0.0003 0.0004 0.0003 0.0003 0.0005 0.0006 0.0005 0.0003 0.0008 0.0004 0.0004 0.0002 0.0004 0.0003 0.0002 0.0004 0.0005 0.0002 0.0004 0.0002 0.0005 0.0005 0.0004 0.0006 0.0003 0.0003 0.0002 0.0004 
0.0002 0.0003 0.0006 0.0006 0.0005 0.0007 0.0003 0.0005 0.0005 0.0007 0.0004 0.0006 0.0005 0.0001 0.0003 0.0002 0.0004 0.0008 0.0004 0.0003 0.0002 0.0001 0.0006 0.0001 0.0002 0.0005 0.0005 0.0001 0.0005 0.0002 0.0003 0.0005 0.0002 0.0002 0.0004 0.0004 0.0002 0.0003 0.0002 0.0006 0.0004 0.0002 0.0003 0.0004 0.0004 0.0001 0.0002 0.0004 0.0005 0.0006 0.0004 0.0002 0.0003 0.0005 0.0007 0.0003 0.0006 0.0004 0.0003 0.0002 0.0004 0.0004 0.0003 0.0005 
0.0003 0.0004 0.0004 0.0004 0.0004 0.0008 0.0002 0.0010 0.0004 0.0011 0.0005 0.0004 0.0004 0.0006 0.0005 0.0002 0.0005 0.0002 0.0005 0.0003 0.0007 0.0004 0.0003 0.0003 0.0003 0.0003 0.0005 0.0002 0.0003 0.0005 0.0005 0.0003 0.0003 0.0003 0.0003 0.0004 0.0003 0.0003 0.0005 0.0002 0.0003 0.0005 0.0001 0.0004 0.0004 0.0004 0.0003 0.0003 0.0005 0.0006 0.0002 0.0003 0.0004 0.0004 0.0006 0.0003 0.0002 0.0007 0.0002 0.0007 0.0003 0.0005 0.0002 0.0003 
0.0003 0.0005 0.0007 0.0007 0.0005 0.0006 0.0008 0.0003 0.0003 0.0006 0.0005 0.0006 0.0004 0.0004 0.0003 0.0004 0.0004 0.0004 0.0003 0.0004 0.0003 0.0002 0.0002 0.0003 0.0002 0.0003 0.0003 0.0005 0.0004 0.0004 0.0003 0.0002 0.0004 0.0001 0.0004 0.0003 0.0002 0.0002 0.0002 0.0003 0.0003 0.0002 0.0003 0.0005 0.0003 0.0003 0.0003 0.0003 0.0004 0.0002 0.0003 0.0003 0.0006 0.0003 0.0004 0.0005 0.0004 0.0004 0.0003 0.0002 0.0005 0.0002 0.0004 0.0005 
0.0002 0.0005 0.0006 0.0006 0.0002 0.0005 0.0004 0.0008 0.0006 0.0012 0.0005 0.0008 0.0002 0.0008 0.0007 0.0006 0.0004 0.0003 0.0006 0.0005 0.0005 0.0004 0.0003 0.0004 0.0003 0.0004 0.0005 0.0004 0.0006 0.0004 0.0004 0.0004 0.0001 0.0003 0.0005 0.0004 0.0004 0.0002 0.0002 0.0003 0.0003 0.0002 0.0004 0.0003 0.0004 0.0003 0.0002 0.0004 0.0004 0.0006 0.0002 0.0004 0.0002 0.0003 0.0003 0.0006 0.0002 0.0004 0.0003 0.0004 0.0003 0.0002 0.0001 0.0003 
0.0002 0.0005 0.0007 0.0005 0.0003 0.0005 0.0004 0.0006 0.0004 0.0006 0.0002 0.0006 0.0004 0.0008 0.0002 0.0004 0.0001 0.0003 0.0001 0.0002 0.0003 0.0003 0.0002 0.0002 0.0001 0.0004 0.0005 0.0005 0.0004 0.0005 0.0004 0.0002 0.0004 0.0002 0.0003 0.0006 0.0004 0.0004 0.0005 0.0004 0.0004 0.0002 0.0005 0.0001 0.0005 0.0004 0.0003 0.0002 0.0002 0.0003 0.0003 0.0004 0.0004 0.0006 0.0002 0.0002 0.0004 0.0003 0.0003 0.0004 0.0003 0.0005 0.0003 0.0001 
