0.0008 0.0060 0.0033 0.0043 0.0049 0.0041 0.0029 0.0049 0.0031 0.0070 0.0030 0.0040 0.0031 0.0054 0.0024 0.0048 0.0048 0.0044 0.0031 0.0034 0.0045 0.0037 0.0034 0.0037 0.0013 0.0062 0.0059 0.0071 0.0045 0.0044 0.0028 0.0060 0.0035 0.0042 0.0037 0.0022 0.0078 0.0020 0.0030 0.0046 0.0039 0.0061 0.0020 0.0062 0.0035 0.0006 0.0023 0.0063 0.0029 0.0020 0.0054 0.0023 0.0032 0.0033 0.0044 0.0033 0.0047 0.0018 0.0044 0.0033 0.0032 0.0030 0.0023 0.0023 
0.0018 0.0022 0.0042 0.0037 0.0039 0.0064 0.0061 0.0080 0.0023 0.0023 0.0040 0.0050 0.0022 0.0043 0.0030 0.0029 0.0043 0.0020 0.0036 0.0050 0.0033 0.0036 0.0020 0.0035 0.0017 0.0035 0.0025 0.0028 0.0017 0.0023 0.0027 0.0022 0.0013 0.0044 0.0018 0.0019 0.0026 0.0028 0.0060 0.0049 0.0016 0.0052 0.0040 0.0020 0.0025 0.0027 0.0026 0.0041 0.0028 0.0056 0.0044 0.0036 0.0039 0.0031 0.0022 0.0011 0.0047 0.0012 0.0019 0.0019 0.0025 0.0025 0.0010 0.0005 
0.0024 0.0027 0.0023 0.0045 0.0046 0.0035 0.0030 0.0064 0.0046 0.0043 0.0026 0.0046 0.0037 0.0021 0.0033 0.0019 0.0029 0.0038 0.0021 0.0033 0.0030 0.0049 0.0027 0.0029 0.0030 0.0022 0.0025 0.0030 0.0025 0.0021 0.0033 0.0027 0.0038 0.0038 0.0045 0.0035 0.0032 0.0034 0.0042 0.0031 0.0036 0.0052 0.0041 0.0031 0.0042 0.0015 0.0038 0.0029 0.0037 0.0047 0.0020 0.0026 0.0024 0.0035 0.0027 0.0034 0.0014 0.0014 0.0026 0.0030 0.0026 0.0017 0.0007 0.0006 
0.0036 0.0049 0.0064 0.0019 0.0039 0.0071 0.0042 0.0066 0.0016 0.0029 0.0041 0.0070 0.0058 0.0025 0.0023 0.0040 0.0025 0.0024 0.0019 0.0022 0.0052 0.0013 0.0024 0.0025 0.0021 0.0040 0.0028 0.0037 0.0022 0.0025 0.0027 0.0044 0.0018 0.0046 0.0022 0.0029 0.0012 0.0029 0.0023 0.0047 0.0014 0.0031 0.0030 0.0032 0.0024 0.0020 0.0050 0.0031 0.0027 0.0046 0.0034 0.0014 0.0031 0.0026 0.0038 0.0034 0.0044 0.0017 0.0021 0.0016 0.0016 0.0008 0.0004 0.0005 
0.0036 0.0008 0.0035 0.0050 0.0006 0.0042 0.0023 0.0051 0.0014 0.0034 0.0034 0.0066 0.0042 0.0024 0.0039 0.0027 0.0037 0.0023 0.0020 0.0030 0.0044 0.0015 0.0017 0.0027 0.0033 0.0015 0.0013 0.0044 0.0028 0.0036 0.0016 0.0042 0.0021 0.0035 0.0033 0.0023 0.0015 0.0022 0.0030 0.0039 0.0031 0.0033 0.0016 0.0034 0.0027 0.0041 0.0044 0.0032 0.0026 0.0025 0.0038 0.0030 0.0026 0.0016 0.0022 0.0012 0.0017 0.0018 0.0028 0.0014 0.0020 0.0009 0.0007 0.0003 
0.0034 0.0017 0.0018 0.0049 0.0017 0.0035 0.0015 0.0065 0.0013 0.0032 0.0052 0.0066 0.0047 0.0053 0.0034 0.0025 0.0029 0.0026 0.0033 0.0022 0.0020 0.0053 0.0026 0.0039 0.0039 0.0004 0.0022 0.0035 0.0039 0.0059 0.0023 0.0034 0.0037 0.0037 0.0033 0.0026 0.0017 0.0041 0.0018 0.0032 0.0033 0.0026 0.0041 0.0010 0.0045 0.0040 0.0024 0.0026 0.0042 0.0008 0.0042 0.0022 0.0017 0.0020 0.0038 0.0008 0.0035 0.0029 0.0038 0.0017 0.0025 0.0005 0.0008 0.0007 
0.0020 0.0032 0.0041 0.0034 0.0032 0.0035 0.0031 0.0080 0.0041 0.0048 0.0019 0.0053 0.0024 0.0045 0.0010 0.0008 0.0029 0.0024 0.0024 0.0021 0.0031 0.0028 0.0037 0.0039 0.0036 0.0042 0.0037 0.0037 0.0019 0.0018 0.0035 0.0028 0.0011 0.0024 0.0014 0.0043 0.0039 0.0039 0.0038 0.0010 0.0039 0.0035 0.0023 0.0015 0.0028 0.0031 0.0025 0.0045 0.0038 0.0044 0.0025 0.0013 0.0021 0.0025 0.0021 0.0023 0.0020 0.0034 0.0015 0.0020 0.0025 0.0012 0.0008 0.0004 
0.0032 0.0022 0.0037 0.0038 0.0027 0.0044 0.0032 0.0047 0.0031 0.0101 0.0053 0.0047 0.0014 0.0043 0.0026 0.0045 0.0035 0.0026 0.0045 0.0013 0.0046 0.0029 0.0020 0.0018 0.0035 0.0032 0.0029 0.0021 0.0022 0.0046 0.0040 0.0016 0.0036 0.0033 0.0036 0.0019 0.0033 0.0024 0.0037 0.0036 0.0027 0.0041 0.0022 0.0021 0.0021 0.0030 0.0040 0.0021 0.0018 0.0035 0.0035 0.0010 0.0021 0.0020 0.0027 0.0016 0.0027 0.0022 0.0025 0.0026 0.0016 0.0018 0.0011 0.0007 
0.0023 0.0026 0.0028 0.0027 0.0031 0.0029 0.0037 0.0053 0.0028 0.0088 0.0027 0.0049 0.0033 0.0034 0.0010 0.0044 0.0027 0.0027 0.0030 0.0022 0.0025 0.0013 0.0027 0.0020 0.0015 0.0045 0.0024 0.0046 0.0023 0.0024 0.0024 0.0019 0.0017 0.0022 0.0026 0.0015 0.0040 0.0029 0.0020 0.0032 0.0023 0.0013 0.0027 0.0029 0.0035 0.0037 0.0042 0.0031 0.0043 0.0024 0.0013 0.0038 0.0031 0.0031 0.0024 0.0026 0.0022 0.0030 0.0009 0.0041 0.0020 0.0013 0.0004 0.0004 
0.0041 0.0068 0.0033 0.0035 0.0066 0.0041 0.0056 0.0056 0.0048 0.0080 0.0038 0.0057 0.0027 0.0039 0.0028 0.0045 0.0030 0.0031 0.0019 0.0022 0.0028 0.0026 0.0042 0.0042 0.0015 0.0028 0.0041 0.0033 0.0023 0.0026 0.0048 0.0031 0.0034 0.0034 0.0022 0.0034 0.0044 0.0030 0.0028 0.0026 0.0021 0.0043 0.0042 0.0020 0.0029 0.0028 0.0042 0.0048 0.0021 0.0053 0.0026 0.0023 0.0006 0.0042 0.0026 0.0028 0.0030 0.0029 0.0008 0.0027 0.0031 0.0015 0.0003 0.0005 
0.0013 0.0032 0.0041 0.0054 0.0026 0.0025 0.0035 0.0043 0.0047 0.0070 0.0022 0.0068 0.0029 0.0022 0.0042 0.0032 0.0024 0.0016 0.0034 0.0050 0.0044 0.0023 0.0020 0.0009 0.0034 0.0039 0.0036 0.0040 0.0009 0.0033 0.0032 0.0016 0.0044 0.0046 0.0032 0.0040 0.0023 0.0013 0.0028 0.0015 0.0040 0.0027 0.0020 0.0032 0.0011 0.0027 0.0021 0.0031 0.0021 0.0019 0.0009 0.0018 0.0053 0.0023 0.0026 0.0035 0.0034 0.0025 0.0023 0.0023 0.0026 0.0007 0.0004 0.0006 
0.0036 0.0029 0.0037 0.0039 0.0030 0.0052 0.0020 0.0053 0.0018 0.0083 0.0044 0.0044 0.0026 0.0012 0.0023 0.0029 0.0037 0.0041 0.0027 0.0035 0.0015 0.0032 0.0036 0.0024 0.0027 0.0031 0.0053 0.0031 0.0024 0.0040 0.0041 0.0041 0.0027 0.0020 0.0016 0.0019 0.0017 0.0015 0.0046 0.0035 0.0015 0.0018 0.0026 0.0021 0.0032 0.0015 0.0037 0.0039 0.0041 0.0014 0.0022 0.0029 0.0022 0.0040 0.0018 0.0024 0.0016 0.0025 0.0013 0.0027 0.0013 0.0010 0.0005 0.0005 
0.0037 0.0046 0.0073 0.0051 0.0031 0.0056 0.0034 0.0046 0.0017 0.0046 0.0041 0.0058 0.0040 0.0048 0.0032 0.0040 0.0032 0.0023 0.0030 0.0025 0.0036 0.0026 0.0051 0.0020 0.0025 0.0028 0.0031 0.0046 0.0035 0.0017 0.0016 0.0021 0.0033 0.0026 0.0015 0.0025 0.0024 0.0015 0.0023 0.0067 0.0019 0.0030 0.0038 0.0031 0.0043 0.0026 0.0033 0.0052 0.0025 0.0025 0.0023 0.0025 0.0039 0.0031 0.0024 0.0016 0.0031 0.0014 0.0016 0.0012 0.0035 0.0014 0.0002 0.0005 
0.0021 0.0025 0.0046 0.0035 0.0038 0.0049 0.0020 0.0032 0.0019 0.0056 0.0058 0.0047 0.0024 0.0075 0.0030 0.0035 0.0028 0.0033 0.0033 0.0028 0.0034 0.0015 0.0037 0.0007 0.0034 0.0033 0.0031 0.0015 0.0027 0.0060 0.0025 0.0022 0.0028 0.0038 0.0043 0.0032 0.0047 0.0040 0.0023 0.0018 0.0037 0.0040 0.0019 0.0020 0.0022 0.0049 0.0041 0.0032 0.0032 0.0018 0.0023 0.0032 0.0024 0.0028 0.0010 0.0036 0.0045 0.0043 0.0003 0.0032 0.0022 0.0011 0.0007 0.0008 
0.0011 0.0037 0.0030 0.0050 0.0023 0.0046 0.0022 0.0058 0.0016 0.0039 0.0051 0.0044 0.0026 0.0065 0.0017 0.0040 0.0010 0.0021 0.0035 0.0034 0.0026 0.0033 0.0008 0.0042 0.0033 0.0023 0.0016 0.0041 0.0032 0.0036 0.0042 0.0025 0.0037 0.0020 0.0013 0.0012 0.0028 0.0021 0.0027 0.0024 0.0015 0.0022 0.0032 0.0037 0.0020 0.0019 0.0025 0.0021 0.0033 0.0015 0.0018 0.0046 0.0014 0.0031 0.0033 0.0029 0.0030 0.0036 0.0017 0.0036 0.0016 0.0021 0.0006 0.0004 
0.0018 0.0032 0.0058 0.0039 0.0017 0.0042 0.0020 0.0072 0.0037 0.0039 0.0042 0.0048 0.0012 0.0051 0.0030 0.0032 0.0043 0.0045 0.0053 0.0024 0.0023 0.0036 0.0034 0.0055 0.0024 0.0051 0.0025 0.0034 0.0023 0.0021 0.0015 0.0016 0.0042 0.0034 0.0040 0.0026 0.0019 0.0032 0.0040 0.0051 0.0036 0.0055 0.0034 0.0018 0.0014 0.0032 0.0044 0.0037 0.0045 0.0030 0.0019 0.0028 0.0020 0.0030 0.0026 0.0032 0.0032 0.0014 0.0015 0.0034 0.0025 0.0018 0.0007 0.0007 
0.0015 0.0021 0.0024 0.0038 0.0031 0.0046 0.0039 0.0056 0.0041 0.0031 0.0040 0.0063 0.0022 0.0058 0.0041 0.0011 0.0023 0.0038 0.0023 0.0021 0.0029 0.0031 0.0031 0.0023 0.0026 0.0033 0.0042 0.0045 0.0022 0.0021 0.0028 0.0051 0.0035 0.0017 0.0020 0.0054 0.0026 0.0026 0.0023 0.0015 0.0012 0.0037 0.0036 0.0038 0.0020 0.0018 0.0042 0.0021 0.0021 0.0028 0.0038 0.0029 0.0019 0.0022 0.0013 0.0024 0.0046 0.0031 0.0035 0.0020 0.0013 0.0009 0.0006 0.0003 
0.0011 0.0043 0.0034 0.0028 0.0032 0.0037 0.0044 0.0051 0.0042 0.0046 0.0048 0.0073 0.0023 0.0039 0.0037 0.0028 0.0052 0.0027 0.0041 0.0018 0.0013 0.0028 0.0021 0.0011 0.0020 0.0049 0.0024 0.0032 0.0017 0.0028 0.0013 0.0026 0.0023 0.0052 0.0033 0.0034 0.0005 0.0029 0.0024 0.0034 0.0028 0.0028 0.0032 0.0035 0.0027 0.0025 0.0027 0.0026 0.0047 0.0038 0.0035 0.0045 0.0024 0.0036 0.0042 0.0030 0.0019 0.0019 0.0015 0.0018 0.0024 0.0016 0.0002 0.0003 
0.0032 0.0036 0.0049 0.0029 0.0025 0.0041 0.0023 0.0070 0.0028 0.0074 0.0060 0.0032 0.0054 0.0058 0.0035 0.0048 0.0047 0.0033 0.0047 0.0012 0.0031 0.0023 0.0017 0.0010 0.0033 0.0025 0.0030 0.0025 0.0037 0.0015 0.0035 0.0020 0.0027 0.0033 0.0038 0.0043 0.0028 0.0031 0.0040 0.0022 0.0030 0.0030 0.0028 0.0023 0.0023 0.0016 0.0035 0.0007 0.0035 0.0031 0.0034 0.0025 0.0012 0.0045 0.0037 0.0024 0.0018 0.0022 0.0024 0.0033 0.0027 0.0019 0.0002 0.0004 
0.0031 0.0039 0.0035 0.0050 0.0024 0.0037 0.0045 0.0050 0.0045 0.0046 0.0021 0.0052 0.0028 0.0039 0.0026 0.0054 0.0041 0.0030 0.0044 0.0033 0.0047 0.0021 0.0048 0.0046 0.0023 0.0035 0.0006 0.0023 0.0022 0.0043 0.0024 0.0034 0.0020 0.0047 0.0013 0.0026 0.0029 0.0030 0.0024 0.0035 0.0048 0.0015 0.0026 0.0040 0.0011 0.0019 0.0041 0.0019 0.0023 0.0029 0.0008 0.0029 0.0033 0.0020 0.0025 0.0036 0.0018 0.0040 0.0024 0.0049 0.0023 0.0011 0.0003 0.0002 
0.0023 0.0039 0.0030 0.0024 0.0025 0.0037 0.0039 0.0056 0.0051 0.0055 0.0040 0.0034 0.0032 0.0035 0.0028 0.0020 0.0056 0.0030 0.0034 0.0048 0.0018 0.0019 0.0024 0.0028 0.0031 0.0042 0.0034 0.0045 0.0044 0.0026 0.0020 0.0023 0.0028 0.0025 0.0025 0.0013 0.0020 0.0027 0.0026 0.0034 0.0037 0.0052 0.0030 0.0021 0.0040 0.0035 0.0019 0.0013 0.0033 0.0020 0.0029 0.0025 0.0035 0.0031 0.0028 0.0029 0.0021 0.0019 0.0008 0.0025 0.0024 0.0010 0.0002 0.0004 
0.0024 0.0065 0.0075 0.0063 0.0024 0.0033 0.0058 0.0072 0.0035 0.0035 0.0038 0.0017 0.0061 0.0039 0.0031 0.0016 0.0019 0.0048 0.0045 0.0017 0.0026 0.0023 0.0019 0.0031 0.0026 0.0022 0.0022 0.0023 0.0034 0.0016 0.0020 0.0034 0.0021 0.0036 0.0013 0.0031 0.0035 0.0017 0.0027 0.0021 0.0035 0.0031 0.0034 0.0026 0.0032 0.0018 0.0037 0.0035 0.0044 0.0047 0.0030 0.0010 0.0033 0.0032 0.0007 0.0048 0.0020 0.0031 0.0028 0.0013 0.0026 0.0018 0.0005 0.0003 
0.0019 0.0028 0.0058 0.0041 0.0015 0.0052 0.0026 0.0040 0.0037 0.0066 0.0053 0.0052 0.0047 0.0021 0.0032 0.0012 0.0037 0.0026 0.0016 0.0061 0.0029 0.0026 0.0018 0.0021 0.0027 0.0017 0.0036 0.0048 0.0036 0.0043 0.0015 0.0024 0.0024 0.0026 0.0015 0.0031 0.0018 0.0022 0.0031 0.0029 0.0045 0.0030 0.0037 0.0008 0.0028 0.0029 0.0045 0.0029 0.0020 0.0031 0.0046 0.0023 0.0023 0.0039 0.0012 0.0022 0.0034 0.0018 0.0043 0.0030 0.0025 0.0006 0.0007 0.0001 
0.0013 0.0040 0.0017 0.0046 0.0022 0.0060 0.0040 0.0069 0.0023 0.0045 0.0033 0.0027 0.0031 0.0037 0.0030 0.0009 0.0037 0.0028 0.0029 0.0004 0.0028 0.0017 0.0031 0.0029 0.0023 0.0010 0.0011 0.0038 0.0032 0.0038 0.0036 0.0025 0.0025 0.0027 0.0039 0.0018 0.0031 0.0032 0.0029 0.0018 0.0029 0.0047 0.0030 0.0044 0.0027 0.0033 0.0028 0.0025 0.0037 0.0026 0.0031 0.0021 0.0017 0.0031 0.0017 0.0021 0.0038 0.0020 0.0023 0.0023 0.0017 0.0008 0.0005 0.0005 
0.0019 0.0033 0.0065 0.0025 0.0021 0.0051 0.0029 0.0063 0.0035 0.0067 0.0029 0.0055 0.0041 0.0058 0.0068 0.0030 0.0035 0.0036 0.0023 0.0022 0.0030 0.0025 0.0041 0.0030 0.0027 0.0027 0.0017 0.0034 0.0036 0.0030 0.0030 0.0018 0.0026 0.0029 0.0021 0.0029 0.0018 0.0032 0.0040 0.0039 0.0028 0.0043 0.0036 0.0040 0.0027 0.0011 0.0019 0.0024 0.0022 0.0021 0.0028 0.0022 0.0022 0.0025 0.0012 0.0036 0.0018 0.0029 0.0026 0.0030 0.0020 0.0018 0.0009 0.0005 
0.0090 0.0398 0.0177 0.0412 0.0161 0.0193 0.0173 0.0218 0.0144 0.0298 0.0288 0.0975 0.0896 0.1364 0.0891 0.0307 0.0667 0.1028 0.0309 0.0443 0.0295 0.0476 0.0396 0.0170 0.0225 0.0140 0.0121 0.0105 0.0069 0.0075 0.0040 0.0058 0.0096 0.0021 0.0073 0.0118 0.0088 0.0085 0.0195 0.0181 0.0228 0.0196 0.0108 0.0037 0.0063 0.0056 0.0099 0.0053 0.0076 0.0041 0.0087 0.0068 0.0072 0.0081 0.0060 0.0061 0.0091 0.0091 0.0095 0.0037 0.0078 0.0052 0.0032 0.0034 
0.0774 0.1147 0.3468 0.3821 0.2400 0.0829 0.0860 0.1422 0.0919 0.1077 0.1519 0.1089 0.1512 0.3511 0.4603 0.3406 0.1460 0.1167 0.2843 0.2142 0.2605 0.2545 0.1605 0.0995 0.1620 0.1947 0.2424 0.1062 0.0966 0.1387 0.0926 0.0554 0.1056 0.1132 0.0835 0.0746 0.0510 0.0582 0.0717 0.0633 0.0315 0.0510 0.0706 0.0659 0.0792 0.0687 0.0716 0.0425 0.0555 0.0711 0.0550 0.0338 0.0409 0.0296 0.0194 0.0140 0.0402 0.0494 0.0271 0.0316 0.0304 0.0079 0.0033 0.0030 
0.0062 0.0989 0.3264 0.6119 0.2587 0.1342 0.1489 0.2721 0.1319 0.2725 0.1440 0.2902 0.2272 0.3531 0.4004 0.1627 0.0551 0.1720 0.2409 0.1868 0.3817 0.2700 0.1926 0.0776 0.1064 0.1231 0.2393 0.1076 0.1022 0.1912 0.0378 0.1268 0.0805 0.0923 0.0697 0.1086 0.1031 0.0918 0.0290 0.0595 0.1058 0.0712 0.0247 0.0688 0.0313 0.0457 0.0578 0.0474 0.0428 0.0224 0.0296 0.0549 0.0577 0.0320 0.0454 0.0398 0.0192 0.0337 0.0435 0.0511 0.0246 0.0175 0.0071 0.0035 
0.1156 0.1615 0.2774 0.7149 0.2394 0.1721 0.1426 0.2426 0.0867 0.3216 0.2140 0.2697 0.2990 0.2325 0.3076 0.2248 0.0821 0.1339 0.3101 0.1316 0.2326 0.2570 0.1538 0.1030 0.1552 0.1767 0.1271 0.1035 0.1743 0.2061 0.0418 0.1612 0.0597 0.1214 0.1158 0.1534 0.0847 0.1786 0.1530 0.1645 0.2098 0.0934 0.1217 0.0841 0.0939 0.0495 0.0975 0.0427 0.0832 0.0241 0.0446 0.0225 0.0567 0.0410 0.0500 0.0426 0.0600 0.0518 0.0177 0.0578 0.0318 0.0061 0.0039 0.0037 
0.0048 0.0667 0.2118 0.7699 0.4258 0.0932 0.1600 0.1336 0.1845 0.3418 0.1175 0.2546 0.3435 0.1997 0.3328 0.2023 0.1268 0.1350 0.2870 0.2542 0.1414 0.2847 0.2401 0.2154 0.1972 0.2028 0.2241 0.1332 0.1950 0.2327 0.1743 0.0860 0.1174 0.1734 0.1777 0.0631 0.2073 0.0703 0.0863 0.0543 0.1270 0.1118 0.1152 0.1386 0.0381 0.0460 0.1355 0.0629 0.0856 0.0931 0.1323 0.1025 0.0915 0.0725 0.0671 0.0708 0.0561 0.0930 0.0862 0.0417 0.0379 0.0270 0.0174 0.0110 
0.0790 0.1198 0.1927 0.7891 0.2146 0.3146 0.0741 0.2274 0.3732 0.1634 0.1275 0.2920 0.2383 0.1893 0.4103 0.4676 0.1451 0.1410 0.1239 0.0476 0.1508 0.2998 0.6053 0.4169 0.1596 0.1305 0.0817 0.1296 0.1629 0.2857 0.2116 0.1335 0.1128 0.1475 0.1214 0.0994 0.0362 0.1466 0.0767 0.1112 0.2100 0.1297 0.0670 0.1587 0.0655 0.0414 0.1382 0.1304 0.1209 0.1565 0.1272 0.0993 0.0750 0.0932 0.0819 0.0941 0.0955 0.0471 0.0477 0.1056 0.0735 0.0484 0.0168 0.0125 
0.0181 0.0933 0.2434 0.5369 0.3214 0.2588 0.1878 0.1494 0.1816 0.0903 0.1442 0.1708 0.2097 0.0894 0.8700 0.7732 0.1508 0.1859 0.1054 0.1338 0.1017 0.3350 0.4564 0.4320 0.2534 0.1388 0.0452 0.0890 0.0679 0.1577 0.1011 0.0782 0.0584 0.1616 0.1471 0.1504 0.1009 0.0794 0.1221 0.1095 0.0973 0.1888 0.0890 0.1211 0.1159 0.1105 0.0456 0.1079 0.0857 0.0607 0.1006 0.0771 0.0795 0.1375 0.1119 0.0707 0.0731 0.1063 0.1252 0.1040 0.1050 0.0433 0.0091 0.0081 
0.0487 0.1104 0.2306 0.4648 0.3453 0.4155 0.2395 0.2524 0.0731 0.1515 0.2094 0.1508 0.3849 0.4016 1.1785 0.6461 0.1997 0.0935 0.0880 0.3105 0.1868 0.3119 0.5711 0.3707 0.3736 0.1517 0.0661 0.1221 0.0909 0.1187 0.2331 0.2071 0.2593 0.3134 0.1978 0.0851 0.0577 0.0842 0.1473 0.2104 0.2345 0.2944 0.1347 0.0321 0.1243 0.0699 0.0602 0.1510 0.0928 0.0732 0.1095 0.1266 0.1043 0.1295 0.0812 0.0660 0.1014 0.0911 0.0919 0.1292 0.0964 0.0169 0.0061 0.0086 
0.0565 0.1309 0.2190 0.4492 0.5018 0.5577 0.2733 0.2374 0.1673 0.2308 0.1850 0.2014 0.1352 1.0992 1.0082 0.4289 0.2060 0.1254 0.1133 0.2728 0.0968 0.1032 0.4758 0.1275 0.2543 0.1044 0.1481 0.0974 0.1716 0.1213 0.4022 0.3340 0.6202 0.4157 0.2146 0.1008 0.1747 0.0738 0.2240 0.1395 0.1852 0.2623 0.1564 0.1529 0.1028 0.0302 0.0887 0.0537 0.0972 0.2366 0.1288 0.1914 0.1389 0.0591 0.0599 0.0357 0.0654 0.0842 0.1034 0.1759 0.1307 0.0316 0.0106 0.0073 
0.1253 0.1584 0.2079 0.2270 0.5936 0.5337 0.1556 0.1982 0.2812 0.2053 0.2409 0.3160 0.4262 0.7480 1.1002 0.3224 0.1742 0.1829 0.3184 0.2024 0.1670 0.2731 0.2497 0.4828 0.1701 0.1368 0.0874 0.0724 0.0980 0.1272 0.4436 0.6623 0.4038 0.2541 0.0724 0.1323 0.1145 0.2104 0.1211 0.0458 0.1760 0.1589 0.1550 0.1507 0.1275 0.1102 0.0612 0.0520 0.0474 0.1189 0.2313 0.1439 0.0411 0.0670 0.0754 0.0397 0.0684 0.0921 0.1168 0.1128 0.1045 0.0450 0.0113 0.0018 
0.0913 0.1195 0.2077 0.2964 0.6346 0.3845 0.2771 0.3292 0.3353 0.1463 0.2835 0.5054 0.5090 0.6348 1.3036 0.1610 0.0511 0.0928 0.2736 0.2641 0.1557 0.1896 0.5455 0.5788 0.3215 0.3043 0.0952 0.0773 0.1626 0.2438 0.3528 0.4990 0.6313 0.2729 0.1497 0.1314 0.1741 0.0922 0.1163 0.0859 0.0857 0.1284 0.2868 0.1966 0.0999 0.1425 0.0501 0.1147 0.1406 0.2882 0.3229 0.2369 0.1230 0.1502 0.1297 0.0846 0.0256 0.0413 0.0977 0.0674 0.0438 0.0549 0.0274 0.0215 
0.0306 0.0969 0.2150 0.2351 0.5312 0.3879 0.2971 0.1855 0.2364 0.1265 0.1269 0.4082 0.4109 1.1700 0.8624 0.2800 0.1508 0.2272 0.2190 0.2567 0.1573 0.2763 0.4248 0.5796 0.2035 0.2039 0.1305 0.0896 0.0901 0.2439 0.4479 0.5520 0.3295 0.1502 0.1749 0.1380 0.1135 0.1256 0.1327 0.0697 0.0891 0.0555 0.0936 0.1276 0.2012 0.0771 0.1474 0.0494 0.1649 0.1720 0.2049 0.1744 0.0742 0.0658 0.1298 0.0553 0.0479 0.0928 0.0520 0.0719 0.0300 0.0320 0.0204 0.0182 
0.1057 0.1260 0.1938 0.1697 0.5033 0.3895 0.0786 0.1555 0.1648 0.0451 0.1386 0.3521 0.6688 0.8786 0.8871 0.3405 0.1904 0.1900 0.1633 0.1976 0.1271 0.1209 0.3239 0.3446 0.1630 0.1594 0.0869 0.0807 0.1271 0.2089 0.3847 0.3483 0.2653 0.1390 0.1038 0.0615 0.0775 0.0534 0.0622 0.1136 0.1410 0.1356 0.0854 0.0595 0.0893 0.0726 0.1293 0.1068 0.0923 0.1099 0.1506 0.1660 0.0805 0.0858 0.0462 0.0724 0.0580 0.0628 0.0406 0.0539 0.0533 0.0229 0.0089 0.0019 
0.0380 0.0928 0.1902 0.3336 0.3840 0.2831 0.2061 0.1742 0.0795 0.0666 0.2339 0.2470 0.2605 1.4190 0.7334 0.2365 0.2114 0.1435 0.1085 0.4534 0.3129 0.1674 0.1479 0.2914 0.1554 0.0867 0.1109 0.0859 0.0991 0.2415 0.3402 0.1719 0.3324 0.3012 0.1332 0.0537 0.1089 0.0802 0.0740 0.0741 0.0950 0.1533 0.1208 0.1440 0.0345 0.0675 0.1746 0.1757 0.1181 0.1337 0.1053 0.0916 0.1418 0.1286 0.0973 0.0773 0.0355 0.1059 0.1029 0.0789 0.0390 0.0196 0.0128 0.0172 
0.0480 0.1254 0.1767 0.2915 0.2068 0.1994 0.0684 0.0635 0.0799 0.1146 0.1846 0.2104 0.6386 1.2953 0.5922 0.1649 0.2031 0.1518 0.2158 0.3088 0.3064 0.1947 0.1117 0.1970 0.0930 0.0717 0.1034 0.1378 0.1618 0.1136 0.1059 0.0881 0.1035 0.1235 0.0827 0.0616 0.0718 0.0862 0.0306 0.0969 0.0986 0.1745 0.0870 0.0493 0.0666 0.0298 0.0678 0.0557 0.1268 0.0844 0.0695 0.0551 0.0704 0.0298 0.0430 0.0506 0.0449 0.0429 0.0395 0.0461 0.0405 0.0324 0.0237 0.0240 
0.0403 0.1069 0.1694 0.2337 0.1145 0.0632 0.0397 0.0501 0.0338 0.0566 0.1117 0.2212 0.3576 0.9791 0.3302 0.0794 0.0998 0.0937 0.1112 0.1407 0.1837 0.1581 0.1074 0.1066 0.0972 0.0499 0.0313 0.0629 0.1014 0.0829 0.0712 0.0605 0.0420 0.0644 0.0569 0.0495 0.0335 0.0305 0.0304 0.0284 0.0626 0.0737 0.0480 0.0377 0.0212 0.0312 0.0379 0.0361 0.0326 0.0478 0.0327 0.0155 0.0180 0.0283 0.0337 0.0232 0.0156 0.0210 0.0150 0.0175 0.0107 0.0092 0.0057 0.0055 
0.0012 0.0119 0.0176 0.0438 0.0223 0.0175 0.0319 0.0254 0.0122 0.0198 0.0272 0.0648 0.0982 0.1610 0.0440 0.0091 0.0077 0.0112 0.0116 0.0109 0.0125 0.0094 0.0098 0.0097 0.0098 0.0073 0.0061 0.0048 0.0067 0.0097 0.0090 0.0071 0.0023 0.0032 0.0055 0.0081 0.0077 0.0062 0.0082 0.0119 0.0143 0.0140 0.0125 0.0073 0.0032 0.0049 0.0051 0.0098 0.0049 0.0062 0.0081 0.0047 0.0025 0.0076 0.0051 0.0027 0.0028 0.0038 0.0023 0.0051 0.0036 0.0016 0.0013 0.0013 
0.0048 0.0081 0.0125 0.0193 0.0196 0.0150 0.0214 0.0227 0.0125 0.0161 0.0235 0.0248 0.0251 0.0565 0.0205 0.0083 0.0086 0.0041 0.0047 0.0121 0.0057 0.0041 0.0028 0.0045 0.0026 0.0053 0.0018 0.0039 0.0051 0.0055 0.0044 0.0050 0.0065 0.0050 0.0052 0.0075 0.0038 0.0084 0.0044 0.0046 0.0053 0.0080 0.0063 0.0032 0.0047 0.0044 0.0050 0.0069 0.0029 0.0045 0.0039 0.0038 0.0027 0.0026 0.0032 0.0031 0.0019 0.0026 0.0022 0.0029 0.0027 0.0015 0.0009 0.0004 
0.0028 0.0090 0.0096 0.0263 0.0094 0.0098 0.0063 0.0071 0.0040 0.0075 0.0056 0.0137 0.0202 0.0212 0.0093 0.0072 0.0056 0.0084 0.0045 0.0112 0.0075 0.0020 0.0029 0.0014 0.0021 0.0028 0.0040 0.0047 0.0034 0.0048 0.0033 0.0024 0.0013 0.0053 0.0029 0.0030 0.0035 0.0043 0.0040 0.0057 0.0055 0.0009 0.0032 0.0024 0.0043 0.0030 0.0044 0.0062 0.0037 0.0020 0.0032 0.0017 0.0033 0.0028 0.0025 0.0026 0.0033 0.0036 0.0016 0.0031 0.0028 0.0011 0.0006 0.0006 
0.0011 0.0033 0.0077 0.0088 0.0193 0.0082 0.0072 0.0072 0.0042 0.0026 0.0035 0.0156 0.0069 0.0219 0.0093 0.0033 0.0030 0.0031 0.0062 0.0040 0.0050 0.0023 0.0023 0.0030 0.0022 0.0041 0.0019 0.0042 0.0017 0.0072 0.0035 0.0030 0.0039 0.0031 0.0037 0.0033 0.0035 0.0032 0.0037 0.0041 0.0023 0.0025 0.0033 0.0023 0.0032 0.0050 0.0055 0.0036 0.0077 0.0036 0.0032 0.0068 0.0038 0.0035 0.0022 0.0018 0.0021 0.0013 0.0028 0.0013 0.0041 0.0010 0.0004 0.0003 
0.0014 0.0040 0.0077 0.0059 0.0151 0.0123 0.0072 0.0045 0.0024 0.0045 0.0048 0.0074 0.0074 0.0119 0.0059 0.0048 0.0034 0.0045 0.0029 0.0011 0.0052 0.0028 0.0022 0.0032 0.0013 0.0025 0.0051 0.0018 0.0023 0.0035 0.0022 0.0035 0.0024 0.0040 0.0032 0.0035 0.0039 0.0039 0.0018 0.0026 0.0051 0.0042 0.0023 0.0028 0.0046 0.0019 0.0034 0.0021 0.0004 0.0033 0.0018 0.0029 0.0017 0.0028 0.0032 0.0012 0.0024 0.0032 0.0020 0.0018 0.0017 0.0014 0.0005 0.0005 
0.0024 0.0035 0.0024 0.0057 0.0137 0.0085 0.0050 0.0089 0.0080 0.0052 0.0017 0.0051 0.0090 0.0033 0.0074 0.0038 0.0037 0.0023 0.0025 0.0034 0.0032 0.0040 0.0019 0.0020 0.0047 0.0047 0.0042 0.0067 0.0010 0.0062 0.0048 0.0046 0.0017 0.0036 0.0024 0.0039 0.0036 0.0029 0.0032 0.0050 0.0062 0.0053 0.0029 0.0025 0.0043 0.0039 0.0048 0.0039 0.0015 0.0053 0.0029 0.0031 0.0042 0.0051 0.0025 0.0028 0.0022 0.0021 0.0023 0.0015 0.0028 0.0008 0.0002 0.0002 
0.0009 0.0032 0.0036 0.0037 0.0081 0.0062 0.0031 0.0043 0.0054 0.0057 0.0073 0.0060 0.0046 0.0090 0.0025 0.0023 0.0011 0.0029 0.0062 0.0024 0.0023 0.0034 0.0029 0.0019 0.0034 0.0017 0.0026 0.0048 0.0018 0.0026 0.0039 0.0023 0.0032 0.0018 0.0040 0.0022 0.0030 0.0019 0.0051 0.0047 0.0019 0.0043 0.0035 0.0022 0.0039 0.0030 0.0041 0.0020 0.0030 0.0033 0.0028 0.0027 0.0023 0.0025 0.0020 0.0026 0.0025 0.0027 0.0016 0.0031 0.0027 0.0005 0.0004 0.0003 
0.0021 0.0020 0.0027 0.0040 0.0085 0.0078 0.0029 0.0072 0.0045 0.0048 0.0029 0.0073 0.0030 0.0064 0.0014 0.0033 0.0045 0.0033 0.0021 0.0032 0.0028 0.0011 0.0045 0.0031 0.0032 0.0053 0.0029 0.0019 0.0027 0.0036 0.0025 0.0024 0.0033 0.0041 0.0036 0.0028 0.0022 0.0016 0.0025 0.0039 0.0055 0.0019 0.0025 0.0018 0.0051 0.0025 0.0024 0.0034 0.0042 0.0037 0.0038 0.0042 0.0032 0.0035 0.0026 0.0008 0.0029 0.0030 0.0015 0.0015 0.0031 0.0012 0.0004 0.0002 
0.0018 0.0050 0.0154 0.0232 0.0181 0.0199 0.0228 0.0259 0.0199 0.0210 0.0393 0.0517 0.0551 0.0449 0.0277 0.0235 0.0184 0.0186 0.0135 0.0083 0.0141 0.0116 0.0159 0.0142 0.0129 0.0100 0.0057 0.0047 0.0052 0.0054 0.0074 0.0069 0.0033 0.0066 0.0054 0.0048 0.0068 0.0104 0.0121 0.0145 0.0063 0.0038 0.0091 0.0115 0.0121 0.0060 0.0040 0.0088 0.0107 0.0080 0.0028 0.0054 0.0097 0.0042 0.0049 0.0022 0.0062 0.0086 0.0038 0.0048 0.0053 0.0016 0.0015 0.0013 
0.0055 0.0121 0.0136 0.0199 0.0169 0.0150 0.0173 0.0192 0.0104 0.0266 0.0307 0.0422 0.0487 0.0427 0.0357 0.0245 0.0204 0.0154 0.0127 0.0095 0.0296 0.0380 0.0175 0.0204 0.0138 0.0082 0.0126 0.0078 0.0076 0.0115 0.0079 0.0075 0.0061 0.0096 0.0054 0.0067 0.0143 0.0110 0.0287 0.0365 0.0278 0.0327 0.0242 0.0255 0.0485 0.0532 0.0302 0.0371 0.0215 0.0105 0.0130 0.0066 0.0045 0.0099 0.0109 0.0056 0.0146 0.0071 0.0077 0.0083 0.0094 0.0051 0.0042 0.0039 
0.0039 0.0045 0.0072 0.0107 0.0113 0.0050 0.0071 0.0094 0.0035 0.0108 0.0144 0.0356 0.0120 0.0200 0.0168 0.0119 0.0086 0.0049 0.0070 0.0027 0.0101 0.0051 0.0047 0.0092 0.0041 0.0045 0.0041 0.0069 0.0058 0.0031 0.0056 0.0025 0.0048 0.0029 0.0025 0.0032 0.0060 0.0079 0.0081 0.0107 0.0157 0.0073 0.0117 0.0088 0.0075 0.0048 0.0107 0.0080 0.0077 0.0036 0.0040 0.0035 0.0036 0.0042 0.0026 0.0079 0.0048 0.0033 0.0049 0.0060 0.0025 0.0034 0.0019 0.0022 
0.0031 0.0061 0.0075 0.0025 0.0066 0.0058 0.0046 0.0046 0.0049 0.0055 0.0058 0.0125 0.0091 0.0102 0.0042 0.0077 0.0053 0.0029 0.0056 0.0021 0.0041 0.0022 0.0041 0.0032 0.0016 0.0007 0.0038 0.0030 0.0034 0.0034 0.0047 0.0019 0.0024 0.0041 0.0044 0.0034 0.0021 0.0024 0.0042 0.0061 0.0030 0.0028 0.0039 0.0030 0.0027 0.0035 0.0048 0.0050 0.0033 0.0029 0.0030 0.0025 0.0015 0.0045 0.0016 0.0020 0.0009 0.0005 0.0046 0.0031 0.0027 0.0017 0.0006 0.0003 
0.0017 0.0040 0.0053 0.0032 0.0031 0.0032 0.0035 0.0083 0.0033 0.0100 0.0091 0.0019 0.0053 0.0040 0.0036 0.0024 0.0033 0.0027 0.0020 0.0044 0.0047 0.0027 0.0010 0.0034 0.0035 0.0020 0.0034 0.0059 0.0022 0.0033 0.0047 0.0031 0.0023 0.0052 0.0011 0.0015 0.0026 0.0041 0.0041 0.0030 0.0039 0.0019 0.0051 0.0027 0.0034 0.0027 0.0034 0.0024 0.0058 0.0044 0.0045 0.0021 0.0029 0.0033 0.0028 0.0031 0.0028 0.0029 0.0017 0.0028 0.0019 0.0012 0.0002 0.0003 
0.0025 0.0042 0.0013 0.0053 0.0016 0.0050 0.0029 0.0040 0.0019 0.0043 0.0036 0.0053 0.0046 0.0056 0.0033 0.0040 0.0038 0.0009 0.0045 0.0026 0.0024 0.0007 0.0023 0.0025 0.0051 0.0020 0.0029 0.0043 0.0035 0.0043 0.0008 0.0019 0.0025 0.0016 0.0018 0.0023 0.0024 0.0031 0.0036 0.0064 0.0020 0.0040 0.0023 0.0025 0.0036 0.0022 0.0032 0.0047 0.0025 0.0012 0.0043 0.0019 0.0016 0.0016 0.0037 0.0032 0.0029 0.0028 0.0016 0.0033 0.0020 0.0011 0.0010 0.0006 
0.0021 0.0036 0.0041 0.0047 0.0053 0.0058 0.0050 0.0038 0.0054 0.0022 0.0046 0.0044 0.0036 0.0041 0.0024 0.0042 0.0054 0.0023 0.0044 0.0032 0.0038 0.0022 0.0024 0.0018 0.0037 0.0052 0.0017 0.0025 0.0021 0.0033 0.0015 0.0025 0.0022 0.0015 0.0029 0.0017 0.0027 0.0036 0.0042 0.0025 0.0012 0.0029 0.0020 0.0019 0.0041 0.0032 0.0023 0.0038 0.0053 0.0035 0.0021 0.0012 0.0026 0.0035 0.0028 0.0037 0.0043 0.0010 0.0034 0.0015 0.0019 0.0015 0.0016 0.0018 
0.0017 0.0011 0.0048 0.0058 0.0022 0.0037 0.0033 0.0044 0.0049 0.0046 0.0023 0.0044 0.0038 0.0040 0.0019 0.0018 0.0021 0.0028 0.0035 0.0029 0.0018 0.0013 0.0027 0.0022 0.0021 0.0033 0.0020 0.0052 0.0028 0.0045 0.0035 0.0046 0.0012 0.0047 0.0037 0.0013 0.0022 0.0049 0.0038 0.0043 0.0034 0.0023 0.0030 0.0030 0.0033 0.0041 0.0048 0.0036 0.0033 0.0026 0.0036 0.0024 0.0011 0.0041 0.0023 0.0028 0.0024 0.0034 0.0019 0.0025 0.0009 0.0018 0.0013 0.0010 
0.0018 0.0027 0.0040 0.0035 0.0010 0.0047 0.0030 0.0040 0.0028 0.0073 0.0041 0.0042 0.0033 0.0056 0.0026 0.0038 0.0038 0.0026 0.0037 0.0020 0.0016 0.0026 0.0026 0.0042 0.0030 0.0018 0.0036 0.0031 0.0021 0.0032 0.0027 0.0013 0.0028 0.0019 0.0019 0.0036 0.0029 0.0022 0.0059 0.0009 0.0051 0.0034 0.0045 0.0027 0.0041 0.0036 0.0028 0.0034 0.0056 0.0022 0.0034 0.0035 0.0011 0.0038 0.0014 0.0011 0.0026 0.0041 0.0019 0.0026 0.0023 0.0014 0.0005 0.0004 
0.0022 0.0030 0.0052 0.0043 0.0050 0.0031 0.0034 0.0045 0.0023 0.0071 0.0070 0.0053 0.0048 0.0032 0.0042 0.0035 0.0022 0.0049 0.0020 0.0021 0.0028 0.0032 0.0016 0.0020 0.0038 0.0029 0.0035 0.0039 0.0026 0.0033 0.0038 0.0021 0.0032 0.0026 0.0045 0.0042 0.0013 0.0017 0.0051 0.0015 0.0045 0.0022 0.0023 0.0042 0.0054 0.0040 0.0057 0.0019 0.0044 0.0038 0.0013 0.0030 0.0017 0.0018 0.0018 0.0019 0.0025 0.0013 0.0013 0.0005 0.0017 0.0011 0.0007 0.0004 
0.0004 0.0039 0.0044 0.0057 0.0030 0.0058 0.0055 0.0052 0.0038 0.0067 0.0044 0.0043 0.0051 0.0051 0.0014 0.0029 0.0031 0.0037 0.0031 0.0028 0.0046 0.0035 0.0035 0.0041 0.0024 0.0024 0.0029 0.0030 0.0032 0.0031 0.0027 0.0029 0.0017 0.0032 0.0031 0.0011 0.0022 0.0044 0.0031 0.0031 0.0046 0.0011 0.0031 0.0024 0.0018 0.0016 0.0026 0.0032 0.0021 0.0025 0.0026 0.0025 0.0019 0.0020 0.0029 0.0014 0.0012 0.0006 0.0050 0.0022 0.0015 0.0009 0.0003 0.0002 
0.0013 0.0040 0.0035 0.0044 0.0033 0.0042 0.0034 0.0029 0.0036 0.0099 0.0064 0.0044 0.0036 0.0016 0.0031 0.0032 0.0028 0.0029 0.0054 0.0014 0.0014 0.0028 0.0021 0.0024 0.0031 0.0033 0.0039 0.0040 0.0030 0.0038 0.0015 0.0037 0.0029 0.0037 0.0018 0.0021 0.0022 0.0031 0.0035 0.0007 0.0051 0.0022 0.0044 0.0027 0.0023 0.0031 0.0065 0.0040 0.0045 0.0029 0.0026 0.0046 0.0031 0.0025 0.0041 0.0027 0.0031 0.0026 0.0030 0.0024 0.0038 0.0014 0.0002 0.0003 
0.0007 0.0038 0.0065 0.0025 0.0048 0.0020 0.0026 0.0041 0.0028 0.0066 0.0036 0.0037 0.0041 0.0025 0.0051 0.0036 0.0032 0.0043 0.0038 0.0018 0.0014 0.0036 0.0022 0.0026 0.0017 0.0034 0.0034 0.0019 0.0030 0.0019 0.0039 0.0019 0.0022 0.0020 0.0022 0.0034 0.0036 0.0024 0.0039 0.0028 0.0029 0.0023 0.0035 0.0050 0.0025 0.0027 0.0053 0.0034 0.0024 0.0020 0.0035 0.0020 0.0009 0.0048 0.0020 0.0032 0.0020 0.0027 0.0031 0.0009 0.0018 0.0010 0.0005 0.0004 
0.0016 0.0010 0.0044 0.0058 0.0038 0.0048 0.0015 0.0070 0.0019 0.0078 0.0039 0.0059 0.0016 0.0037 0.0020 0.0030 0.0034 0.0014 0.0016 0.0025 0.0030 0.0037 0.0018 0.0013 0.0033 0.0024 0.0048 0.0024 0.0061 0.0018 0.0044 0.0010 0.0030 0.0030 0.0033 0.0067 0.0033 0.0015 0.0035 0.0043 0.0021 0.0046 0.0022 0.0021 0.0026 0.0024 0.0023 0.0049 0.0048 0.0033 0.0020 0.0032 0.0027 0.0021 0.0037 0.0029 0.0036 0.0026 0.0028 0.0019 0.0029 0.0020 0.0004 0.0003 
0.0013 0.0030 0.0031 0.0040 0.0027 0.0044 0.0049 0.0032 0.0042 0.0079 0.0046 0.0065 0.0027 0.0015 0.0022 0.0031 0.0012 0.0034 0.0027 0.0030 0.0030 0.0015 0.0018 0.0026 0.0046 0.0022 0.0037 0.0035 0.0015 0.0018 0.0027 0.0026 0.0022 0.0011 0.0018 0.0046 0.0019 0.0041 0.0020 0.0033 0.0041 0.0011 0.0031 0.0032 0.0042 0.0023 0.0039 0.0021 0.0049 0.0044 0.0028 0.0021 0.0033 0.0048 0.0027 0.0030 0.0037 0.0037 0.0012 0.0014 0.0021 0.0010 0.0012 0.0006 
