0.0003 0.0011 0.0004 0.0017 0.0012 0.0005 0.0009 0.0010 0.0014 0.0017 0.0007 0.0013 0.0009 0.0007 0.0003 0.0007 0.0010 0.0005 0.0007 0.0005 0.0010 0.0004 0.0005 0.0006 0.0008 0.0007 0.0009 0.0008 0.0008 0.0005 0.0006 0.0006 0.0008 0.0005 0.0007 0.0009 0.0002 0.0011 0.0004 0.0007 0.0005 0.0012 0.0009 0.0007 0.0008 0.0008 0.0010 0.0011 0.0012 0.0014 0.0006 0.0010 0.0009 0.0003 0.0008 0.0009 0.0010 0.0013 0.0006 0.0004 0.0004 0.0003 0.0002 0.0004 
0.0005 0.0007 0.0010 0.0007 0.0008 0.0016 0.0012 0.0011 0.0013 0.0019 0.0006 0.0013 0.0010 0.0012 0.0003 0.0003 0.0015 0.0007 0.0009 0.0005 0.0015 0.0004 0.0008 0.0003 0.0009 0.0003 0.0005 0.0014 0.0008 0.0008 0.0007 0.0009 0.0005 0.0007 0.0011 0.0006 0.0010 0.0010 0.0010 0.0006 0.0003 0.0008 0.0007 0.0010 0.0009 0.0007 0.0008 0.0006 0.0003 0.0012 0.0005 0.0009 0.0007 0.0003 0.0004 0.0005 0.0004 0.0005 0.0006 0.0006 0.0002 0.0004 0.0004 0.0006 
0.0010 0.0004 0.0012 0.0017 0.0010 0.0012 0.0005 0.0016 0.0019 0.0016 0.0005 0.0009 0.0005 0.0012 0.0014 0.0007 0.0011 0.0006 0.0003 0.0007 0.0007 0.0004 0.0009 0.0008 0.0012 0.0004 0.0011 0.0014 0.0007 0.0007 0.0007 0.0007 0.0003 0.0010 0.0005 0.0003 0.0002 0.0004 0.0009 0.0006 0.0003 0.0007 0.0003 0.0008 0.0007 0.0006 0.0011 0.0007 0.0012 0.0010 0.0005 0.0007 0.0012 0.0009 0.0006 0.0010 0.0007 0.0002 0.0003 0.0007 0.0007 0.0005 0.0003 0.0003 
0.0005 0.0006 0.0011 0.0014 0.0019 0.0009 0.0007 0.0011 0.0016 0.0018 0.0009 0.0011 0.0010 0.0010 0.0007 0.0010 0.0008 0.0006 0.0004 0.0007 0.0005 0.0009 0.0005 0.0008 0.0010 0.0009 0.0011 0.0010 0.0005 0.0007 0.0010 0.0005 0.0004 0.0008 0.0006 0.0006 0.0005 0.0003 0.0005 0.0004 0.0010 0.0006 0.0008 0.0011 0.0008 0.0010 0.0004 0.0009 0.0009 0.0004 0.0007 0.0006 0.0006 0.0005 0.0007 0.0008 0.0011 0.0005 0.0004 0.0007 0.0006 0.0003 0.0002 0.0003 
0.0006 0.0005 0.0011 0.0007 0.0004 0.0014 0.0006 0.0017 0.0009 0.0013 0.0008 0.0011 0.0011 0.0005 0.0007 0.0008 0.0007 0.0010 0.0004 0.0006 0.0007 0.0006 0.0008 0.0004 0.0006 0.0002 0.0012 0.0010 0.0012 0.0007 0.0006 0.0009 0.0006 0.0006 0.0005 0.0001 0.0006 0.0004 0.0006 0.0013 0.0004 0.0004 0.0006 0.0011 0.0007 0.0006 0.0010 0.0010 0.0010 0.0006 0.0005 0.0005 0.0003 0.0005 0.0014 0.0003 0.0007 0.0005 0.0011 0.0011 0.0002 0.0005 0.0003 0.0003 
0.0005 0.0007 0.0007 0.0003 0.0007 0.0016 0.0006 0.0014 0.0014 0.0014 0.0011 0.0013 0.0003 0.0013 0.0009 0.0007 0.0015 0.0009 0.0006 0.0006 0.0005 0.0005 0.0004 0.0003 0.0009 0.0004 0.0004 0.0011 0.0007 0.0007 0.0003 0.0007 0.0011 0.0009 0.0008 0.0014 0.0011 0.0006 0.0011 0.0010 0.0007 0.0005 0.0007 0.0012 0.0008 0.0008 0.0006 0.0004 0.0008 0.0010 0.0002 0.0007 0.0008 0.0007 0.0005 0.0009 0.0009 0.0006 0.0005 0.0004 0.0004 0.0005 0.0004 0.0004 
0.0004 0.0014 0.0009 0.0019 0.0007 0.0013 0.0016 0.0015 0.0013 0.0008 0.0010 0.0017 0.0005 0.0009 0.0013 0.0003 0.0008 0.0006 0.0006 0.0006 0.0010 0.0003 0.0009 0.0002 0.0013 0.0010 0.0009 0.0007 0.0007 0.0010 0.0010 0.0009 0.0006 0.0010 0.0006 0.0007 0.0004 0.0009 0.0008 0.0003 0.0006 0.0005 0.0009 0.0005 0.0005 0.0011 0.0007 0.0005 0.0006 0.0008 0.0006 0.0004 0.0007 0.0006 0.0009 0.0010 0.0007 0.0006 0.0006 0.0009 0.0011 0.0004 0.0004 0.0005 
0.0004 0.0007 0.0019 0.0009 0.0008 0.0011 0.0011 0.0018 0.0017 0.0019 0.0008 0.0009 0.0008 0.0012 0.0003 0.0010 0.0011 0.0010 0.0008 0.0007 0.0007 0.0006 0.0006 0.0008 0.0004 0.0011 0.0009 0.0006 0.0007 0.0013 0.0008 0.0013 0.0011 0.0009 0.0009 0.0006 0.0006 0.0004 0.0007 0.0007 0.0018 0.0008 0.0014 0.0006 0.0012 0.0008 0.0005 0.0006 0.0013 0.0010 0.0005 0.0006 0.0009 0.0006 0.0003 0.0012 0.0009 0.0005 0.0006 0.0009 0.0005 0.0007 0.0002 0.0004 
0.0008 0.0006 0.0008 0.0015 0.0008 0.0018 0.0003 0.0010 0.0018 0.0015 0.0009 0.0010 0.0010 0.0014 0.0001 0.0008 0.0014 0.0008 0.0010 0.0012 0.0003 0.0006 0.0006 0.0007 0.0009 0.0004 0.0010 0.0012 0.0003 0.0010 0.0006 0.0008 0.0006 0.0008 0.0004 0.0012 0.0008 0.0007 0.0008 0.0008 0.0009 0.0007 0.0007 0.0012 0.0007 0.0011 0.0007 0.0014 0.0006 0.0004 0.0007 0.0007 0.0005 0.0002 0.0005 0.0006 0.0007 0.0004 0.0012 0.0009 0.0003 0.0003 0.0002 0.0004 
0.0010 0.0008 0.0009 0.0013 0.0010 0.0010 0.0010 0.0014 0.0012 0.0021 0.0017 0.0006 0.0006 0.0011 0.0009 0.0003 0.0008 0.0005 0.0008 0.0008 0.0010 0.0005 0.0005 0.0005 0.0010 0.0006 0.0004 0.0010 0.0004 0.0010 0.0008 0.0008 0.0011 0.0004 0.0005 0.0011 0.0011 0.0012 0.0008 0.0003 0.0007 0.0008 0.0005 0.0004 0.0011 0.0008 0.0009 0.0006 0.0010 0.0007 0.0007 0.0006 0.0006 0.0006 0.0006 0.0006 0.0005 0.0009 0.0009 0.0003 0.0007 0.0002 0.0005 0.0003 
0.0008 0.0010 0.0007 0.0016 0.0002 0.0014 0.0007 0.0017 0.0015 0.0008 0.0007 0.0015 0.0013 0.0012 0.0009 0.0017 0.0010 0.0007 0.0006 0.0007 0.0008 0.0008 0.0008 0.0010 0.0006 0.0011 0.0006 0.0009 0.0005 0.0006 0.0004 0.0006 0.0010 0.0005 0.0010 0.0009 0.0003 0.0008 0.0004 0.0010 0.0004 0.0009 0.0011 0.0010 0.0003 0.0010 0.0009 0.0006 0.0007 0.0008 0.0008 0.0005 0.0007 0.0005 0.0003 0.0005 0.0006 0.0003 0.0005 0.0006 0.0008 0.0002 0.0005 0.0004 
0.0002 0.0010 0.0016 0.0013 0.0009 0.0012 0.0011 0.0024 0.0012 0.0016 0.0008 0.0023 0.0008 0.0013 0.0010 0.0019 0.0024 0.0013 0.0008 0.0009 0.0002 0.0004 0.0011 0.0005 0.0012 0.0011 0.0007 0.0006 0.0005 0.0005 0.0004 0.0009 0.0004 0.0005 0.0007 0.0005 0.0006 0.0007 0.0009 0.0012 0.0009 0.0007 0.0010 0.0008 0.0011 0.0009 0.0008 0.0006 0.0007 0.0008 0.0005 0.0004 0.0005 0.0007 0.0005 0.0006 0.0004 0.0005 0.0005 0.0004 0.0009 0.0003 0.0003 0.0005 
0.0005 0.0006 0.0004 0.0021 0.0006 0.0005 0.0007 0.0012 0.0014 0.0027 0.0006 0.0019 0.0029 0.0017 0.0011 0.0016 0.0023 0.0016 0.0007 0.0002 0.0012 0.0006 0.0008 0.0005 0.0009 0.0009 0.0006 0.0009 0.0007 0.0010 0.0004 0.0015 0.0005 0.0006 0.0004 0.0010 0.0005 0.0005 0.0006 0.0004 0.0007 0.0005 0.0012 0.0005 0.0012 0.0005 0.0002 0.0012 0.0003 0.0009 0.0012 0.0010 0.0005 0.0005 0.0006 0.0004 0.0002 0.0008 0.0008 0.0006 0.0008 0.0004 0.0004 0.0003 
0.0003 0.0005 0.0011 0.0012 0.0009 0.0008 0.0011 0.0013 0.0018 0.0007 0.0009 0.0012 0.0017 0.0014 0.0010 0.0006 0.0018 0.0012 0.0011 0.0015 0.0006 0.0007 0.0009 0.0014 0.0007 0.0008 0.0007 0.0007 0.0004 0.0004 0.0006 0.0011 0.0002 0.0010 0.0007 0.0013 0.0008 0.0008 0.0004 0.0014 0.0005 0.0007 0.0005 0.0008 0.0007 0.0005 0.0010 0.0011 0.0012 0.0007 0.0009 0.0007 0.0009 0.0004 0.0007 0.0006 0.0003 0.0005 0.0004 0.0007 0.0008 0.0005 0.0003 0.0003 
0.0005 0.0009 0.0008 0.0007 0.0012 0.0007 0.0013 0.0018 0.0017 0.0024 0.0007 0.0018 0.0012 0.0012 0.0013 0.0013 0.0007 0.0010 0.0014 0.0006 0.0011 0.0007 0.0007 0.0005 0.0005 0.0005 0.0010 0.0004 0.0007 0.0011 0.0007 0.0006 0.0007 0.0009 0.0007 0.0005 0.0005 0.0004 0.0010 0.0008 0.0011 0.0005 0.0006 0.0005 0.0009 0.0012 0.0011 0.0007 0.0005 0.0004 0.0005 0.0007 0.0005 0.0006 0.0003 0.0006 0.0004 0.0006 0.0010 0.0003 0.0007 0.0007 0.0003 0.0005 
0.0005 0.0007 0.0005 0.0017 0.0006 0.0012 0.0010 0.0016 0.0008 0.0022 0.0014 0.0020 0.0017 0.0026 0.0044 0.0018 0.0041 0.0057 0.0099 0.0105 0.0042 0.0021 0.0027 0.0013 0.0043 0.0019 0.0012 0.0008 0.0010 0.0008 0.0005 0.0012 0.0006 0.0006 0.0009 0.0015 0.0007 0.0014 0.0008 0.0008 0.0004 0.0008 0.0007 0.0018 0.0006 0.0012 0.0008 0.0009 0.0009 0.0013 0.0012 0.0013 0.0010 0.0007 0.0006 0.0009 0.0012 0.0011 0.0007 0.0010 0.0005 0.0008 0.0005 0.0004 
0.0004 0.0011 0.0009 0.0010 0.0015 0.0017 0.0011 0.0015 0.0020 0.0019 0.0029 0.0012 0.0063 0.0052 0.0056 0.0021 0.0012 0.0091 0.0062 0.0151 0.0129 0.0090 0.0055 0.0071 0.0091 0.0075 0.0052 0.0027 0.0020 0.0014 0.0010 0.0011 0.0003 0.0015 0.0007 0.0014 0.0020 0.0013 0.0013 0.0009 0.0012 0.0016 0.0008 0.0014 0.0014 0.0013 0.0017 0.0025 0.0014 0.0023 0.0032 0.0011 0.0008 0.0017 0.0009 0.0012 0.0009 0.0003 0.0012 0.0005 0.0013 0.0004 0.0005 0.0003 
0.0005 0.0012 0.0007 0.0016 0.0011 0.0016 0.0017 0.0022 0.0013 0.0013 0.0012 0.0034 0.0037 0.0026 0.0056 0.0042 0.0050 0.0068 0.0156 0.0256 0.0287 0.0128 0.0041 0.0146 0.0328 0.0109 0.0040 0.0069 0.0049 0.0031 0.0010 0.0018 0.0014 0.0018 0.0013 0.0051 0.0033 0.0039 0.0026 0.0007 0.0036 0.0011 0.0018 0.0012 0.0020 0.0019 0.0033 0.0036 0.0058 0.0040 0.0028 0.0008 0.0013 0.0019 0.0017 0.0012 0.0028 0.0023 0.0014 0.0010 0.0006 0.0016 0.0006 0.0003 
0.0008 0.0010 0.0009 0.0017 0.0015 0.0006 0.0021 0.0004 0.0022 0.0017 0.0012 0.0015 0.0016 0.0044 0.0047 0.0020 0.0126 0.0070 0.0105 0.0281 0.0371 0.0187 0.0144 0.0164 0.0197 0.0144 0.0110 0.0095 0.0063 0.0015 0.0041 0.0024 0.0036 0.0040 0.0033 0.0036 0.0043 0.0035 0.0037 0.0031 0.0020 0.0032 0.0034 0.0027 0.0028 0.0036 0.0014 0.0066 0.0079 0.0063 0.0027 0.0046 0.0024 0.0028 0.0030 0.0018 0.0026 0.0014 0.0025 0.0046 0.0028 0.0011 0.0010 0.0009 
0.0009 0.0010 0.0007 0.0010 0.0011 0.0008 0.0009 0.0013 0.0010 0.0030 0.0031 0.0031 0.0046 0.0085 0.0135 0.0047 0.0093 0.0104 0.0120 0.0182 0.0343 0.0426 0.0048 0.0148 0.0352 0.0303 0.0201 0.0156 0.0044 0.0124 0.0077 0.0087 0.0027 0.0043 0.0075 0.0080 0.0073 0.0069 0.0074 0.0034 0.0019 0.0040 0.0049 0.0023 0.0032 0.0039 0.0038 0.0070 0.0073 0.0041 0.0043 0.0064 0.0033 0.0034 0.0044 0.0025 0.0030 0.0013 0.0009 0.0011 0.0009 0.0022 0.0009 0.0010 
0.0002 0.0007 0.0006 0.0009 0.0020 0.0014 0.0019 0.0016 0.0020 0.0014 0.0020 0.0028 0.0017 0.0055 0.0079 0.0065 0.0059 0.0064 0.0121 0.0229 0.0173 0.0130 0.0121 0.0187 0.0170 0.0139 0.0100 0.0164 0.0090 0.0099 0.0068 0.0073 0.0038 0.0030 0.0027 0.0044 0.0092 0.0112 0.0059 0.0042 0.0025 0.0035 0.0016 0.0042 0.0042 0.0028 0.0064 0.0057 0.0052 0.0109 0.0059 0.0085 0.0037 0.0019 0.0022 0.0017 0.0016 0.0014 0.0025 0.0023 0.0008 0.0008 0.0007 0.0006 
0.0008 0.0011 0.0008 0.0011 0.0012 0.0007 0.0007 0.0022 0.0027 0.0014 0.0039 0.0035 0.0037 0.0070 0.0043 0.0044 0.0043 0.0068 0.0155 0.0166 0.0239 0.0231 0.0135 0.0101 0.0500 0.0293 0.0086 0.0122 0.0060 0.0042 0.0063 0.0050 0.0058 0.0060 0.0051 0.0087 0.0054 0.0145 0.0021 0.0061 0.0032 0.0053 0.0042 0.0037 0.0046 0.0055 0.0045 0.0066 0.0080 0.0039 0.0052 0.0071 0.0047 0.0071 0.0020 0.0014 0.0030 0.0014 0.0023 0.0024 0.0018 0.0016 0.0004 0.0005 
0.0001 0.0011 0.0007 0.0011 0.0004 0.0018 0.0011 0.0013 0.0028 0.0019 0.0022 0.0040 0.0063 0.0038 0.0096 0.0046 0.0062 0.0087 0.0272 0.0325 0.0204 0.0592 0.0294 0.0184 0.0590 0.0224 0.0236 0.0188 0.0269 0.0165 0.0059 0.0061 0.0091 0.0050 0.0141 0.0104 0.0102 0.0158 0.0021 0.0067 0.0068 0.0044 0.0022 0.0048 0.0056 0.0077 0.0072 0.0115 0.0055 0.0149 0.0098 0.0099 0.0021 0.0041 0.0034 0.0035 0.0037 0.0044 0.0048 0.0027 0.0027 0.0015 0.0008 0.0005 
0.0031 0.0026 0.0035 0.0037 0.0023 0.0020 0.0042 0.0028 0.0022 0.0065 0.0142 0.0127 0.0032 0.0158 0.0231 0.0043 0.0052 0.0139 0.0233 0.0428 0.0757 0.0388 0.0215 0.0208 0.0490 0.0886 0.0457 0.0326 0.0176 0.0220 0.0172 0.0072 0.0111 0.0181 0.0215 0.0168 0.0227 0.0266 0.0072 0.0070 0.0051 0.0057 0.0100 0.0182 0.0102 0.0088 0.0062 0.0200 0.0125 0.0201 0.0083 0.0078 0.0119 0.0062 0.0074 0.0085 0.0061 0.0057 0.0020 0.0036 0.0057 0.0016 0.0009 0.0004 
0.0082 0.0085 0.0082 0.0093 0.0069 0.0100 0.0105 0.0081 0.0080 0.0132 0.0068 0.0126 0.0207 0.0415 0.0449 0.0438 0.0270 0.0288 0.0422 0.0696 0.0750 0.1028 0.0989 0.0731 0.0399 0.1082 0.0693 0.1183 0.0396 0.0352 0.0216 0.0237 0.0150 0.0260 0.0159 0.0257 0.0350 0.0285 0.0441 0.0326 0.0221 0.0256 0.0182 0.0395 0.0221 0.0121 0.0078 0.0188 0.0139 0.0305 0.0265 0.0165 0.0101 0.0237 0.0150 0.0126 0.0042 0.0110 0.0056 0.0102 0.0032 0.0082 0.0051 0.0047 
0.0028 0.0027 0.0029 0.0028 0.0054 0.0011 0.0061 0.0036 0.0058 0.0028 0.0130 0.0190 0.0225 0.0170 0.0263 0.0619 0.0423 0.0292 0.0602 0.0671 0.1339 0.2278 0.0652 0.0569 0.0204 0.0391 0.0692 0.0459 0.0770 0.0507 0.0279 0.0208 0.0123 0.0310 0.0259 0.0306 0.0132 0.0213 0.0156 0.0053 0.0174 0.0291 0.0113 0.0175 0.0161 0.0257 0.0131 0.0267 0.0244 0.0336 0.0167 0.0277 0.0110 0.0185 0.0203 0.0104 0.0030 0.0140 0.0140 0.0122 0.0059 0.0091 0.0035 0.0034 
0.0213 0.0669 0.0611 0.0778 0.0573 0.0438 0.0268 0.0171 0.0150 0.0148 0.0263 0.0344 0.0440 0.0378 0.0125 0.0412 0.0333 0.0355 0.0349 0.0381 0.0287 0.0355 0.0600 0.0182 0.0115 0.0174 0.0220 0.0126 0.0362 0.0216 0.0209 0.0126 0.0141 0.0107 0.0135 0.0117 0.0129 0.0155 0.0159 0.0150 0.0158 0.0216 0.0284 0.0206 0.0194 0.0099 0.0187 0.0122 0.0079 0.0127 0.0056 0.0113 0.0040 0.0041 0.0084 0.0105 0.0132 0.0105 0.0114 0.0043 0.0042 0.0029 0.0032 0.0033 
0.0207 0.0553 0.1219 0.1930 0.1921 0.0695 0.0545 0.0685 0.0416 0.0324 0.0568 0.0805 0.0839 0.2384 0.3666 0.1028 0.0581 0.0338 0.0576 0.0840 0.0867 0.0413 0.0228 0.0279 0.0145 0.0041 0.0081 0.0156 0.0081 0.0105 0.0306 0.0233 0.0238 0.0200 0.0229 0.0300 0.0228 0.0197 0.0197 0.0136 0.0157 0.0309 0.0219 0.0386 0.0233 0.0230 0.0149 0.0152 0.0188 0.0217 0.0311 0.0061 0.0195 0.0219 0.0197 0.0180 0.0191 0.0197 0.0194 0.0083 0.0065 0.0091 0.0034 0.0031 
0.0269 0.0452 0.1095 0.1913 0.2241 0.1131 0.1011 0.0869 0.0689 0.0475 0.0925 0.1098 0.1662 0.3253 0.4523 0.1819 0.0250 0.0707 0.0521 0.0839 0.0607 0.0291 0.0454 0.0134 0.0093 0.0196 0.0318 0.0382 0.0467 0.0488 0.0466 0.0327 0.0300 0.0379 0.0285 0.0408 0.0445 0.0622 0.0458 0.0485 0.0310 0.0313 0.0249 0.0160 0.0286 0.0166 0.0123 0.0216 0.0289 0.0283 0.0252 0.0236 0.0179 0.0120 0.0079 0.0238 0.0280 0.0261 0.0191 0.0120 0.0187 0.0094 0.0034 0.0036 
0.0609 0.0683 0.1156 0.2171 0.1388 0.2437 0.2172 0.1360 0.1114 0.1078 0.0991 0.2202 0.4966 0.5473 0.3063 0.2294 0.0461 0.1132 0.1632 0.1354 0.0776 0.0909 0.0661 0.0240 0.0123 0.0224 0.0325 0.0384 0.0437 0.0283 0.0808 0.0641 0.0329 0.0313 0.0429 0.0384 0.0716 0.0475 0.0612 0.0925 0.0591 0.0364 0.0885 0.0560 0.0429 0.0336 0.0320 0.0085 0.0262 0.0146 0.0120 0.0112 0.0150 0.0186 0.0124 0.0118 0.0166 0.0267 0.0278 0.0154 0.0224 0.0146 0.0077 0.0083 
0.0293 0.0537 0.1019 0.1105 0.2052 0.2792 0.1706 0.1692 0.1322 0.0897 0.1725 0.2388 0.3503 0.7673 0.4057 0.1698 0.0552 0.1200 0.0694 0.1606 0.0676 0.0531 0.0377 0.0271 0.0150 0.0297 0.0319 0.0367 0.0446 0.0729 0.0390 0.0455 0.0293 0.0238 0.0220 0.0341 0.0317 0.0531 0.0495 0.0591 0.0596 0.0554 0.0215 0.0327 0.0241 0.0086 0.0194 0.0058 0.0158 0.0144 0.0195 0.0113 0.0127 0.0156 0.0176 0.0265 0.0143 0.0228 0.0200 0.0086 0.0157 0.0100 0.0059 0.0060 
0.0586 0.0764 0.1272 0.1796 0.3135 0.1789 0.3037 0.1897 0.1367 0.1429 0.2427 0.2778 0.2969 0.6417 0.3782 0.1252 0.1562 0.0869 0.0454 0.1423 0.0868 0.0603 0.0568 0.0522 0.0388 0.0360 0.0270 0.0432 0.0663 0.1001 0.0648 0.0446 0.0380 0.0408 0.0200 0.0339 0.0601 0.0463 0.0230 0.0616 0.0546 0.0408 0.0388 0.0448 0.0162 0.0414 0.0196 0.0294 0.0302 0.0309 0.0364 0.0298 0.0186 0.0303 0.0339 0.0129 0.0250 0.0310 0.0316 0.0242 0.0270 0.0063 0.0023 0.0010 
0.0695 0.0788 0.1114 0.1406 0.3574 0.2305 0.3259 0.1347 0.1501 0.1295 0.1877 0.4621 0.3066 0.6964 0.4954 0.2205 0.1145 0.1122 0.1110 0.1234 0.1157 0.0595 0.0747 0.0643 0.0569 0.0630 0.0611 0.0400 0.1087 0.1161 0.1179 0.0869 0.0556 0.0488 0.0227 0.0154 0.0465 0.0515 0.0242 0.0438 0.0469 0.0433 0.0284 0.0307 0.0094 0.0265 0.0226 0.0247 0.0202 0.0275 0.0332 0.0304 0.0291 0.0192 0.0230 0.0311 0.0306 0.0433 0.0378 0.0289 0.0312 0.0179 0.0054 0.0065 
0.0114 0.0452 0.0786 0.0796 0.2086 0.2530 0.2526 0.1207 0.1363 0.1175 0.1970 0.3127 0.4748 0.4384 0.4975 0.1082 0.1386 0.1211 0.1162 0.1216 0.0373 0.0395 0.0331 0.0234 0.0343 0.0328 0.0408 0.0298 0.0624 0.0690 0.0802 0.0632 0.0345 0.0367 0.0250 0.0179 0.0442 0.0324 0.0195 0.0529 0.0484 0.0334 0.0261 0.0281 0.0209 0.0205 0.0234 0.0222 0.0281 0.0087 0.0149 0.0203 0.0088 0.0141 0.0183 0.0173 0.0195 0.0189 0.0142 0.0108 0.0144 0.0084 0.0068 0.0065 
0.0220 0.0438 0.0704 0.0854 0.1811 0.1757 0.1471 0.1230 0.0789 0.1106 0.1514 0.3137 0.4401 0.7115 0.2144 0.1145 0.0900 0.0849 0.0726 0.1526 0.0774 0.0361 0.0235 0.0215 0.0115 0.0110 0.0160 0.0251 0.0453 0.0657 0.0708 0.0355 0.0227 0.0270 0.0230 0.0298 0.0258 0.0438 0.0578 0.0593 0.0398 0.0221 0.0272 0.0189 0.0174 0.0137 0.0256 0.0287 0.0274 0.0298 0.0154 0.0120 0.0194 0.0184 0.0130 0.0213 0.0183 0.0072 0.0119 0.0071 0.0148 0.0053 0.0016 0.0016 
0.0341 0.0526 0.0618 0.0827 0.2191 0.2518 0.0994 0.0681 0.0936 0.1458 0.1746 0.2502 0.3751 0.6415 0.3169 0.1890 0.1281 0.0815 0.0409 0.0943 0.0796 0.0275 0.0272 0.0108 0.0081 0.0152 0.0182 0.0194 0.0201 0.0492 0.0750 0.0489 0.0362 0.0378 0.0310 0.0444 0.0450 0.0149 0.0295 0.0444 0.0647 0.0474 0.0168 0.0106 0.0236 0.0385 0.0417 0.0321 0.0139 0.0270 0.0247 0.0154 0.0057 0.0047 0.0140 0.0097 0.0086 0.0083 0.0099 0.0054 0.0052 0.0041 0.0018 0.0012 
0.0214 0.0287 0.0664 0.0742 0.2142 0.2018 0.0757 0.0592 0.1251 0.1016 0.1275 0.2812 0.2571 0.5726 0.2751 0.1408 0.0764 0.1313 0.0819 0.0684 0.0855 0.0316 0.0252 0.0175 0.0097 0.0093 0.0136 0.0171 0.0234 0.0302 0.0796 0.0518 0.0235 0.0324 0.0279 0.0346 0.0294 0.0218 0.0328 0.0497 0.0552 0.0357 0.0155 0.0182 0.0244 0.0172 0.0182 0.0343 0.0121 0.0227 0.0158 0.0227 0.0202 0.0115 0.0149 0.0136 0.0148 0.0118 0.0157 0.0110 0.0097 0.0075 0.0085 0.0082 
0.0145 0.0304 0.0517 0.0805 0.1750 0.1245 0.0823 0.0432 0.0678 0.0469 0.0989 0.1377 0.2126 0.3484 0.1320 0.0642 0.0482 0.0499 0.0555 0.0803 0.0531 0.0203 0.0155 0.0160 0.0099 0.0080 0.0033 0.0131 0.0170 0.0424 0.0435 0.0376 0.0357 0.0237 0.0180 0.0173 0.0183 0.0201 0.0243 0.0306 0.0405 0.0212 0.0139 0.0134 0.0163 0.0097 0.0123 0.0198 0.0092 0.0125 0.0134 0.0077 0.0074 0.0042 0.0050 0.0110 0.0125 0.0112 0.0105 0.0081 0.0048 0.0025 0.0009 0.0005 
0.0078 0.0233 0.0438 0.0676 0.1153 0.0677 0.0495 0.0484 0.0430 0.0325 0.0644 0.1136 0.0916 0.2261 0.0355 0.0426 0.0216 0.0268 0.0331 0.0732 0.0498 0.0067 0.0136 0.0057 0.0096 0.0062 0.0053 0.0044 0.0151 0.0317 0.0309 0.0370 0.0239 0.0132 0.0169 0.0169 0.0158 0.0186 0.0131 0.0209 0.0327 0.0114 0.0104 0.0156 0.0134 0.0163 0.0084 0.0115 0.0094 0.0117 0.0091 0.0066 0.0061 0.0070 0.0033 0.0070 0.0025 0.0038 0.0033 0.0037 0.0032 0.0022 0.0025 0.0023 
0.0057 0.0221 0.0230 0.0314 0.0194 0.0206 0.0243 0.0183 0.0130 0.0134 0.0239 0.0376 0.0455 0.0310 0.0342 0.0155 0.0048 0.0115 0.0038 0.0127 0.0241 0.0068 0.0041 0.0023 0.0018 0.0019 0.0006 0.0037 0.0023 0.0050 0.0094 0.0169 0.0145 0.0051 0.0104 0.0022 0.0079 0.0068 0.0053 0.0065 0.0051 0.0113 0.0079 0.0053 0.0057 0.0028 0.0040 0.0034 0.0058 0.0036 0.0033 0.0022 0.0011 0.0010 0.0020 0.0012 0.0015 0.0020 0.0010 0.0014 0.0025 0.0022 0.0006 0.0004 
0.0028 0.0097 0.0080 0.0091 0.0107 0.0064 0.0078 0.0084 0.0031 0.0068 0.0138 0.0214 0.0127 0.0339 0.0090 0.0037 0.0025 0.0053 0.0016 0.0036 0.0092 0.0030 0.0046 0.0036 0.0015 0.0017 0.0017 0.0016 0.0015 0.0042 0.0028 0.0031 0.0042 0.0012 0.0053 0.0062 0.0034 0.0043 0.0029 0.0033 0.0020 0.0040 0.0024 0.0020 0.0038 0.0025 0.0021 0.0016 0.0025 0.0049 0.0025 0.0023 0.0016 0.0017 0.0024 0.0015 0.0017 0.0009 0.0008 0.0020 0.0016 0.0016 0.0003 0.0005 
0.0011 0.0043 0.0016 0.0036 0.0093 0.0064 0.0040 0.0049 0.0046 0.0063 0.0049 0.0082 0.0080 0.0119 0.0135 0.0043 0.0037 0.0037 0.0096 0.0046 0.0134 0.0131 0.0088 0.0063 0.0060 0.0041 0.0034 0.0057 0.0017 0.0043 0.0069 0.0052 0.0081 0.0065 0.0066 0.0038 0.0043 0.0040 0.0039 0.0033 0.0046 0.0025 0.0070 0.0064 0.0032 0.0044 0.0085 0.0097 0.0052 0.0029 0.0029 0.0043 0.0011 0.0019 0.0016 0.0016 0.0016 0.0017 0.0022 0.0012 0.0015 0.0009 0.0002 0.0004 
0.0005 0.0023 0.0022 0.0023 0.0032 0.0040 0.0034 0.0055 0.0039 0.0074 0.0031 0.0086 0.0108 0.0172 0.0121 0.0061 0.0068 0.0052 0.0020 0.0019 0.0154 0.0098 0.0083 0.0116 0.0056 0.0015 0.0039 0.0052 0.0043 0.0062 0.0008 0.0074 0.0062 0.0112 0.0064 0.0028 0.0062 0.0045 0.0052 0.0051 0.0087 0.0039 0.0061 0.0069 0.0076 0.0062 0.0036 0.0086 0.0194 0.0063 0.0039 0.0035 0.0040 0.0030 0.0028 0.0024 0.0038 0.0012 0.0009 0.0012 0.0011 0.0013 0.0008 0.0005 
0.0005 0.0009 0.0016 0.0020 0.0114 0.0022 0.0021 0.0087 0.0049 0.0047 0.0115 0.0151 0.0130 0.0268 0.0311 0.0077 0.0083 0.0074 0.0102 0.0117 0.0200 0.0341 0.0163 0.0216 0.0050 0.0092 0.0115 0.0093 0.0027 0.0095 0.0079 0.0062 0.0073 0.0079 0.0122 0.0051 0.0077 0.0088 0.0031 0.0038 0.0070 0.0093 0.0061 0.0011 0.0080 0.0037 0.0036 0.0061 0.0054 0.0077 0.0151 0.0055 0.0044 0.0040 0.0023 0.0023 0.0022 0.0038 0.0034 0.0020 0.0043 0.0013 0.0013 0.0013 
0.0005 0.0010 0.0018 0.0047 0.0072 0.0021 0.0042 0.0115 0.0087 0.0067 0.0121 0.0177 0.0081 0.0092 0.0188 0.0208 0.0065 0.0029 0.0084 0.0045 0.0137 0.0301 0.0110 0.0121 0.0041 0.0047 0.0085 0.0043 0.0038 0.0050 0.0047 0.0093 0.0118 0.0088 0.0083 0.0131 0.0062 0.0044 0.0087 0.0079 0.0034 0.0056 0.0072 0.0062 0.0040 0.0053 0.0062 0.0076 0.0040 0.0073 0.0051 0.0045 0.0085 0.0037 0.0040 0.0043 0.0036 0.0032 0.0047 0.0023 0.0021 0.0022 0.0006 0.0002 
0.0004 0.0006 0.0014 0.0032 0.0040 0.0019 0.0009 0.0029 0.0009 0.0010 0.0011 0.0040 0.0044 0.0026 0.0032 0.0024 0.0006 0.0013 0.0006 0.0015 0.0020 0.0015 0.0019 0.0013 0.0018 0.0013 0.0014 0.0010 0.0008 0.0007 0.0006 0.0020 0.0022 0.0014 0.0013 0.0014 0.0013 0.0011 0.0019 0.0015 0.0019 0.0011 0.0017 0.0012 0.0015 0.0010 0.0010 0.0017 0.0018 0.0009 0.0008 0.0010 0.0012 0.0016 0.0011 0.0010 0.0013 0.0011 0.0011 0.0011 0.0008 0.0008 0.0005 0.0004 
0.0007 0.0008 0.0010 0.0024 0.0011 0.0005 0.0008 0.0010 0.0015 0.0014 0.0015 0.0019 0.0017 0.0040 0.0014 0.0009 0.0015 0.0008 0.0007 0.0015 0.0010 0.0009 0.0014 0.0014 0.0011 0.0009 0.0009 0.0011 0.0008 0.0012 0.0010 0.0008 0.0009 0.0007 0.0011 0.0009 0.0008 0.0006 0.0012 0.0004 0.0012 0.0007 0.0009 0.0004 0.0005 0.0005 0.0008 0.0007 0.0011 0.0008 0.0012 0.0013 0.0010 0.0009 0.0007 0.0006 0.0009 0.0007 0.0007 0.0008 0.0010 0.0001 0.0003 0.0003 
0.0004 0.0006 0.0006 0.0007 0.0008 0.0013 0.0010 0.0012 0.0015 0.0014 0.0006 0.0012 0.0011 0.0011 0.0008 0.0018 0.0017 0.0002 0.0010 0.0006 0.0006 0.0005 0.0006 0.0011 0.0012 0.0013 0.0003 0.0007 0.0010 0.0005 0.0003 0.0009 0.0003 0.0008 0.0009 0.0007 0.0007 0.0009 0.0008 0.0010 0.0005 0.0013 0.0007 0.0011 0.0005 0.0006 0.0013 0.0009 0.0009 0.0012 0.0008 0.0003 0.0011 0.0004 0.0008 0.0006 0.0006 0.0005 0.0009 0.0009 0.0005 0.0008 0.0004 0.0004 
0.0007 0.0008 0.0012 0.0008 0.0014 0.0011 0.0009 0.0016 0.0015 0.0015 0.0007 0.0011 0.0008 0.0022 0.0010 0.0006 0.0013 0.0008 0.0009 0.0007 0.0009 0.0010 0.0004 0.0009 0.0010 0.0005 0.0007 0.0010 0.0004 0.0005 0.0009 0.0009 0.0004 0.0005 0.0008 0.0015 0.0005 0.0009 0.0007 0.0011 0.0005 0.0008 0.0006 0.0009 0.0011 0.0008 0.0009 0.0013 0.0010 0.0004 0.0005 0.0005 0.0009 0.0008 0.0004 0.0004 0.0005 0.0008 0.0003 0.0006 0.0009 0.0004 0.0002 0.0003 
0.0018 0.0012 0.0018 0.0031 0.0014 0.0024 0.0020 0.0018 0.0037 0.0039 0.0050 0.0063 0.0062 0.0068 0.0055 0.0034 0.0037 0.0030 0.0023 0.0024 0.0028 0.0022 0.0027 0.0023 0.0029 0.0029 0.0020 0.0013 0.0014 0.0013 0.0004 0.0006 0.0006 0.0012 0.0007 0.0011 0.0007 0.0006 0.0013 0.0012 0.0008 0.0008 0.0007 0.0007 0.0016 0.0011 0.0008 0.0014 0.0006 0.0011 0.0005 0.0007 0.0005 0.0011 0.0003 0.0010 0.0014 0.0012 0.0012 0.0011 0.0003 0.0007 0.0002 0.0005 
0.0014 0.0018 0.0034 0.0110 0.0060 0.0090 0.0051 0.0112 0.0085 0.0027 0.0280 0.0171 0.0204 0.0189 0.0075 0.0124 0.0049 0.0083 0.0061 0.0056 0.0106 0.0093 0.0095 0.0061 0.0014 0.0037 0.0029 0.0012 0.0035 0.0019 0.0015 0.0026 0.0020 0.0034 0.0020 0.0070 0.0032 0.0024 0.0042 0.0036 0.0046 0.0043 0.0016 0.0029 0.0025 0.0024 0.0040 0.0015 0.0039 0.0039 0.0008 0.0029 0.0016 0.0008 0.0018 0.0025 0.0011 0.0012 0.0026 0.0022 0.0023 0.0009 0.0001 0.0003 
0.0004 0.0007 0.0018 0.0029 0.0037 0.0037 0.0042 0.0019 0.0023 0.0020 0.0050 0.0070 0.0075 0.0051 0.0036 0.0047 0.0044 0.0026 0.0031 0.0020 0.0050 0.0041 0.0019 0.0030 0.0032 0.0024 0.0009 0.0015 0.0013 0.0006 0.0023 0.0009 0.0031 0.0032 0.0032 0.0023 0.0024 0.0016 0.0014 0.0013 0.0020 0.0018 0.0016 0.0017 0.0015 0.0018 0.0025 0.0036 0.0022 0.0024 0.0013 0.0007 0.0007 0.0007 0.0013 0.0011 0.0017 0.0016 0.0017 0.0008 0.0009 0.0004 0.0002 0.0004 
0.0004 0.0029 0.0025 0.0018 0.0022 0.0017 0.0011 0.0021 0.0014 0.0018 0.0122 0.0070 0.0046 0.0025 0.0021 0.0026 0.0013 0.0018 0.0018 0.0038 0.0025 0.0014 0.0012 0.0007 0.0012 0.0003 0.0013 0.0009 0.0011 0.0011 0.0020 0.0019 0.0009 0.0009 0.0014 0.0007 0.0009 0.0004 0.0011 0.0007 0.0012 0.0009 0.0014 0.0008 0.0013 0.0012 0.0017 0.0016 0.0007 0.0007 0.0010 0.0008 0.0004 0.0013 0.0006 0.0003 0.0008 0.0010 0.0006 0.0004 0.0008 0.0007 0.0004 0.0005 
0.0006 0.0006 0.0011 0.0013 0.0014 0.0014 0.0005 0.0014 0.0017 0.0021 0.0013 0.0021 0.0019 0.0009 0.0007 0.0007 0.0016 0.0009 0.0006 0.0012 0.0012 0.0005 0.0005 0.0006 0.0005 0.0003 0.0009 0.0007 0.0007 0.0006 0.0003 0.0004 0.0006 0.0007 0.0008 0.0008 0.0003 0.0005 0.0010 0.0009 0.0010 0.0012 0.0007 0.0005 0.0009 0.0006 0.0003 0.0014 0.0009 0.0008 0.0003 0.0005 0.0003 0.0008 0.0007 0.0009 0.0004 0.0005 0.0004 0.0004 0.0006 0.0004 0.0004 0.0003 
0.0003 0.0008 0.0009 0.0010 0.0010 0.0016 0.0007 0.0012 0.0021 0.0016 0.0011 0.0005 0.0006 0.0013 0.0009 0.0007 0.0013 0.0004 0.0008 0.0005 0.0008 0.0009 0.0007 0.0005 0.0005 0.0008 0.0006 0.0006 0.0013 0.0005 0.0005 0.0005 0.0008 0.0004 0.0006 0.0005 0.0007 0.0006 0.0008 0.0008 0.0010 0.0004 0.0009 0.0012 0.0008 0.0011 0.0011 0.0008 0.0009 0.0009 0.0012 0.0007 0.0007 0.0011 0.0006 0.0010 0.0005 0.0009 0.0007 0.0007 0.0006 0.0004 0.0005 0.0006 
0.0005 0.0013 0.0011 0.0017 0.0011 0.0014 0.0012 0.0024 0.0011 0.0020 0.0016 0.0014 0.0005 0.0014 0.0001 0.0007 0.0014 0.0007 0.0007 0.0008 0.0011 0.0008 0.0005 0.0009 0.0010 0.0014 0.0005 0.0011 0.0009 0.0008 0.0007 0.0007 0.0006 0.0009 0.0005 0.0006 0.0006 0.0003 0.0009 0.0006 0.0007 0.0008 0.0006 0.0006 0.0007 0.0004 0.0012 0.0009 0.0005 0.0007 0.0005 0.0006 0.0007 0.0006 0.0014 0.0005 0.0004 0.0005 0.0008 0.0005 0.0004 0.0007 0.0002 0.0003 
0.0003 0.0002 0.0012 0.0021 0.0010 0.0018 0.0008 0.0018 0.0016 0.0019 0.0006 0.0007 0.0007 0.0010 0.0012 0.0007 0.0011 0.0008 0.0008 0.0008 0.0009 0.0006 0.0008 0.0005 0.0008 0.0003 0.0004 0.0018 0.0013 0.0005 0.0005 0.0009 0.0009 0.0007 0.0010 0.0009 0.0013 0.0009 0.0012 0.0008 0.0009 0.0008 0.0008 0.0004 0.0017 0.0007 0.0012 0.0005 0.0008 0.0007 0.0006 0.0008 0.0009 0.0009 0.0006 0.0005 0.0006 0.0005 0.0008 0.0005 0.0003 0.0004 0.0005 0.0003 
0.0004 0.0015 0.0011 0.0014 0.0016 0.0014 0.0007 0.0016 0.0013 0.0021 0.0007 0.0016 0.0011 0.0009 0.0008 0.0008 0.0008 0.0006 0.0008 0.0007 0.0007 0.0013 0.0004 0.0011 0.0009 0.0010 0.0005 0.0007 0.0011 0.0005 0.0008 0.0006 0.0006 0.0005 0.0007 0.0008 0.0011 0.0007 0.0013 0.0010 0.0010 0.0005 0.0009 0.0012 0.0009 0.0012 0.0009 0.0006 0.0012 0.0003 0.0011 0.0006 0.0009 0.0008 0.0005 0.0007 0.0006 0.0007 0.0012 0.0008 0.0005 0.0002 0.0002 0.0004 
0.0008 0.0008 0.0010 0.0012 0.0011 0.0016 0.0005 0.0009 0.0017 0.0021 0.0010 0.0007 0.0006 0.0012 0.0012 0.0004 0.0008 0.0004 0.0006 0.0005 0.0007 0.0015 0.0008 0.0010 0.0007 0.0003 0.0007 0.0007 0.0009 0.0006 0.0010 0.0010 0.0005 0.0007 0.0008 0.0014 0.0010 0.0007 0.0007 0.0017 0.0007 0.0006 0.0005 0.0016 0.0016 0.0006 0.0013 0.0004 0.0010 0.0010 0.0010 0.0009 0.0009 0.0007 0.0008 0.0007 0.0008 0.0006 0.0009 0.0006 0.0011 0.0003 0.0003 0.0004 
0.0003 0.0009 0.0016 0.0011 0.0010 0.0012 0.0010 0.0016 0.0018 0.0021 0.0018 0.0009 0.0014 0.0011 0.0008 0.0006 0.0006 0.0009 0.0007 0.0006 0.0009 0.0005 0.0008 0.0008 0.0013 0.0003 0.0003 0.0005 0.0006 0.0010 0.0009 0.0006 0.0008 0.0006 0.0008 0.0018 0.0010 0.0003 0.0012 0.0005 0.0005 0.0011 0.0007 0.0015 0.0008 0.0006 0.0008 0.0010 0.0011 0.0014 0.0007 0.0004 0.0011 0.0012 0.0009 0.0008 0.0002 0.0007 0.0005 0.0005 0.0003 0.0004 0.0004 0.0004 
0.0008 0.0009 0.0011 0.0016 0.0009 0.0011 0.0017 0.0021 0.0012 0.0013 0.0008 0.0014 0.0015 0.0010 0.0006 0.0008 0.0008 0.0007 0.0011 0.0008 0.0014 0.0004 0.0006 0.0007 0.0013 0.0007 0.0006 0.0006 0.0006 0.0010 0.0007 0.0010 0.0011 0.0016 0.0007 0.0010 0.0006 0.0007 0.0008 0.0005 0.0008 0.0005 0.0008 0.0006 0.0013 0.0012 0.0008 0.0017 0.0004 0.0009 0.0014 0.0010 0.0006 0.0012 0.0007 0.0005 0.0007 0.0009 0.0008 0.0003 0.0007 0.0009 0.0002 0.0001 
0.0004 0.0002 0.0008 0.0010 0.0008 0.0011 0.0011 0.0012 0.0020 0.0015 0.0016 0.0017 0.0006 0.0022 0.0011 0.0006 0.0004 0.0011 0.0014 0.0007 0.0006 0.0002 0.0009 0.0012 0.0009 0.0011 0.0010 0.0011 0.0009 0.0005 0.0012 0.0009 0.0008 0.0006 0.0003 0.0009 0.0003 0.0005 0.0008 0.0012 0.0008 0.0008 0.0007 0.0005 0.0016 0.0007 0.0009 0.0014 0.0010 0.0006 0.0003 0.0010 0.0006 0.0008 0.0005 0.0004 0.0010 0.0007 0.0010 0.0009 0.0005 0.0006 0.0003 0.0005 
0.0007 0.0011 0.0006 0.0010 0.0007 0.0018 0.0012 0.0014 0.0019 0.0019 0.0015 0.0013 0.0010 0.0010 0.0006 0.0007 0.0013 0.0011 0.0010 0.0014 0.0006 0.0010 0.0008 0.0004 0.0004 0.0009 0.0008 0.0009 0.0007 0.0005 0.0011 0.0021 0.0011 0.0008 0.0006 0.0015 0.0009 0.0004 0.0006 0.0011 0.0009 0.0007 0.0006 0.0010 0.0010 0.0005 0.0005 0.0005 0.0014 0.0003 0.0010 0.0007 0.0008 0.0011 0.0012 0.0008 0.0011 0.0005 0.0006 0.0006 0.0002 0.0005 0.0004 0.0006 
0.0008 0.0010 0.0015 0.0019 0.0017 0.0016 0.0005 0.0020 0.0017 0.0011 0.0020 0.0014 0.0006 0.0014 0.0009 0.0010 0.0011 0.0013 0.0013 0.0009 0.0020 0.0007 0.0004 0.0007 0.0015 0.0007 0.0007 0.0008 0.0008 0.0007 0.0008 0.0005 0.0006 0.0004 0.0007 0.0013 0.0005 0.0007 0.0010 0.0010 0.0005 0.0009 0.0007 0.0016 0.0012 0.0012 0.0010 0.0006 0.0015 0.0008 0.0005 0.0007 0.0008 0.0006 0.0007 0.0003 0.0008 0.0005 0.0009 0.0009 0.0003 0.0004 0.0004 0.0004 
