0.0023 0.0033 0.0043 0.0032 0.0023 0.0058 0.0039 0.0066 0.0057 0.0082 0.0022 0.0054 0.0024 0.0033 0.0040 0.0029 0.0017 0.0017 0.0030 0.0038 0.0032 0.0013 0.0024 0.0014 0.0044 0.0055 0.0032 0.0030 0.0021 0.0030 0.0031 0.0041 0.0033 0.0057 0.0032 0.0031 0.0030 0.0034 0.0035 0.0026 0.0035 0.0038 0.0034 0.0029 0.0022 0.0034 0.0042 0.0049 0.0032 0.0029 0.0045 0.0023 0.0040 0.0017 0.0033 0.0027 0.0025 0.0036 0.0035 0.0020 0.0024 0.0022 0.0018 0.0018 
0.0015 0.0014 0.0032 0.0025 0.0027 0.0041 0.0033 0.0042 0.0038 0.0024 0.0025 0.0018 0.0031 0.0028 0.0024 0.0030 0.0015 0.0023 0.0021 0.0026 0.0016 0.0019 0.0027 0.0017 0.0025 0.0017 0.0017 0.0007 0.0028 0.0020 0.0039 0.0029 0.0025 0.0015 0.0028 0.0015 0.0029 0.0033 0.0009 0.0019 0.0021 0.0013 0.0018 0.0015 0.0011 0.0034 0.0032 0.0024 0.0030 0.0022 0.0037 0.0017 0.0016 0.0007 0.0025 0.0012 0.0013 0.0019 0.0028 0.0022 0.0023 0.0010 0.0003 0.0004 
0.0011 0.0026 0.0018 0.0031 0.0023 0.0046 0.0018 0.0029 0.0024 0.0031 0.0024 0.0021 0.0021 0.0029 0.0034 0.0031 0.0049 0.0013 0.0017 0.0018 0.0009 0.0016 0.0031 0.0009 0.0041 0.0024 0.0031 0.0011 0.0032 0.0014 0.0015 0.0024 0.0013 0.0023 0.0010 0.0026 0.0040 0.0029 0.0007 0.0013 0.0012 0.0022 0.0014 0.0013 0.0026 0.0020 0.0009 0.0019 0.0031 0.0021 0.0034 0.0011 0.0023 0.0010 0.0025 0.0018 0.0014 0.0024 0.0013 0.0016 0.0007 0.0005 0.0003 0.0006 
0.0004 0.0030 0.0031 0.0013 0.0020 0.0049 0.0012 0.0039 0.0019 0.0059 0.0027 0.0044 0.0025 0.0023 0.0030 0.0020 0.0020 0.0012 0.0033 0.0021 0.0014 0.0028 0.0009 0.0009 0.0034 0.0023 0.0012 0.0028 0.0030 0.0025 0.0027 0.0026 0.0027 0.0021 0.0023 0.0024 0.0011 0.0012 0.0022 0.0022 0.0027 0.0009 0.0019 0.0017 0.0012 0.0010 0.0024 0.0010 0.0013 0.0023 0.0027 0.0020 0.0019 0.0036 0.0020 0.0015 0.0014 0.0020 0.0012 0.0008 0.0025 0.0008 0.0005 0.0003 
0.0010 0.0021 0.0031 0.0031 0.0032 0.0026 0.0020 0.0034 0.0013 0.0083 0.0031 0.0025 0.0033 0.0042 0.0010 0.0039 0.0020 0.0008 0.0029 0.0015 0.0026 0.0016 0.0014 0.0043 0.0024 0.0024 0.0025 0.0024 0.0017 0.0014 0.0020 0.0032 0.0013 0.0037 0.0013 0.0019 0.0035 0.0008 0.0014 0.0049 0.0015 0.0024 0.0037 0.0010 0.0028 0.0016 0.0032 0.0022 0.0020 0.0022 0.0014 0.0019 0.0010 0.0014 0.0021 0.0012 0.0017 0.0023 0.0021 0.0039 0.0018 0.0009 0.0002 0.0003 
0.0032 0.0034 0.0034 0.0030 0.0037 0.0026 0.0033 0.0043 0.0018 0.0075 0.0037 0.0038 0.0015 0.0031 0.0033 0.0024 0.0049 0.0023 0.0022 0.0004 0.0020 0.0021 0.0034 0.0033 0.0015 0.0028 0.0022 0.0022 0.0038 0.0013 0.0030 0.0014 0.0015 0.0023 0.0016 0.0027 0.0013 0.0014 0.0024 0.0020 0.0025 0.0018 0.0015 0.0017 0.0032 0.0028 0.0032 0.0041 0.0015 0.0018 0.0020 0.0020 0.0024 0.0019 0.0015 0.0016 0.0020 0.0014 0.0025 0.0032 0.0013 0.0016 0.0005 0.0002 
0.0006 0.0028 0.0047 0.0022 0.0017 0.0038 0.0021 0.0047 0.0030 0.0061 0.0039 0.0020 0.0034 0.0026 0.0023 0.0028 0.0023 0.0017 0.0016 0.0014 0.0013 0.0011 0.0012 0.0026 0.0041 0.0025 0.0018 0.0008 0.0026 0.0027 0.0018 0.0030 0.0034 0.0033 0.0021 0.0007 0.0012 0.0017 0.0015 0.0020 0.0009 0.0019 0.0012 0.0014 0.0014 0.0029 0.0022 0.0012 0.0013 0.0008 0.0016 0.0034 0.0028 0.0026 0.0038 0.0021 0.0024 0.0020 0.0008 0.0009 0.0020 0.0004 0.0004 0.0001 
0.0010 0.0005 0.0039 0.0028 0.0018 0.0031 0.0027 0.0052 0.0036 0.0035 0.0013 0.0027 0.0039 0.0025 0.0022 0.0024 0.0022 0.0035 0.0019 0.0033 0.0026 0.0010 0.0008 0.0029 0.0033 0.0032 0.0032 0.0019 0.0012 0.0031 0.0022 0.0038 0.0017 0.0018 0.0011 0.0016 0.0018 0.0015 0.0020 0.0020 0.0021 0.0010 0.0028 0.0015 0.0031 0.0012 0.0008 0.0024 0.0023 0.0018 0.0030 0.0021 0.0010 0.0023 0.0021 0.0023 0.0021 0.0012 0.0018 0.0024 0.0030 0.0011 0.0005 0.0003 
0.0031 0.0056 0.0055 0.0034 0.0021 0.0046 0.0042 0.0046 0.0035 0.0035 0.0028 0.0037 0.0028 0.0033 0.0029 0.0022 0.0025 0.0017 0.0015 0.0008 0.0013 0.0025 0.0022 0.0018 0.0015 0.0015 0.0013 0.0024 0.0012 0.0017 0.0023 0.0024 0.0031 0.0022 0.0027 0.0029 0.0011 0.0013 0.0026 0.0018 0.0040 0.0033 0.0033 0.0018 0.0013 0.0024 0.0011 0.0010 0.0041 0.0023 0.0033 0.0027 0.0024 0.0036 0.0007 0.0023 0.0013 0.0020 0.0017 0.0025 0.0011 0.0010 0.0006 0.0007 
0.0005 0.0015 0.0030 0.0030 0.0021 0.0025 0.0021 0.0033 0.0024 0.0048 0.0019 0.0022 0.0025 0.0027 0.0034 0.0033 0.0034 0.0025 0.0013 0.0017 0.0008 0.0023 0.0021 0.0009 0.0019 0.0023 0.0022 0.0022 0.0013 0.0010 0.0018 0.0023 0.0013 0.0007 0.0015 0.0023 0.0028 0.0011 0.0040 0.0032 0.0018 0.0035 0.0014 0.0023 0.0027 0.0019 0.0025 0.0022 0.0015 0.0012 0.0015 0.0009 0.0027 0.0015 0.0009 0.0009 0.0006 0.0006 0.0020 0.0019 0.0010 0.0004 0.0002 0.0002 
0.0009 0.0020 0.0030 0.0025 0.0024 0.0038 0.0019 0.0028 0.0027 0.0096 0.0014 0.0015 0.0024 0.0032 0.0053 0.0013 0.0026 0.0026 0.0012 0.0019 0.0013 0.0016 0.0023 0.0018 0.0029 0.0020 0.0011 0.0027 0.0030 0.0006 0.0022 0.0028 0.0027 0.0025 0.0011 0.0027 0.0030 0.0015 0.0019 0.0010 0.0020 0.0018 0.0014 0.0019 0.0015 0.0012 0.0025 0.0030 0.0015 0.0036 0.0016 0.0013 0.0019 0.0023 0.0011 0.0023 0.0011 0.0010 0.0007 0.0023 0.0019 0.0009 0.0003 0.0005 
0.0017 0.0031 0.0021 0.0031 0.0023 0.0023 0.0010 0.0042 0.0014 0.0042 0.0027 0.0035 0.0017 0.0024 0.0030 0.0017 0.0009 0.0009 0.0010 0.0010 0.0022 0.0014 0.0018 0.0018 0.0018 0.0033 0.0018 0.0010 0.0018 0.0028 0.0020 0.0018 0.0029 0.0016 0.0007 0.0019 0.0014 0.0025 0.0017 0.0018 0.0017 0.0029 0.0020 0.0008 0.0016 0.0012 0.0019 0.0015 0.0030 0.0014 0.0016 0.0011 0.0030 0.0025 0.0016 0.0021 0.0016 0.0020 0.0014 0.0016 0.0011 0.0012 0.0006 0.0003 
0.0020 0.0016 0.0039 0.0034 0.0020 0.0032 0.0015 0.0046 0.0038 0.0041 0.0035 0.0030 0.0016 0.0028 0.0026 0.0019 0.0026 0.0018 0.0024 0.0014 0.0014 0.0018 0.0017 0.0022 0.0033 0.0034 0.0028 0.0018 0.0015 0.0006 0.0015 0.0002 0.0022 0.0013 0.0033 0.0017 0.0018 0.0030 0.0009 0.0020 0.0035 0.0024 0.0014 0.0022 0.0016 0.0015 0.0026 0.0020 0.0034 0.0021 0.0021 0.0025 0.0015 0.0026 0.0017 0.0015 0.0025 0.0005 0.0013 0.0015 0.0018 0.0010 0.0003 0.0002 
0.0011 0.0031 0.0047 0.0023 0.0018 0.0044 0.0015 0.0014 0.0034 0.0017 0.0035 0.0014 0.0023 0.0038 0.0038 0.0019 0.0018 0.0010 0.0019 0.0018 0.0019 0.0031 0.0012 0.0009 0.0024 0.0018 0.0019 0.0022 0.0013 0.0006 0.0018 0.0021 0.0029 0.0020 0.0017 0.0025 0.0006 0.0005 0.0014 0.0015 0.0024 0.0006 0.0026 0.0011 0.0026 0.0021 0.0029 0.0030 0.0023 0.0035 0.0015 0.0019 0.0032 0.0024 0.0008 0.0017 0.0022 0.0014 0.0013 0.0021 0.0013 0.0018 0.0003 0.0003 
0.0009 0.0034 0.0024 0.0027 0.0012 0.0036 0.0022 0.0030 0.0032 0.0042 0.0057 0.0022 0.0027 0.0034 0.0031 0.0032 0.0026 0.0023 0.0031 0.0016 0.0028 0.0030 0.0028 0.0020 0.0015 0.0028 0.0010 0.0026 0.0017 0.0015 0.0022 0.0014 0.0027 0.0014 0.0026 0.0020 0.0018 0.0031 0.0019 0.0025 0.0013 0.0026 0.0017 0.0036 0.0042 0.0008 0.0027 0.0021 0.0020 0.0018 0.0008 0.0022 0.0024 0.0017 0.0018 0.0014 0.0008 0.0015 0.0017 0.0018 0.0025 0.0012 0.0001 0.0003 
0.0016 0.0021 0.0025 0.0024 0.0027 0.0031 0.0016 0.0034 0.0012 0.0058 0.0032 0.0021 0.0023 0.0026 0.0031 0.0024 0.0022 0.0013 0.0021 0.0016 0.0015 0.0011 0.0012 0.0017 0.0027 0.0021 0.0033 0.0021 0.0019 0.0019 0.0021 0.0011 0.0011 0.0015 0.0030 0.0014 0.0013 0.0036 0.0036 0.0025 0.0029 0.0006 0.0031 0.0025 0.0037 0.0027 0.0016 0.0036 0.0038 0.0020 0.0014 0.0039 0.0018 0.0017 0.0026 0.0016 0.0022 0.0016 0.0012 0.0029 0.0009 0.0009 0.0006 0.0006 
0.0024 0.0030 0.0018 0.0011 0.0030 0.0031 0.0032 0.0041 0.0073 0.0125 0.0091 0.0172 0.0120 0.0187 0.0138 0.0170 0.0113 0.0091 0.0099 0.0047 0.0089 0.0054 0.0092 0.0127 0.0064 0.0151 0.0096 0.0155 0.0074 0.0071 0.0046 0.0077 0.0114 0.0050 0.0144 0.0092 0.0111 0.0098 0.0104 0.0142 0.0067 0.0206 0.0055 0.0189 0.0107 0.0217 0.0178 0.0207 0.0188 0.0120 0.0182 0.0099 0.0162 0.0108 0.0124 0.0088 0.0135 0.0063 0.0123 0.0037 0.0075 0.0017 0.0005 0.0005 
0.0016 0.0031 0.0030 0.0036 0.0024 0.0034 0.0019 0.0040 0.0016 0.0070 0.0027 0.0035 0.0050 0.0027 0.0033 0.0025 0.0020 0.0020 0.0015 0.0010 0.0025 0.0020 0.0023 0.0015 0.0012 0.0017 0.0025 0.0025 0.0017 0.0023 0.0011 0.0031 0.0042 0.0034 0.0007 0.0027 0.0028 0.0013 0.0016 0.0033 0.0033 0.0020 0.0046 0.0028 0.0027 0.0017 0.0022 0.0022 0.0031 0.0010 0.0030 0.0016 0.0048 0.0025 0.0021 0.0018 0.0026 0.0049 0.0017 0.0011 0.0013 0.0011 0.0004 0.0003 
0.0013 0.0016 0.0010 0.0035 0.0014 0.0021 0.0028 0.0035 0.0027 0.0051 0.0027 0.0035 0.0026 0.0021 0.0032 0.0028 0.0031 0.0037 0.0014 0.0015 0.0020 0.0016 0.0015 0.0015 0.0038 0.0023 0.0025 0.0018 0.0025 0.0015 0.0021 0.0017 0.0024 0.0017 0.0012 0.0015 0.0010 0.0023 0.0011 0.0033 0.0047 0.0025 0.0038 0.0028 0.0012 0.0014 0.0031 0.0020 0.0023 0.0020 0.0044 0.0026 0.0017 0.0020 0.0012 0.0021 0.0029 0.0010 0.0023 0.0012 0.0020 0.0012 0.0006 0.0003 
0.0024 0.0026 0.0067 0.0043 0.0052 0.0060 0.0037 0.0117 0.0031 0.0060 0.0023 0.0093 0.0061 0.0159 0.0067 0.0059 0.0030 0.0044 0.0073 0.0077 0.0044 0.0032 0.0032 0.0026 0.0016 0.0011 0.0021 0.0016 0.0033 0.0008 0.0022 0.0015 0.0021 0.0036 0.0021 0.0016 0.0025 0.0017 0.0026 0.0037 0.0033 0.0031 0.0025 0.0012 0.0019 0.0023 0.0032 0.0037 0.0013 0.0032 0.0031 0.0029 0.0024 0.0020 0.0013 0.0029 0.0030 0.0018 0.0018 0.0018 0.0020 0.0011 0.0006 0.0004 
0.0010 0.0044 0.0064 0.0035 0.0050 0.0042 0.0031 0.0049 0.0019 0.0072 0.0050 0.0025 0.0076 0.0093 0.0098 0.0049 0.0043 0.0043 0.0017 0.0080 0.0030 0.0030 0.0014 0.0028 0.0046 0.0036 0.0020 0.0038 0.0012 0.0008 0.0025 0.0033 0.0019 0.0015 0.0017 0.0030 0.0021 0.0032 0.0034 0.0033 0.0024 0.0049 0.0031 0.0038 0.0021 0.0040 0.0031 0.0049 0.0040 0.0031 0.0019 0.0025 0.0033 0.0044 0.0023 0.0010 0.0023 0.0036 0.0020 0.0012 0.0010 0.0011 0.0006 0.0003 
0.0010 0.0021 0.0019 0.0032 0.0045 0.0039 0.0085 0.0074 0.0076 0.0069 0.0044 0.0096 0.0127 0.0298 0.0283 0.0123 0.0119 0.0139 0.0129 0.0361 0.0220 0.0167 0.0048 0.0038 0.0107 0.0168 0.0109 0.0138 0.0313 0.0139 0.0069 0.0090 0.0174 0.0119 0.0183 0.0073 0.0050 0.0114 0.0098 0.0030 0.0034 0.0168 0.0124 0.0104 0.0091 0.0139 0.0069 0.0067 0.0040 0.0025 0.0045 0.0028 0.0013 0.0044 0.0034 0.0029 0.0017 0.0018 0.0026 0.0019 0.0025 0.0012 0.0004 0.0007 
0.0020 0.0014 0.0058 0.0041 0.0082 0.0064 0.0079 0.0096 0.0104 0.0085 0.0071 0.0242 0.0357 0.0291 0.0189 0.0158 0.0105 0.0072 0.0271 0.0506 0.0331 0.0154 0.0139 0.0091 0.0055 0.0614 0.0464 0.1030 0.0832 0.0412 0.0234 0.0115 0.0212 0.0389 0.0371 0.0090 0.0218 0.0193 0.0301 0.0319 0.0350 0.0257 0.0222 0.0202 0.0211 0.0200 0.0122 0.0221 0.0147 0.0266 0.0077 0.0054 0.0044 0.0075 0.0106 0.0052 0.0059 0.0076 0.0081 0.0049 0.0133 0.0047 0.0020 0.0016 
0.0035 0.0049 0.0034 0.0055 0.0055 0.0057 0.0032 0.0049 0.0070 0.0075 0.0039 0.0175 0.0141 0.0559 0.0918 0.0268 0.0329 0.0317 0.0932 0.0391 0.0767 0.0274 0.0366 0.0215 0.0454 0.0336 0.0627 0.0899 0.0721 0.0634 0.0222 0.0296 0.0475 0.0127 0.0519 0.0265 0.0249 0.0215 0.0327 0.0473 0.0502 0.0161 0.0350 0.0226 0.0148 0.0242 0.0239 0.0245 0.0232 0.0139 0.0253 0.0085 0.0193 0.0109 0.0065 0.0073 0.0049 0.0021 0.0115 0.0096 0.0048 0.0037 0.0012 0.0014 
0.0039 0.0058 0.0066 0.0118 0.0112 0.0035 0.0123 0.0111 0.0056 0.0261 0.0240 0.0324 0.0548 0.0760 0.1120 0.0205 0.0736 0.0638 0.1139 0.1070 0.2789 0.1460 0.0578 0.0189 0.0374 0.0909 0.0852 0.1352 0.0247 0.0425 0.0278 0.0474 0.0365 0.0335 0.0829 0.0640 0.0369 0.0277 0.0190 0.0244 0.0165 0.0357 0.0450 0.0317 0.0460 0.0417 0.0423 0.0234 0.0246 0.0195 0.0191 0.0150 0.0318 0.0251 0.0196 0.0153 0.0175 0.0086 0.0126 0.0152 0.0157 0.0075 0.0029 0.0029 
0.0037 0.0047 0.0054 0.0043 0.0064 0.0078 0.0071 0.0102 0.0056 0.0153 0.0176 0.0178 0.0378 0.0520 0.1615 0.0367 0.0390 0.0462 0.0276 0.1203 0.2412 0.1230 0.0403 0.0394 0.0506 0.0616 0.0411 0.0682 0.0349 0.0175 0.0134 0.0172 0.0188 0.0224 0.0134 0.0188 0.0283 0.0310 0.0371 0.0248 0.0091 0.0359 0.0266 0.0384 0.0360 0.0262 0.0249 0.0178 0.0097 0.0140 0.0131 0.0053 0.0112 0.0131 0.0074 0.0073 0.0067 0.0105 0.0076 0.0073 0.0074 0.0077 0.0059 0.0061 
0.0143 0.1079 0.0734 0.1043 0.0746 0.0459 0.0406 0.0316 0.0234 0.0395 0.0521 0.0625 0.0701 0.1035 0.1176 0.0275 0.0361 0.0451 0.0447 0.0414 0.0872 0.0377 0.0309 0.0273 0.0396 0.0296 0.0383 0.0109 0.0205 0.0152 0.0168 0.0064 0.0275 0.0161 0.0130 0.0180 0.0050 0.0096 0.0150 0.0084 0.0253 0.0144 0.0285 0.0204 0.0411 0.0260 0.0402 0.0261 0.0255 0.0144 0.0161 0.0145 0.0237 0.0182 0.0442 0.0422 0.0271 0.0390 0.0255 0.0147 0.0207 0.0050 0.0021 0.0032 
0.0428 0.0936 0.2073 0.1931 0.3223 0.1168 0.1186 0.0780 0.0801 0.0869 0.1453 0.2113 0.2194 0.5710 0.2752 0.3252 0.1707 0.0838 0.1331 0.1196 0.1209 0.1312 0.1512 0.0716 0.0754 0.0482 0.0418 0.0408 0.0397 0.0343 0.0470 0.0841 0.0611 0.0504 0.0699 0.0622 0.0637 0.0757 0.0462 0.0257 0.0624 0.0674 0.1110 0.0550 0.0660 0.0447 0.0333 0.0302 0.0297 0.0506 0.0201 0.0216 0.0184 0.0295 0.0229 0.0134 0.0115 0.0408 0.0337 0.0438 0.0244 0.0123 0.0045 0.0039 
0.0313 0.1000 0.2473 0.2802 0.4276 0.1213 0.1498 0.1563 0.1449 0.1945 0.1388 0.2797 0.2410 0.8261 0.6120 0.1171 0.1699 0.1732 0.2062 0.1680 0.2890 0.4386 0.3223 0.1409 0.1964 0.1117 0.1361 0.1344 0.0869 0.1140 0.1008 0.1475 0.1091 0.0467 0.0888 0.0388 0.0579 0.0593 0.0466 0.0420 0.1254 0.0972 0.0889 0.1013 0.0320 0.0471 0.0099 0.0458 0.0250 0.0454 0.0334 0.0372 0.0490 0.0440 0.0308 0.0181 0.0307 0.0442 0.0523 0.0384 0.0405 0.0166 0.0051 0.0056 
0.0360 0.1102 0.1994 0.3856 0.2788 0.3039 0.1674 0.1656 0.0986 0.1460 0.1207 0.5241 0.8763 0.9598 0.2898 0.1790 0.1104 0.1893 0.2651 0.1806 0.1138 0.2083 0.1786 0.1576 0.0618 0.0812 0.0599 0.1223 0.1985 0.1939 0.1760 0.1591 0.1543 0.1311 0.1075 0.0992 0.0549 0.1006 0.1069 0.0969 0.0823 0.0422 0.0201 0.0532 0.0629 0.0509 0.0304 0.0538 0.0837 0.0556 0.0507 0.0320 0.0526 0.0276 0.0469 0.0317 0.0414 0.0498 0.0548 0.0497 0.0322 0.0131 0.0033 0.0013 
0.0791 0.0899 0.1802 0.2800 0.3086 0.2875 0.1612 0.1964 0.1277 0.0563 0.0895 0.7691 1.1433 0.8299 0.5652 0.1194 0.0960 0.2618 0.1936 0.2241 0.1498 0.0950 0.1469 0.0909 0.0725 0.0504 0.0822 0.0851 0.1884 0.2972 0.3041 0.3113 0.1518 0.0912 0.1148 0.1066 0.0416 0.1409 0.1323 0.1388 0.0999 0.0538 0.0642 0.0854 0.0410 0.0443 0.0779 0.0541 0.0671 0.0617 0.0744 0.0750 0.0272 0.0455 0.0434 0.0719 0.0782 0.1022 0.0809 0.0403 0.0388 0.0169 0.0064 0.0022 
0.0154 0.0853 0.1564 0.2418 0.2334 0.3209 0.1508 0.1520 0.0854 0.0957 0.2363 0.4458 1.8347 1.1182 0.2458 0.1899 0.1518 0.3115 0.4207 0.0968 0.2186 0.0714 0.2129 0.2005 0.1135 0.0489 0.1448 0.2663 0.4964 0.2875 0.5007 0.4989 0.2918 0.3195 0.1021 0.1041 0.1118 0.2089 0.1994 0.0983 0.0769 0.0774 0.1347 0.0767 0.0636 0.1027 0.1464 0.1068 0.2233 0.1893 0.0686 0.0470 0.0345 0.0873 0.0582 0.0804 0.1257 0.1142 0.0849 0.0593 0.0524 0.0423 0.0091 0.0085 
0.0222 0.0662 0.1933 0.2499 0.4069 0.2231 0.1604 0.1454 0.1463 0.1626 0.2735 0.5003 1.5812 1.1662 0.5967 0.0941 0.1779 0.1884 0.3971 0.2775 0.1287 0.2759 0.1743 0.1947 0.0502 0.0931 0.0965 0.1210 0.2190 0.5479 0.6077 0.3260 0.1781 0.1707 0.1416 0.1327 0.0819 0.1606 0.1064 0.0835 0.0394 0.0884 0.0968 0.1196 0.0632 0.0530 0.1253 0.1675 0.1475 0.0623 0.0874 0.0513 0.0564 0.0734 0.0606 0.0751 0.0571 0.0591 0.1205 0.1152 0.0534 0.0346 0.0066 0.0062 
0.0081 0.0538 0.1761 0.2126 0.5832 0.1951 0.1855 0.1882 0.1126 0.0961 0.2540 0.7604 0.9371 0.9569 0.4638 0.4295 0.3464 0.2753 0.2624 0.1023 0.2777 0.2366 0.2628 0.2229 0.1031 0.0803 0.1029 0.0591 0.2482 0.3589 0.3461 0.3222 0.3041 0.2910 0.1451 0.0672 0.0637 0.1010 0.0759 0.0968 0.1243 0.1491 0.1293 0.0791 0.0977 0.0526 0.0872 0.0916 0.0836 0.0874 0.0649 0.0850 0.0951 0.0708 0.0641 0.0820 0.0681 0.0518 0.0414 0.0862 0.0734 0.0482 0.0474 0.0464 
0.0459 0.0790 0.1600 0.1601 0.4993 0.2847 0.1586 0.1358 0.1306 0.1129 0.2443 1.0237 0.8481 1.1275 0.4184 0.2541 0.1869 0.2243 0.3095 0.2255 0.1537 0.2889 0.3153 0.1402 0.1709 0.0909 0.0709 0.0544 0.1945 0.3768 0.1886 0.2094 0.2158 0.1333 0.0958 0.0430 0.1242 0.0541 0.1225 0.1097 0.1809 0.1064 0.1135 0.0296 0.0651 0.0854 0.0657 0.0970 0.0690 0.0778 0.0776 0.0811 0.0826 0.0834 0.1000 0.0760 0.0911 0.0586 0.0618 0.0653 0.0634 0.0725 0.0476 0.0496 
0.0417 0.0828 0.1511 0.1453 0.2980 0.2470 0.1140 0.1477 0.1040 0.1071 0.3176 0.6793 1.2363 0.7540 0.1492 0.1448 0.2097 0.1860 0.2228 0.1586 0.1029 0.1210 0.1348 0.1798 0.1157 0.1006 0.0688 0.0291 0.1389 0.1741 0.1973 0.1882 0.1409 0.1251 0.1501 0.0586 0.0827 0.1303 0.1057 0.1272 0.0586 0.0597 0.0436 0.0376 0.0684 0.0707 0.0845 0.0634 0.0374 0.0401 0.0373 0.0250 0.0289 0.0192 0.0286 0.0203 0.0199 0.0387 0.0446 0.0388 0.0385 0.0112 0.0062 0.0055 
0.0401 0.0824 0.1329 0.1846 0.3777 0.1737 0.1307 0.1247 0.1732 0.1643 0.2129 0.5004 0.9976 0.5781 0.2459 0.2094 0.2836 0.2257 0.1696 0.1258 0.0876 0.0882 0.1003 0.0443 0.0975 0.0966 0.0544 0.0348 0.0298 0.1352 0.1097 0.1421 0.1469 0.0751 0.0533 0.0644 0.0588 0.1197 0.1318 0.1386 0.1118 0.0684 0.0457 0.0691 0.0874 0.0754 0.0135 0.0718 0.0563 0.0587 0.0599 0.0268 0.0643 0.1103 0.0562 0.0453 0.0500 0.0182 0.0305 0.0335 0.0289 0.0208 0.0123 0.0123 
0.0317 0.0761 0.1372 0.1834 0.3293 0.2056 0.0943 0.1152 0.1208 0.0881 0.1839 0.4023 1.0239 0.4934 0.2416 0.1752 0.1697 0.1195 0.1529 0.1277 0.1082 0.0347 0.0559 0.0702 0.0764 0.0605 0.0479 0.0321 0.0281 0.0543 0.0683 0.0774 0.0668 0.0557 0.0271 0.0469 0.0588 0.0607 0.0459 0.0933 0.0947 0.0578 0.0797 0.0604 0.0478 0.0642 0.0611 0.0340 0.0516 0.0685 0.0433 0.0532 0.0589 0.0316 0.0193 0.0375 0.0437 0.0291 0.0258 0.0426 0.0548 0.0285 0.0147 0.0130 
0.0278 0.0775 0.1240 0.1880 0.3030 0.1793 0.1498 0.0563 0.1008 0.0866 0.1526 0.3625 0.6543 0.5020 0.2090 0.1821 0.1331 0.0637 0.1008 0.1238 0.0679 0.0242 0.0164 0.0271 0.0278 0.0288 0.0350 0.0225 0.0231 0.0599 0.0605 0.0527 0.0466 0.0660 0.0324 0.0537 0.0209 0.0434 0.0654 0.0604 0.0759 0.0821 0.0563 0.0349 0.0469 0.0445 0.0523 0.0655 0.0527 0.0335 0.0282 0.0320 0.0234 0.0265 0.0182 0.0218 0.0187 0.0146 0.0090 0.0163 0.0122 0.0072 0.0019 0.0008 
0.0233 0.0701 0.1072 0.1574 0.3143 0.1656 0.1066 0.0853 0.0701 0.0729 0.0356 0.1976 0.4957 0.5329 0.1780 0.0718 0.0322 0.0372 0.0330 0.0392 0.0398 0.0334 0.0329 0.0143 0.0226 0.0226 0.0206 0.0284 0.0258 0.0475 0.0497 0.0231 0.0225 0.0184 0.0100 0.0174 0.0216 0.0161 0.0253 0.0489 0.0268 0.0321 0.0273 0.0217 0.0389 0.0335 0.0275 0.0351 0.0212 0.0138 0.0047 0.0103 0.0076 0.0083 0.0101 0.0146 0.0103 0.0103 0.0081 0.0121 0.0108 0.0032 0.0020 0.0015 
0.0201 0.0666 0.0765 0.0914 0.1799 0.0919 0.0960 0.0489 0.0498 0.0396 0.0255 0.1224 0.4686 0.2220 0.1273 0.0441 0.0133 0.0072 0.0203 0.0291 0.0146 0.0114 0.0075 0.0088 0.0058 0.0121 0.0101 0.0126 0.0150 0.0184 0.0379 0.0218 0.0250 0.0149 0.0171 0.0200 0.0248 0.0186 0.0227 0.0160 0.0404 0.0302 0.0101 0.0338 0.0279 0.0226 0.0241 0.0188 0.0060 0.0102 0.0101 0.0112 0.0069 0.0101 0.0069 0.0086 0.0120 0.0034 0.0067 0.0084 0.0070 0.0041 0.0059 0.0053 
0.0325 0.0455 0.0337 0.0262 0.0624 0.0260 0.0147 0.0367 0.0165 0.0348 0.0219 0.1126 0.1926 0.0606 0.0905 0.0292 0.0323 0.0230 0.0187 0.0140 0.0254 0.0224 0.0159 0.0075 0.0088 0.0126 0.0071 0.0053 0.0049 0.0088 0.0129 0.0324 0.0065 0.0040 0.0178 0.0068 0.0060 0.0150 0.0186 0.0168 0.0208 0.0056 0.0056 0.0078 0.0077 0.0105 0.0183 0.0026 0.0146 0.0063 0.0068 0.0084 0.0158 0.0150 0.0101 0.0023 0.0083 0.0091 0.0089 0.0070 0.0052 0.0060 0.0048 0.0046 
0.0094 0.0137 0.0146 0.0235 0.0148 0.0129 0.0142 0.0130 0.0037 0.0088 0.0113 0.0285 0.0389 0.0420 0.0214 0.0093 0.0049 0.0066 0.0076 0.0058 0.0123 0.0128 0.0064 0.0096 0.0083 0.0020 0.0093 0.0061 0.0069 0.0064 0.0049 0.0036 0.0029 0.0053 0.0056 0.0034 0.0025 0.0029 0.0047 0.0065 0.0078 0.0098 0.0130 0.0051 0.0084 0.0076 0.0103 0.0156 0.0080 0.0099 0.0088 0.0028 0.0034 0.0043 0.0034 0.0046 0.0019 0.0035 0.0038 0.0025 0.0023 0.0011 0.0008 0.0011 
0.0026 0.0096 0.0099 0.0162 0.0079 0.0107 0.0053 0.0114 0.0118 0.0051 0.0142 0.0239 0.0525 0.0852 0.0451 0.0067 0.0097 0.0076 0.0054 0.0121 0.0077 0.0188 0.0064 0.0112 0.0073 0.0106 0.0034 0.0028 0.0055 0.0148 0.0089 0.0079 0.0044 0.0110 0.0066 0.0086 0.0087 0.0043 0.0113 0.0065 0.0095 0.0289 0.0141 0.0255 0.0100 0.0156 0.0237 0.0224 0.0082 0.0118 0.0104 0.0049 0.0049 0.0074 0.0045 0.0058 0.0038 0.0032 0.0048 0.0033 0.0050 0.0033 0.0014 0.0015 
0.0036 0.0090 0.0060 0.0187 0.0104 0.0084 0.0010 0.0112 0.0132 0.0179 0.0148 0.0376 0.0294 0.0254 0.0211 0.0195 0.0117 0.0174 0.0147 0.0130 0.0203 0.0146 0.0219 0.0143 0.0136 0.0060 0.0127 0.0078 0.0047 0.0097 0.0134 0.0058 0.0057 0.0078 0.0073 0.0043 0.0139 0.0086 0.0135 0.0054 0.0127 0.0121 0.0101 0.0106 0.0142 0.0192 0.0239 0.0283 0.0183 0.0128 0.0100 0.0096 0.0051 0.0064 0.0051 0.0068 0.0038 0.0049 0.0077 0.0053 0.0012 0.0037 0.0019 0.0020 
0.0005 0.0050 0.0051 0.0107 0.0105 0.0080 0.0102 0.0082 0.0134 0.0193 0.0075 0.0423 0.0462 0.1017 0.0438 0.0181 0.0086 0.0147 0.0165 0.0035 0.0450 0.0332 0.0252 0.0151 0.0144 0.0108 0.0096 0.0088 0.0130 0.0155 0.0223 0.0120 0.0077 0.0053 0.0238 0.0182 0.0257 0.0096 0.0250 0.0133 0.0143 0.0274 0.0523 0.0248 0.0131 0.0243 0.0458 0.0239 0.0100 0.0164 0.0178 0.0086 0.0099 0.0123 0.0067 0.0084 0.0057 0.0060 0.0021 0.0064 0.0030 0.0040 0.0013 0.0018 
0.0029 0.0039 0.0017 0.0065 0.0085 0.0089 0.0051 0.0090 0.0094 0.0088 0.0095 0.0118 0.0245 0.0259 0.0107 0.0103 0.0052 0.0110 0.0145 0.0080 0.0234 0.0119 0.0090 0.0025 0.0062 0.0081 0.0066 0.0035 0.0043 0.0048 0.0039 0.0036 0.0051 0.0065 0.0067 0.0076 0.0123 0.0061 0.0119 0.0026 0.0037 0.0030 0.0050 0.0142 0.0075 0.0070 0.0088 0.0085 0.0037 0.0055 0.0052 0.0095 0.0076 0.0087 0.0040 0.0079 0.0031 0.0050 0.0019 0.0031 0.0024 0.0023 0.0015 0.0014 
0.0025 0.0005 0.0038 0.0029 0.0049 0.0057 0.0029 0.0041 0.0044 0.0063 0.0005 0.0052 0.0072 0.0050 0.0026 0.0041 0.0032 0.0044 0.0031 0.0022 0.0019 0.0039 0.0024 0.0023 0.0028 0.0017 0.0035 0.0021 0.0015 0.0010 0.0018 0.0020 0.0019 0.0032 0.0026 0.0027 0.0030 0.0008 0.0028 0.0019 0.0031 0.0016 0.0055 0.0032 0.0032 0.0018 0.0046 0.0019 0.0017 0.0026 0.0012 0.0021 0.0024 0.0017 0.0025 0.0017 0.0022 0.0010 0.0025 0.0025 0.0018 0.0005 0.0008 0.0004 
0.0013 0.0021 0.0030 0.0039 0.0039 0.0025 0.0014 0.0037 0.0008 0.0078 0.0039 0.0014 0.0048 0.0066 0.0037 0.0020 0.0029 0.0023 0.0027 0.0024 0.0020 0.0008 0.0024 0.0022 0.0027 0.0035 0.0021 0.0010 0.0026 0.0009 0.0016 0.0024 0.0015 0.0025 0.0026 0.0023 0.0022 0.0026 0.0050 0.0037 0.0023 0.0028 0.0030 0.0028 0.0040 0.0009 0.0016 0.0014 0.0028 0.0038 0.0026 0.0006 0.0040 0.0012 0.0021 0.0012 0.0014 0.0017 0.0019 0.0023 0.0014 0.0011 0.0004 0.0004 
0.0002 0.0018 0.0017 0.0022 0.0017 0.0033 0.0021 0.0047 0.0050 0.0023 0.0020 0.0031 0.0040 0.0039 0.0043 0.0021 0.0035 0.0023 0.0015 0.0031 0.0020 0.0016 0.0012 0.0042 0.0026 0.0026 0.0013 0.0030 0.0021 0.0005 0.0022 0.0018 0.0027 0.0021 0.0011 0.0029 0.0019 0.0015 0.0014 0.0025 0.0033 0.0022 0.0026 0.0018 0.0025 0.0024 0.0029 0.0030 0.0024 0.0030 0.0013 0.0033 0.0015 0.0015 0.0025 0.0012 0.0021 0.0014 0.0008 0.0014 0.0021 0.0009 0.0005 0.0004 
0.0008 0.0024 0.0047 0.0025 0.0031 0.0041 0.0017 0.0021 0.0019 0.0038 0.0029 0.0023 0.0012 0.0047 0.0029 0.0032 0.0044 0.0043 0.0030 0.0011 0.0016 0.0016 0.0029 0.0029 0.0026 0.0015 0.0011 0.0019 0.0015 0.0012 0.0022 0.0031 0.0016 0.0044 0.0025 0.0018 0.0011 0.0029 0.0018 0.0037 0.0026 0.0024 0.0027 0.0016 0.0029 0.0013 0.0021 0.0009 0.0042 0.0010 0.0028 0.0026 0.0023 0.0021 0.0014 0.0026 0.0019 0.0020 0.0018 0.0022 0.0017 0.0008 0.0003 0.0008 
0.0015 0.0029 0.0066 0.0036 0.0044 0.0036 0.0039 0.0034 0.0022 0.0040 0.0019 0.0044 0.0038 0.0053 0.0037 0.0053 0.0037 0.0049 0.0054 0.0034 0.0026 0.0036 0.0017 0.0015 0.0024 0.0031 0.0019 0.0003 0.0021 0.0017 0.0018 0.0042 0.0015 0.0024 0.0021 0.0013 0.0017 0.0021 0.0014 0.0023 0.0025 0.0027 0.0012 0.0023 0.0024 0.0036 0.0010 0.0010 0.0023 0.0030 0.0019 0.0022 0.0020 0.0014 0.0025 0.0014 0.0013 0.0015 0.0019 0.0018 0.0017 0.0013 0.0005 0.0003 
0.0040 0.0062 0.0085 0.0107 0.0193 0.0183 0.0120 0.0108 0.0035 0.0061 0.0047 0.0049 0.0106 0.0100 0.0121 0.0102 0.0076 0.0085 0.0103 0.0106 0.0071 0.0072 0.0065 0.0056 0.0021 0.0018 0.0016 0.0020 0.0022 0.0027 0.0024 0.0039 0.0040 0.0025 0.0032 0.0039 0.0017 0.0027 0.0018 0.0041 0.0032 0.0017 0.0043 0.0018 0.0027 0.0033 0.0041 0.0022 0.0028 0.0037 0.0039 0.0019 0.0017 0.0026 0.0028 0.0022 0.0012 0.0016 0.0013 0.0011 0.0021 0.0014 0.0012 0.0005 
0.0024 0.0043 0.0044 0.0064 0.0043 0.0067 0.0033 0.0042 0.0050 0.0057 0.0101 0.0109 0.0073 0.0111 0.0082 0.0054 0.0045 0.0036 0.0040 0.0036 0.0034 0.0036 0.0030 0.0017 0.0034 0.0035 0.0056 0.0010 0.0015 0.0012 0.0034 0.0011 0.0039 0.0036 0.0032 0.0047 0.0020 0.0010 0.0018 0.0036 0.0032 0.0039 0.0033 0.0026 0.0051 0.0037 0.0044 0.0053 0.0021 0.0022 0.0032 0.0022 0.0029 0.0014 0.0038 0.0030 0.0026 0.0028 0.0010 0.0022 0.0026 0.0008 0.0007 0.0004 
0.0009 0.0037 0.0032 0.0047 0.0038 0.0026 0.0028 0.0064 0.0018 0.0074 0.0038 0.0048 0.0043 0.0063 0.0047 0.0037 0.0030 0.0020 0.0022 0.0017 0.0019 0.0011 0.0036 0.0009 0.0021 0.0027 0.0024 0.0022 0.0016 0.0040 0.0009 0.0021 0.0014 0.0029 0.0022 0.0012 0.0022 0.0010 0.0026 0.0015 0.0021 0.0025 0.0021 0.0013 0.0031 0.0019 0.0027 0.0026 0.0016 0.0009 0.0013 0.0018 0.0024 0.0023 0.0017 0.0013 0.0021 0.0023 0.0017 0.0012 0.0010 0.0012 0.0004 0.0002 
0.0010 0.0022 0.0010 0.0024 0.0010 0.0037 0.0023 0.0039 0.0015 0.0055 0.0038 0.0044 0.0037 0.0020 0.0035 0.0037 0.0047 0.0028 0.0012 0.0028 0.0005 0.0019 0.0026 0.0019 0.0020 0.0036 0.0015 0.0032 0.0013 0.0015 0.0039 0.0021 0.0029 0.0021 0.0020 0.0009 0.0040 0.0012 0.0009 0.0025 0.0007 0.0030 0.0020 0.0023 0.0031 0.0017 0.0015 0.0038 0.0039 0.0023 0.0011 0.0015 0.0017 0.0027 0.0015 0.0014 0.0013 0.0013 0.0018 0.0023 0.0016 0.0004 0.0006 0.0002 
0.0012 0.0015 0.0028 0.0030 0.0014 0.0049 0.0026 0.0037 0.0016 0.0021 0.0042 0.0067 0.0052 0.0051 0.0024 0.0032 0.0028 0.0024 0.0015 0.0019 0.0019 0.0031 0.0014 0.0014 0.0021 0.0022 0.0024 0.0024 0.0015 0.0032 0.0023 0.0024 0.0017 0.0020 0.0027 0.0024 0.0015 0.0025 0.0024 0.0033 0.0012 0.0014 0.0027 0.0044 0.0024 0.0015 0.0024 0.0023 0.0025 0.0023 0.0024 0.0019 0.0015 0.0014 0.0010 0.0017 0.0025 0.0020 0.0010 0.0013 0.0028 0.0013 0.0007 0.0007 
0.0011 0.0067 0.0052 0.0023 0.0033 0.0032 0.0012 0.0046 0.0025 0.0037 0.0045 0.0022 0.0025 0.0033 0.0008 0.0048 0.0027 0.0021 0.0040 0.0045 0.0033 0.0021 0.0039 0.0044 0.0050 0.0081 0.0010 0.0021 0.0013 0.0028 0.0014 0.0007 0.0017 0.0018 0.0010 0.0032 0.0022 0.0029 0.0016 0.0023 0.0031 0.0030 0.0042 0.0030 0.0016 0.0027 0.0017 0.0012 0.0020 0.0022 0.0025 0.0030 0.0026 0.0016 0.0028 0.0015 0.0026 0.0026 0.0017 0.0018 0.0021 0.0007 0.0002 0.0004 
0.0025 0.0014 0.0042 0.0029 0.0025 0.0023 0.0036 0.0047 0.0026 0.0055 0.0052 0.0036 0.0009 0.0029 0.0031 0.0066 0.0029 0.0019 0.0023 0.0023 0.0019 0.0016 0.0020 0.0033 0.0060 0.0069 0.0029 0.0022 0.0038 0.0018 0.0031 0.0010 0.0011 0.0009 0.0035 0.0032 0.0022 0.0029 0.0026 0.0038 0.0029 0.0039 0.0051 0.0011 0.0035 0.0048 0.0034 0.0020 0.0016 0.0014 0.0032 0.0027 0.0012 0.0024 0.0009 0.0011 0.0012 0.0013 0.0019 0.0017 0.0010 0.0008 0.0004 0.0005 
0.0013 0.0016 0.0035 0.0026 0.0038 0.0054 0.0023 0.0042 0.0016 0.0079 0.0026 0.0025 0.0019 0.0044 0.0034 0.0029 0.0037 0.0018 0.0022 0.0036 0.0013 0.0024 0.0019 0.0033 0.0019 0.0034 0.0014 0.0028 0.0015 0.0029 0.0029 0.0027 0.0024 0.0022 0.0014 0.0020 0.0021 0.0015 0.0012 0.0016 0.0019 0.0027 0.0016 0.0047 0.0008 0.0020 0.0017 0.0027 0.0012 0.0013 0.0013 0.0021 0.0026 0.0010 0.0019 0.0017 0.0024 0.0019 0.0013 0.0016 0.0014 0.0010 0.0001 0.0003 
0.0013 0.0039 0.0030 0.0035 0.0014 0.0038 0.0010 0.0042 0.0031 0.0065 0.0031 0.0026 0.0025 0.0037 0.0019 0.0010 0.0025 0.0021 0.0030 0.0019 0.0016 0.0016 0.0014 0.0009 0.0019 0.0017 0.0033 0.0016 0.0028 0.0019 0.0022 0.0013 0.0016 0.0048 0.0015 0.0036 0.0030 0.0018 0.0029 0.0027 0.0012 0.0019 0.0012 0.0033 0.0014 0.0006 0.0008 0.0025 0.0023 0.0031 0.0010 0.0025 0.0021 0.0009 0.0016 0.0019 0.0008 0.0019 0.0009 0.0017 0.0022 0.0009 0.0003 0.0002 
0.0013 0.0027 0.0024 0.0033 0.0028 0.0016 0.0021 0.0044 0.0009 0.0060 0.0013 0.0034 0.0013 0.0013 0.0029 0.0036 0.0024 0.0008 0.0011 0.0022 0.0016 0.0018 0.0031 0.0020 0.0024 0.0030 0.0033 0.0027 0.0021 0.0019 0.0018 0.0029 0.0025 0.0030 0.0029 0.0018 0.0017 0.0013 0.0034 0.0027 0.0022 0.0032 0.0032 0.0007 0.0023 0.0028 0.0024 0.0022 0.0025 0.0039 0.0024 0.0019 0.0020 0.0021 0.0020 0.0015 0.0012 0.0034 0.0018 0.0028 0.0012 0.0009 0.0006 0.0005 
0.0010 0.0018 0.0010 0.0038 0.0025 0.0019 0.0023 0.0048 0.0025 0.0046 0.0033 0.0025 0.0025 0.0032 0.0024 0.0025 0.0013 0.0023 0.0011 0.0022 0.0025 0.0033 0.0020 0.0010 0.0044 0.0022 0.0011 0.0013 0.0021 0.0024 0.0021 0.0029 0.0021 0.0032 0.0032 0.0017 0.0018 0.0017 0.0020 0.0024 0.0019 0.0011 0.0033 0.0024 0.0015 0.0020 0.0028 0.0033 0.0022 0.0026 0.0020 0.0029 0.0044 0.0018 0.0011 0.0012 0.0022 0.0018 0.0016 0.0022 0.0015 0.0009 0.0003 0.0002 
0.0028 0.0030 0.0034 0.0021 0.0029 0.0023 0.0022 0.0030 0.0026 0.0037 0.0032 0.0024 0.0051 0.0041 0.0040 0.0023 0.0029 0.0012 0.0013 0.0014 0.0018 0.0014 0.0013 0.0016 0.0035 0.0027 0.0027 0.0034 0.0023 0.0025 0.0016 0.0029 0.0023 0.0033 0.0012 0.0022 0.0008 0.0032 0.0017 0.0022 0.0024 0.0039 0.0016 0.0031 0.0020 0.0020 0.0019 0.0034 0.0027 0.0020 0.0013 0.0020 0.0020 0.0026 0.0020 0.0020 0.0024 0.0009 0.0016 0.0020 0.0022 0.0009 0.0005 0.0004 
