0.0019 0.0026 0.0047 0.0025 0.0016 0.0046 0.0025 0.0047 0.0024 0.0081 0.0049 0.0021 0.0023 0.0010 0.0032 0.0029 0.0032 0.0022 0.0023 0.0023 0.0028 0.0019 0.0030 0.0020 0.0018 0.0024 0.0009 0.0024 0.0015 0.0016 0.0031 0.0023 0.0023 0.0034 0.0014 0.0025 0.0012 0.0029 0.0022 0.0029 0.0020 0.0025 0.0026 0.0029 0.0013 0.0028 0.0029 0.0042 0.0027 0.0035 0.0010 0.0020 0.0026 0.0024 0.0011 0.0009 0.0027 0.0018 0.0008 0.0011 0.0014 0.0011 0.0007 0.0003 
0.0026 0.0005 0.0031 0.0028 0.0041 0.0009 0.0006 0.0048 0.0023 0.0027 0.0041 0.0032 0.0025 0.0024 0.0026 0.0020 0.0019 0.0009 0.0021 0.0028 0.0020 0.0019 0.0010 0.0018 0.0031 0.0008 0.0013 0.0005 0.0020 0.0009 0.0036 0.0025 0.0025 0.0026 0.0035 0.0011 0.0026 0.0010 0.0018 0.0015 0.0033 0.0027 0.0015 0.0018 0.0023 0.0032 0.0017 0.0032 0.0016 0.0015 0.0022 0.0017 0.0010 0.0016 0.0012 0.0020 0.0019 0.0016 0.0021 0.0013 0.0009 0.0009 0.0004 0.0005 
0.0008 0.0028 0.0026 0.0051 0.0022 0.0038 0.0030 0.0013 0.0035 0.0034 0.0028 0.0023 0.0020 0.0035 0.0016 0.0011 0.0026 0.0022 0.0011 0.0008 0.0012 0.0016 0.0027 0.0017 0.0019 0.0020 0.0026 0.0017 0.0018 0.0020 0.0028 0.0022 0.0007 0.0029 0.0012 0.0020 0.0026 0.0028 0.0032 0.0025 0.0012 0.0023 0.0040 0.0025 0.0046 0.0022 0.0015 0.0017 0.0007 0.0009 0.0016 0.0011 0.0019 0.0020 0.0026 0.0036 0.0021 0.0019 0.0010 0.0018 0.0009 0.0011 0.0004 0.0002 
0.0020 0.0017 0.0013 0.0043 0.0022 0.0046 0.0015 0.0032 0.0023 0.0051 0.0026 0.0041 0.0032 0.0036 0.0042 0.0012 0.0014 0.0011 0.0018 0.0017 0.0020 0.0018 0.0018 0.0013 0.0022 0.0015 0.0040 0.0018 0.0025 0.0021 0.0018 0.0009 0.0022 0.0023 0.0021 0.0021 0.0025 0.0020 0.0019 0.0018 0.0028 0.0020 0.0032 0.0014 0.0010 0.0031 0.0019 0.0028 0.0014 0.0015 0.0018 0.0016 0.0023 0.0009 0.0024 0.0017 0.0020 0.0030 0.0027 0.0025 0.0014 0.0007 0.0002 0.0003 
0.0020 0.0028 0.0021 0.0027 0.0026 0.0022 0.0027 0.0028 0.0019 0.0060 0.0025 0.0029 0.0024 0.0024 0.0022 0.0018 0.0016 0.0011 0.0018 0.0023 0.0016 0.0024 0.0015 0.0022 0.0019 0.0019 0.0023 0.0025 0.0019 0.0026 0.0010 0.0025 0.0034 0.0022 0.0017 0.0021 0.0013 0.0008 0.0020 0.0023 0.0021 0.0038 0.0015 0.0005 0.0017 0.0042 0.0020 0.0036 0.0034 0.0011 0.0021 0.0009 0.0010 0.0011 0.0016 0.0028 0.0017 0.0021 0.0015 0.0023 0.0015 0.0012 0.0006 0.0004 
0.0008 0.0026 0.0025 0.0025 0.0015 0.0033 0.0017 0.0040 0.0036 0.0070 0.0024 0.0025 0.0022 0.0041 0.0052 0.0014 0.0023 0.0017 0.0013 0.0008 0.0020 0.0013 0.0028 0.0033 0.0035 0.0025 0.0025 0.0017 0.0015 0.0025 0.0012 0.0019 0.0010 0.0029 0.0015 0.0029 0.0016 0.0019 0.0022 0.0028 0.0022 0.0015 0.0020 0.0023 0.0025 0.0025 0.0021 0.0028 0.0013 0.0030 0.0031 0.0028 0.0024 0.0016 0.0013 0.0028 0.0019 0.0011 0.0014 0.0024 0.0021 0.0005 0.0006 0.0005 
0.0020 0.0018 0.0042 0.0028 0.0017 0.0027 0.0039 0.0053 0.0026 0.0077 0.0038 0.0030 0.0026 0.0016 0.0042 0.0035 0.0019 0.0016 0.0021 0.0022 0.0014 0.0012 0.0028 0.0022 0.0007 0.0010 0.0012 0.0025 0.0021 0.0028 0.0013 0.0016 0.0024 0.0011 0.0020 0.0026 0.0023 0.0017 0.0028 0.0029 0.0028 0.0012 0.0034 0.0024 0.0024 0.0038 0.0034 0.0021 0.0037 0.0024 0.0033 0.0016 0.0015 0.0006 0.0025 0.0019 0.0013 0.0026 0.0015 0.0010 0.0035 0.0006 0.0003 0.0005 
0.0011 0.0012 0.0037 0.0029 0.0036 0.0020 0.0034 0.0031 0.0043 0.0034 0.0019 0.0020 0.0017 0.0030 0.0033 0.0012 0.0030 0.0026 0.0038 0.0028 0.0014 0.0014 0.0018 0.0031 0.0016 0.0023 0.0010 0.0015 0.0046 0.0013 0.0020 0.0020 0.0021 0.0024 0.0013 0.0017 0.0010 0.0027 0.0017 0.0030 0.0022 0.0016 0.0025 0.0033 0.0024 0.0024 0.0023 0.0030 0.0046 0.0018 0.0008 0.0017 0.0014 0.0013 0.0016 0.0014 0.0033 0.0015 0.0024 0.0021 0.0007 0.0009 0.0004 0.0005 
0.0008 0.0023 0.0028 0.0027 0.0030 0.0049 0.0009 0.0030 0.0016 0.0034 0.0032 0.0027 0.0008 0.0029 0.0025 0.0014 0.0024 0.0022 0.0018 0.0020 0.0018 0.0016 0.0026 0.0025 0.0022 0.0018 0.0010 0.0025 0.0019 0.0019 0.0019 0.0016 0.0015 0.0026 0.0022 0.0012 0.0025 0.0009 0.0024 0.0011 0.0016 0.0022 0.0019 0.0022 0.0028 0.0015 0.0033 0.0026 0.0015 0.0019 0.0018 0.0027 0.0008 0.0021 0.0013 0.0023 0.0011 0.0024 0.0018 0.0014 0.0006 0.0003 0.0004 0.0005 
0.0002 0.0011 0.0032 0.0015 0.0017 0.0038 0.0022 0.0068 0.0029 0.0051 0.0021 0.0039 0.0019 0.0035 0.0040 0.0029 0.0037 0.0020 0.0021 0.0022 0.0013 0.0010 0.0018 0.0022 0.0029 0.0017 0.0018 0.0025 0.0016 0.0026 0.0011 0.0036 0.0028 0.0012 0.0013 0.0017 0.0011 0.0030 0.0025 0.0017 0.0014 0.0026 0.0026 0.0017 0.0034 0.0025 0.0024 0.0014 0.0026 0.0023 0.0024 0.0026 0.0021 0.0022 0.0017 0.0012 0.0018 0.0025 0.0011 0.0021 0.0014 0.0010 0.0004 0.0002 
0.0020 0.0039 0.0042 0.0028 0.0040 0.0029 0.0031 0.0040 0.0043 0.0096 0.0050 0.0011 0.0015 0.0031 0.0028 0.0020 0.0023 0.0009 0.0014 0.0016 0.0013 0.0021 0.0013 0.0022 0.0039 0.0025 0.0023 0.0038 0.0014 0.0025 0.0009 0.0022 0.0027 0.0025 0.0014 0.0028 0.0023 0.0013 0.0006 0.0022 0.0018 0.0015 0.0025 0.0025 0.0044 0.0036 0.0023 0.0017 0.0026 0.0031 0.0005 0.0022 0.0009 0.0015 0.0014 0.0012 0.0026 0.0025 0.0015 0.0015 0.0023 0.0004 0.0003 0.0004 
0.0018 0.0016 0.0021 0.0032 0.0027 0.0045 0.0026 0.0041 0.0022 0.0069 0.0045 0.0012 0.0011 0.0018 0.0025 0.0020 0.0012 0.0037 0.0027 0.0021 0.0017 0.0021 0.0032 0.0018 0.0009 0.0014 0.0039 0.0007 0.0019 0.0024 0.0011 0.0026 0.0009 0.0032 0.0022 0.0014 0.0016 0.0036 0.0019 0.0025 0.0021 0.0014 0.0022 0.0017 0.0013 0.0013 0.0027 0.0026 0.0014 0.0020 0.0020 0.0021 0.0011 0.0012 0.0015 0.0004 0.0012 0.0021 0.0007 0.0013 0.0017 0.0009 0.0004 0.0005 
0.0009 0.0008 0.0041 0.0012 0.0029 0.0046 0.0027 0.0043 0.0022 0.0071 0.0023 0.0039 0.0038 0.0044 0.0024 0.0026 0.0037 0.0008 0.0010 0.0012 0.0027 0.0019 0.0032 0.0021 0.0010 0.0017 0.0021 0.0022 0.0012 0.0011 0.0033 0.0018 0.0030 0.0013 0.0026 0.0017 0.0016 0.0019 0.0026 0.0012 0.0022 0.0028 0.0031 0.0021 0.0022 0.0023 0.0025 0.0007 0.0011 0.0020 0.0014 0.0012 0.0030 0.0010 0.0013 0.0016 0.0013 0.0013 0.0018 0.0029 0.0020 0.0005 0.0002 0.0004 
0.0020 0.0025 0.0033 0.0042 0.0057 0.0036 0.0020 0.0054 0.0020 0.0050 0.0024 0.0047 0.0030 0.0044 0.0023 0.0020 0.0038 0.0021 0.0018 0.0025 0.0034 0.0026 0.0023 0.0022 0.0043 0.0032 0.0021 0.0027 0.0020 0.0025 0.0015 0.0028 0.0027 0.0008 0.0011 0.0026 0.0032 0.0019 0.0022 0.0010 0.0007 0.0023 0.0042 0.0038 0.0026 0.0036 0.0018 0.0023 0.0023 0.0029 0.0016 0.0025 0.0033 0.0019 0.0022 0.0023 0.0015 0.0026 0.0020 0.0014 0.0007 0.0013 0.0004 0.0004 
0.0017 0.0009 0.0037 0.0038 0.0006 0.0031 0.0035 0.0031 0.0014 0.0030 0.0037 0.0030 0.0033 0.0023 0.0018 0.0019 0.0027 0.0023 0.0021 0.0023 0.0028 0.0019 0.0019 0.0021 0.0015 0.0017 0.0014 0.0033 0.0016 0.0024 0.0014 0.0033 0.0019 0.0026 0.0017 0.0012 0.0019 0.0018 0.0006 0.0020 0.0028 0.0025 0.0026 0.0032 0.0024 0.0026 0.0031 0.0023 0.0024 0.0024 0.0026 0.0015 0.0011 0.0006 0.0012 0.0025 0.0018 0.0013 0.0017 0.0010 0.0004 0.0009 0.0005 0.0005 
0.0015 0.0037 0.0043 0.0034 0.0023 0.0058 0.0024 0.0066 0.0020 0.0053 0.0020 0.0037 0.0026 0.0045 0.0022 0.0027 0.0033 0.0008 0.0015 0.0028 0.0017 0.0012 0.0020 0.0032 0.0031 0.0011 0.0028 0.0014 0.0013 0.0023 0.0019 0.0017 0.0025 0.0014 0.0020 0.0024 0.0018 0.0025 0.0024 0.0024 0.0026 0.0018 0.0027 0.0016 0.0014 0.0023 0.0035 0.0020 0.0026 0.0032 0.0030 0.0008 0.0033 0.0035 0.0016 0.0014 0.0017 0.0019 0.0017 0.0017 0.0016 0.0011 0.0005 0.0005 
0.0027 0.0038 0.0035 0.0016 0.0025 0.0024 0.0033 0.0041 0.0012 0.0093 0.0019 0.0029 0.0011 0.0043 0.0045 0.0025 0.0033 0.0018 0.0035 0.0023 0.0019 0.0021 0.0027 0.0016 0.0008 0.0028 0.0021 0.0010 0.0021 0.0027 0.0016 0.0008 0.0012 0.0018 0.0022 0.0023 0.0024 0.0016 0.0012 0.0032 0.0022 0.0028 0.0039 0.0046 0.0029 0.0022 0.0013 0.0035 0.0020 0.0017 0.0022 0.0012 0.0014 0.0026 0.0013 0.0018 0.0010 0.0008 0.0015 0.0017 0.0007 0.0008 0.0007 0.0005 
0.0004 0.0022 0.0033 0.0026 0.0004 0.0061 0.0033 0.0065 0.0021 0.0065 0.0039 0.0036 0.0033 0.0036 0.0044 0.0051 0.0044 0.0041 0.0028 0.0022 0.0034 0.0013 0.0015 0.0021 0.0030 0.0019 0.0015 0.0011 0.0009 0.0007 0.0019 0.0011 0.0011 0.0019 0.0009 0.0012 0.0012 0.0024 0.0019 0.0011 0.0022 0.0037 0.0030 0.0016 0.0005 0.0021 0.0011 0.0035 0.0007 0.0049 0.0029 0.0017 0.0024 0.0013 0.0018 0.0023 0.0014 0.0018 0.0004 0.0013 0.0012 0.0003 0.0004 0.0004 
0.0012 0.0015 0.0035 0.0042 0.0048 0.0078 0.0064 0.0082 0.0111 0.0126 0.0149 0.0195 0.0378 0.0474 0.0284 0.0117 0.0127 0.0122 0.0243 0.0394 0.0499 0.0382 0.0245 0.0168 0.0359 0.0471 0.0314 0.0242 0.0137 0.0165 0.0173 0.0146 0.0166 0.0166 0.0137 0.0156 0.0051 0.0126 0.0174 0.0179 0.0162 0.0221 0.0130 0.0184 0.0267 0.0141 0.0187 0.0155 0.0145 0.0100 0.0147 0.0077 0.0056 0.0085 0.0091 0.0086 0.0066 0.0078 0.0073 0.0104 0.0115 0.0054 0.0013 0.0005 
0.0030 0.0040 0.0076 0.0069 0.0109 0.0080 0.0096 0.0094 0.0092 0.0110 0.0122 0.0150 0.0160 0.0102 0.0182 0.0152 0.0086 0.0081 0.0093 0.0121 0.0144 0.0129 0.0065 0.0099 0.0083 0.0084 0.0043 0.0081 0.0058 0.0091 0.0078 0.0063 0.0055 0.0103 0.0052 0.0125 0.0098 0.0174 0.0218 0.0243 0.0141 0.0397 0.0519 0.0428 0.0270 0.0272 0.0363 0.0391 0.0454 0.0350 0.0276 0.0205 0.0213 0.0056 0.0091 0.0065 0.0026 0.0109 0.0069 0.0058 0.0042 0.0016 0.0019 0.0014 
0.0077 0.0122 0.0286 0.0364 0.0344 0.0330 0.0325 0.0354 0.0321 0.0381 0.0329 0.0182 0.0738 0.0651 0.0194 0.0165 0.0201 0.0117 0.0254 0.0217 0.0054 0.0120 0.0133 0.0185 0.0193 0.0057 0.0191 0.0109 0.0068 0.0029 0.0105 0.0151 0.0056 0.0134 0.0135 0.0113 0.0088 0.0209 0.0147 0.0204 0.0339 0.0268 0.0418 0.0270 0.0343 0.0280 0.0226 0.0315 0.0074 0.0545 0.0514 0.0420 0.0552 0.0349 0.0182 0.0173 0.0050 0.0109 0.0239 0.0070 0.0110 0.0048 0.0021 0.0009 
0.0111 0.0129 0.0193 0.0180 0.0096 0.0080 0.0106 0.0190 0.0173 0.0231 0.0157 0.0556 0.0762 0.0829 0.0903 0.0268 0.0242 0.0140 0.0454 0.0600 0.0457 0.0311 0.0610 0.0262 0.0248 0.0229 0.0097 0.0194 0.0132 0.0189 0.0089 0.0123 0.0185 0.0062 0.0228 0.0450 0.0157 0.0451 0.0317 0.0157 0.0324 0.0183 0.0216 0.0321 0.0457 0.0412 0.0859 0.0525 0.0668 0.0172 0.0382 0.0463 0.0689 0.0443 0.0160 0.0274 0.0157 0.0096 0.0146 0.0202 0.0063 0.0077 0.0037 0.0035 
0.0071 0.0117 0.0052 0.0221 0.0291 0.0281 0.0369 0.0342 0.0265 0.0178 0.0713 0.0386 0.1280 0.0880 0.0338 0.0270 0.0156 0.0217 0.0958 0.0568 0.0468 0.0282 0.0380 0.0482 0.0411 0.0270 0.0106 0.0117 0.0207 0.0276 0.0129 0.0182 0.0129 0.0240 0.0121 0.0141 0.0136 0.0180 0.0389 0.0383 0.0609 0.0635 0.0496 0.0476 0.0689 0.0197 0.0526 0.0365 0.0387 0.0351 0.0244 0.0636 0.0504 0.0261 0.0111 0.0165 0.0275 0.0125 0.0285 0.0108 0.0068 0.0047 0.0056 0.0051 
0.0151 0.0993 0.1373 0.1950 0.1042 0.0189 0.0222 0.0286 0.0350 0.0687 0.2622 0.3809 0.5258 0.2752 0.1398 0.0824 0.1181 0.1154 0.1346 0.1855 0.0806 0.0582 0.0373 0.0465 0.0405 0.0217 0.0308 0.0596 0.1104 0.0884 0.0552 0.0312 0.0354 0.0158 0.0187 0.0113 0.0146 0.0164 0.0236 0.0418 0.1042 0.0782 0.0920 0.0291 0.0198 0.0258 0.0300 0.0532 0.0771 0.0739 0.0429 0.0552 0.0458 0.0155 0.0425 0.0253 0.0264 0.0186 0.0230 0.0368 0.0411 0.0080 0.0098 0.0099 
0.0741 0.0879 0.1941 0.2566 0.3693 0.1167 0.0718 0.1216 0.0664 0.0981 0.2291 0.5099 0.6117 0.4469 0.0299 0.1104 0.1500 0.1039 0.2775 0.3661 0.3655 0.2204 0.1138 0.1247 0.0639 0.0728 0.0881 0.1130 0.1207 0.2275 0.1624 0.0821 0.0896 0.0547 0.1062 0.1122 0.0758 0.1296 0.0934 0.0580 0.1166 0.1191 0.0630 0.0682 0.0421 0.0446 0.0478 0.0524 0.0613 0.0383 0.0172 0.0269 0.0394 0.0736 0.0671 0.0494 0.0381 0.0477 0.0232 0.0608 0.0281 0.0141 0.0070 0.0077 
0.0544 0.0857 0.2344 0.1289 0.4748 0.1607 0.1023 0.0923 0.1086 0.2159 0.1649 0.6477 0.8411 1.1851 0.3001 0.0841 0.1291 0.2078 0.4454 0.8078 0.3742 0.6543 0.3429 0.2103 0.1814 0.0402 0.1793 0.1398 0.1954 0.0835 0.3922 0.1789 0.0791 0.1081 0.1231 0.1921 0.1442 0.1653 0.1257 0.2186 0.1650 0.2458 0.0687 0.0681 0.1234 0.1711 0.0678 0.1447 0.1398 0.1023 0.0626 0.1266 0.0950 0.0354 0.0676 0.0602 0.0840 0.0694 0.0582 0.0530 0.0509 0.0335 0.0189 0.0144 
0.0555 0.1076 0.2333 0.2364 0.5033 0.2029 0.1129 0.0725 0.1297 0.2413 0.2918 0.5435 0.4500 1.4629 0.4267 0.1756 0.2281 0.2254 0.2700 0.6498 0.4032 0.7083 0.4502 0.3406 0.2172 0.2005 0.1859 0.1422 0.1988 0.1894 0.3429 0.1293 0.0618 0.1119 0.1782 0.2340 0.3044 0.0954 0.2780 0.1877 0.2296 0.0730 0.1467 0.1409 0.1096 0.1422 0.0791 0.1488 0.0705 0.0312 0.0822 0.1404 0.0886 0.0754 0.0498 0.1112 0.1271 0.1237 0.0466 0.0797 0.0559 0.0415 0.0324 0.0328 
0.0254 0.0942 0.2237 0.2676 0.6199 0.1750 0.2226 0.0844 0.2231 0.1206 0.1396 0.3478 0.3047 1.2694 0.2951 0.2774 0.2323 0.2629 0.2304 0.8401 0.4313 0.2494 0.3108 0.4389 0.2647 0.1418 0.1348 0.2604 0.2090 0.3606 0.2442 0.2660 0.1895 0.1483 0.1345 0.1457 0.3218 0.2924 0.0987 0.0970 0.1389 0.1008 0.1117 0.0500 0.1101 0.1240 0.0687 0.0824 0.0638 0.1332 0.1263 0.1257 0.0890 0.0709 0.0281 0.0494 0.0296 0.0578 0.0575 0.0585 0.0310 0.0146 0.0156 0.0114 
0.0600 0.1106 0.1819 0.4380 0.3321 0.0609 0.1698 0.0633 0.1220 0.1403 0.0940 0.2506 0.5760 0.5636 0.2285 0.1316 0.1615 0.1766 0.2362 0.3737 0.2464 0.1523 0.1863 0.2214 0.1553 0.1778 0.1532 0.1521 0.1013 0.1267 0.1496 0.1694 0.2056 0.1110 0.1001 0.1158 0.1163 0.0854 0.0362 0.0388 0.0830 0.0442 0.0417 0.0502 0.0560 0.0261 0.0445 0.0653 0.0775 0.0545 0.0366 0.0275 0.0421 0.0409 0.0480 0.0338 0.0544 0.0534 0.0519 0.0508 0.0266 0.0133 0.0034 0.0063 
0.0322 0.0729 0.1210 0.1165 0.0596 0.0179 0.0093 0.0230 0.0227 0.0382 0.0672 0.0730 0.2236 0.1039 0.0429 0.0358 0.0344 0.0267 0.0454 0.0328 0.0337 0.0171 0.0143 0.0098 0.0040 0.0020 0.0045 0.0108 0.0090 0.0164 0.0061 0.0177 0.0071 0.0052 0.0029 0.0038 0.0044 0.0056 0.0032 0.0069 0.0097 0.0051 0.0014 0.0070 0.0044 0.0038 0.0043 0.0040 0.0036 0.0015 0.0029 0.0045 0.0033 0.0061 0.0036 0.0052 0.0054 0.0065 0.0044 0.0045 0.0038 0.0011 0.0011 0.0005 
0.0382 0.0876 0.2115 0.2914 0.0761 0.0477 0.1053 0.0941 0.0461 0.0649 0.2365 0.2706 1.0157 0.9446 0.6712 0.2464 0.1384 0.3444 0.2748 0.3428 0.1895 0.1218 0.2374 0.3308 0.1928 0.1324 0.1162 0.1259 0.1635 0.2333 0.2435 0.1446 0.1265 0.1269 0.0976 0.0858 0.1142 0.1198 0.1462 0.0864 0.0433 0.0505 0.0260 0.0451 0.0566 0.0618 0.0286 0.0774 0.0683 0.0840 0.0746 0.0835 0.0919 0.0906 0.0714 0.0636 0.0500 0.0260 0.0216 0.0328 0.0239 0.0111 0.0033 0.0030 
0.0922 0.1021 0.1491 0.5516 0.2795 0.1262 0.2308 0.0897 0.1256 0.2314 0.1875 0.5393 1.0759 0.4929 0.7441 0.4188 0.3552 0.3136 0.1973 0.3419 0.4370 0.2045 0.4933 0.4039 0.2538 0.2279 0.2871 0.3463 0.4303 0.3119 0.3152 0.2154 0.0947 0.1550 0.1895 0.1060 0.0788 0.0502 0.1389 0.1210 0.1020 0.1292 0.1861 0.1896 0.1671 0.0756 0.0193 0.0465 0.1087 0.0510 0.0657 0.0951 0.0672 0.0652 0.0684 0.0551 0.0492 0.0556 0.0555 0.0502 0.0506 0.0302 0.0046 0.0012 
0.1223 0.1333 0.1903 0.6709 0.2310 0.1610 0.1477 0.1243 0.1369 0.1506 0.4121 1.0929 1.0754 0.7002 0.6547 0.2177 0.5540 0.3678 0.3122 0.8072 0.9228 0.4592 0.2014 0.1776 0.2025 0.2187 0.4238 0.5190 0.2259 0.2468 0.1105 0.2160 0.2533 0.1041 0.3010 0.3967 0.3139 0.2684 0.2325 0.2770 0.2046 0.1876 0.1258 0.2566 0.0893 0.1202 0.1125 0.1498 0.1276 0.0926 0.1022 0.1048 0.0876 0.0976 0.1068 0.0579 0.1122 0.0715 0.0962 0.0935 0.0581 0.0382 0.0108 0.0035 
0.0094 0.0596 0.1194 0.5797 0.2136 0.1953 0.1785 0.1026 0.0843 0.1462 0.8908 0.7434 0.5045 0.1304 0.1375 0.2155 0.2791 0.2783 0.1832 0.3609 0.1895 0.0994 0.1848 0.1657 0.3656 0.4339 0.4918 0.2602 0.1738 0.0751 0.1841 0.2408 0.2524 0.3192 0.1960 0.0672 0.1359 0.0554 0.0913 0.0928 0.1809 0.0895 0.0867 0.1092 0.0586 0.0953 0.1300 0.0865 0.1385 0.1240 0.0643 0.1082 0.0787 0.0905 0.0641 0.0806 0.0637 0.0854 0.0371 0.0314 0.0649 0.0311 0.0081 0.0030 
0.0123 0.0539 0.1991 0.6148 0.2956 0.1897 0.2221 0.1825 0.2036 0.5285 0.7755 0.3923 0.2701 0.1289 0.1154 0.1355 0.1051 0.3891 0.2574 0.1972 0.1572 0.1339 0.1482 0.0938 0.5087 0.2293 0.3063 0.1978 0.0800 0.0330 0.0680 0.1859 0.1135 0.1300 0.1286 0.0693 0.0767 0.0869 0.1862 0.1676 0.1231 0.1443 0.0768 0.0525 0.1227 0.1661 0.0691 0.0897 0.0630 0.0278 0.0204 0.0904 0.0684 0.0144 0.0658 0.0480 0.0471 0.0218 0.0608 0.0791 0.0510 0.0248 0.0158 0.0124 
0.0319 0.0826 0.1943 0.4903 0.2981 0.2083 0.1148 0.1493 0.3526 0.7580 0.5122 0.3704 0.1659 0.2238 0.1754 0.2034 0.3069 0.3654 0.2514 0.1720 0.1241 0.1206 0.1225 0.3172 0.1270 0.2043 0.1397 0.1367 0.1754 0.1237 0.1295 0.0859 0.1137 0.1213 0.0487 0.0602 0.1145 0.1141 0.0945 0.1022 0.0345 0.0594 0.0581 0.0673 0.0878 0.0787 0.0374 0.0600 0.0439 0.0629 0.0294 0.0753 0.0769 0.0331 0.0441 0.0561 0.0434 0.0504 0.0094 0.0350 0.0375 0.0214 0.0155 0.0110 
0.0183 0.0676 0.1695 0.3710 0.4448 0.1326 0.1534 0.2485 0.5099 0.8415 0.3405 0.2470 0.1703 0.2172 0.1032 0.0903 0.1794 0.2806 0.2750 0.0839 0.1080 0.1512 0.1844 0.1686 0.1823 0.1759 0.1571 0.1915 0.1308 0.0987 0.0567 0.0810 0.0900 0.0881 0.0732 0.0896 0.1253 0.1440 0.1342 0.1169 0.0934 0.1236 0.1119 0.1046 0.0595 0.0659 0.0737 0.0723 0.0790 0.0669 0.0749 0.0649 0.0462 0.0509 0.0518 0.0611 0.0531 0.0412 0.0335 0.0435 0.0423 0.0212 0.0040 0.0048 
0.0214 0.0661 0.0836 0.3539 0.4627 0.1274 0.1392 0.1983 0.7862 0.5802 0.1695 0.2578 0.1199 0.1348 0.0962 0.1114 0.1869 0.2726 0.3026 0.1039 0.1327 0.1613 0.1667 0.1313 0.1484 0.1621 0.1659 0.1178 0.1189 0.0672 0.0416 0.0937 0.1086 0.0556 0.0730 0.0980 0.1288 0.1270 0.1112 0.1019 0.0945 0.1048 0.1058 0.1036 0.0904 0.0884 0.0615 0.0681 0.0396 0.0341 0.0285 0.0473 0.0386 0.0350 0.0421 0.0487 0.0538 0.0456 0.0523 0.0403 0.0531 0.0143 0.0036 0.0048 
0.0549 0.1006 0.1132 0.2489 0.4938 0.1970 0.1638 0.3150 0.5242 0.3471 0.1773 0.1059 0.0705 0.0778 0.1000 0.1296 0.1272 0.1680 0.2825 0.1587 0.1537 0.1416 0.1090 0.1170 0.1288 0.1133 0.1019 0.0995 0.1129 0.0851 0.0434 0.0760 0.0706 0.0425 0.0815 0.0810 0.0633 0.0726 0.0762 0.0714 0.0490 0.0395 0.0595 0.0519 0.0319 0.0496 0.0502 0.0357 0.0339 0.0329 0.0367 0.0310 0.0365 0.0333 0.0220 0.0211 0.0422 0.0336 0.0268 0.0376 0.0365 0.0156 0.0010 0.0017 
0.0670 0.1119 0.1478 0.3204 0.3302 0.2925 0.2603 0.4894 0.3895 0.1166 0.1402 0.1927 0.2110 0.1771 0.1338 0.1085 0.1033 0.0682 0.2252 0.2188 0.1729 0.1114 0.0980 0.1152 0.1452 0.1517 0.1424 0.1281 0.0584 0.0312 0.0416 0.0498 0.0593 0.0532 0.0321 0.0301 0.0437 0.0632 0.0726 0.0649 0.0351 0.0241 0.0294 0.0385 0.0314 0.0220 0.0153 0.0123 0.0347 0.0468 0.0439 0.0382 0.0266 0.0174 0.0210 0.0241 0.0255 0.0241 0.0216 0.0158 0.0225 0.0205 0.0138 0.0133 
0.0117 0.0601 0.1204 0.2869 0.2808 0.1509 0.2113 0.3971 0.1503 0.2349 0.1341 0.0739 0.0904 0.0795 0.0699 0.0724 0.0638 0.1091 0.0993 0.0757 0.1009 0.0848 0.0593 0.0545 0.0702 0.0649 0.0471 0.0860 0.0797 0.0418 0.0206 0.0399 0.0360 0.0204 0.0197 0.0347 0.0368 0.0185 0.0219 0.0338 0.0271 0.0203 0.0174 0.0370 0.0341 0.0139 0.0243 0.0264 0.0262 0.0135 0.0161 0.0267 0.0203 0.0090 0.0144 0.0232 0.0186 0.0125 0.0151 0.0221 0.0119 0.0129 0.0164 0.0151 
0.0224 0.0622 0.0983 0.2417 0.2147 0.1260 0.2203 0.0913 0.1842 0.0612 0.0513 0.0845 0.0362 0.0246 0.0405 0.0286 0.0414 0.0714 0.0896 0.0675 0.0737 0.0411 0.0307 0.0259 0.0189 0.0253 0.0151 0.0277 0.0278 0.0215 0.0135 0.0129 0.0217 0.0145 0.0150 0.0222 0.0170 0.0207 0.0159 0.0192 0.0198 0.0265 0.0252 0.0136 0.0127 0.0084 0.0160 0.0084 0.0074 0.0122 0.0150 0.0110 0.0116 0.0038 0.0098 0.0069 0.0112 0.0085 0.0063 0.0080 0.0078 0.0052 0.0019 0.0023 
0.0094 0.0565 0.0730 0.1266 0.0988 0.0721 0.0935 0.0625 0.0810 0.0465 0.0398 0.0455 0.0319 0.0179 0.0380 0.0239 0.0275 0.0596 0.0361 0.0421 0.0278 0.0134 0.0059 0.0051 0.0036 0.0029 0.0044 0.0019 0.0068 0.0120 0.0071 0.0128 0.0061 0.0107 0.0058 0.0106 0.0096 0.0152 0.0126 0.0098 0.0177 0.0121 0.0067 0.0102 0.0055 0.0067 0.0060 0.0058 0.0031 0.0044 0.0032 0.0015 0.0033 0.0019 0.0031 0.0042 0.0057 0.0047 0.0050 0.0042 0.0034 0.0017 0.0007 0.0002 
0.0036 0.0644 0.0888 0.0854 0.0235 0.0343 0.0247 0.0182 0.0553 0.0216 0.0276 0.0383 0.0333 0.0209 0.0366 0.0289 0.0169 0.0382 0.0368 0.0291 0.0257 0.0103 0.0029 0.0050 0.0021 0.0022 0.0010 0.0059 0.0071 0.0083 0.0040 0.0049 0.0083 0.0110 0.0058 0.0143 0.0099 0.0140 0.0114 0.0100 0.0090 0.0096 0.0054 0.0062 0.0051 0.0045 0.0039 0.0038 0.0041 0.0057 0.0041 0.0052 0.0039 0.0040 0.0038 0.0049 0.0045 0.0018 0.0048 0.0040 0.0033 0.0011 0.0012 0.0013 
0.0286 0.0759 0.0763 0.0605 0.0258 0.0278 0.0323 0.0299 0.0237 0.0228 0.0147 0.0291 0.0308 0.0272 0.0340 0.0172 0.0188 0.0245 0.0287 0.0201 0.0283 0.0099 0.0070 0.0047 0.0048 0.0030 0.0021 0.0056 0.0048 0.0060 0.0063 0.0063 0.0078 0.0052 0.0061 0.0074 0.0081 0.0154 0.0092 0.0065 0.0123 0.0082 0.0045 0.0031 0.0040 0.0066 0.0023 0.0060 0.0019 0.0046 0.0034 0.0042 0.0071 0.0035 0.0051 0.0044 0.0013 0.0028 0.0032 0.0059 0.0048 0.0021 0.0022 0.0021 
0.0273 0.0545 0.0561 0.0415 0.0207 0.0252 0.0245 0.0278 0.0121 0.0241 0.0090 0.0247 0.0158 0.0214 0.0183 0.0083 0.0095 0.0260 0.0224 0.0185 0.0184 0.0084 0.0080 0.0062 0.0066 0.0078 0.0027 0.0026 0.0042 0.0040 0.0058 0.0040 0.0030 0.0025 0.0037 0.0086 0.0112 0.0110 0.0109 0.0068 0.0015 0.0069 0.0057 0.0023 0.0032 0.0045 0.0040 0.0062 0.0029 0.0006 0.0042 0.0025 0.0049 0.0033 0.0030 0.0036 0.0048 0.0027 0.0045 0.0070 0.0054 0.0037 0.0040 0.0038 
0.0068 0.0450 0.0480 0.0499 0.0085 0.0148 0.0108 0.0267 0.0116 0.0068 0.0193 0.0224 0.0106 0.0093 0.0164 0.0060 0.0081 0.0118 0.0173 0.0129 0.0164 0.0056 0.0047 0.0028 0.0043 0.0022 0.0026 0.0034 0.0046 0.0038 0.0028 0.0031 0.0018 0.0021 0.0038 0.0054 0.0083 0.0020 0.0068 0.0019 0.0065 0.0029 0.0056 0.0037 0.0028 0.0037 0.0062 0.0026 0.0037 0.0054 0.0035 0.0028 0.0028 0.0047 0.0029 0.0014 0.0017 0.0017 0.0022 0.0019 0.0008 0.0032 0.0009 0.0015 
0.0068 0.0402 0.0478 0.0450 0.0109 0.0044 0.0058 0.0283 0.0089 0.0097 0.0199 0.0113 0.0021 0.0065 0.0099 0.0085 0.0068 0.0086 0.0025 0.0052 0.0100 0.0018 0.0016 0.0017 0.0016 0.0029 0.0039 0.0028 0.0013 0.0034 0.0043 0.0052 0.0027 0.0028 0.0020 0.0027 0.0037 0.0077 0.0034 0.0027 0.0026 0.0045 0.0027 0.0038 0.0026 0.0031 0.0040 0.0023 0.0034 0.0031 0.0019 0.0010 0.0039 0.0010 0.0032 0.0006 0.0027 0.0023 0.0055 0.0028 0.0027 0.0017 0.0007 0.0007 
0.0124 0.0407 0.0364 0.0183 0.0047 0.0032 0.0084 0.0091 0.0034 0.0035 0.0068 0.0075 0.0064 0.0089 0.0097 0.0093 0.0022 0.0033 0.0037 0.0010 0.0050 0.0008 0.0031 0.0025 0.0024 0.0025 0.0019 0.0019 0.0014 0.0037 0.0024 0.0024 0.0033 0.0026 0.0025 0.0016 0.0039 0.0023 0.0028 0.0034 0.0041 0.0017 0.0020 0.0027 0.0018 0.0017 0.0026 0.0041 0.0017 0.0036 0.0018 0.0022 0.0011 0.0014 0.0010 0.0016 0.0028 0.0012 0.0015 0.0008 0.0025 0.0019 0.0008 0.0006 
0.0128 0.0413 0.0183 0.0053 0.0055 0.0052 0.0041 0.0090 0.0042 0.0096 0.0086 0.0064 0.0047 0.0026 0.0033 0.0030 0.0045 0.0037 0.0032 0.0014 0.0014 0.0009 0.0024 0.0027 0.0054 0.0024 0.0020 0.0024 0.0006 0.0029 0.0014 0.0031 0.0030 0.0032 0.0024 0.0031 0.0032 0.0027 0.0016 0.0035 0.0019 0.0017 0.0034 0.0031 0.0031 0.0035 0.0044 0.0019 0.0033 0.0016 0.0011 0.0019 0.0019 0.0038 0.0018 0.0034 0.0015 0.0018 0.0024 0.0014 0.0013 0.0004 0.0006 0.0005 
0.0105 0.0210 0.0074 0.0063 0.0043 0.0030 0.0021 0.0051 0.0020 0.0069 0.0039 0.0033 0.0028 0.0061 0.0045 0.0031 0.0031 0.0014 0.0036 0.0020 0.0035 0.0029 0.0047 0.0038 0.0065 0.0042 0.0023 0.0016 0.0029 0.0018 0.0017 0.0017 0.0012 0.0032 0.0024 0.0031 0.0022 0.0021 0.0022 0.0026 0.0015 0.0026 0.0021 0.0006 0.0029 0.0044 0.0029 0.0036 0.0035 0.0013 0.0027 0.0020 0.0028 0.0017 0.0013 0.0013 0.0012 0.0007 0.0014 0.0009 0.0029 0.0006 0.0007 0.0006 
0.0020 0.0046 0.0080 0.0046 0.0031 0.0026 0.0030 0.0029 0.0021 0.0064 0.0020 0.0030 0.0042 0.0020 0.0047 0.0027 0.0031 0.0028 0.0017 0.0028 0.0013 0.0027 0.0015 0.0018 0.0047 0.0037 0.0009 0.0037 0.0033 0.0031 0.0015 0.0027 0.0018 0.0029 0.0027 0.0009 0.0026 0.0015 0.0022 0.0007 0.0020 0.0012 0.0026 0.0017 0.0046 0.0018 0.0016 0.0016 0.0045 0.0036 0.0010 0.0021 0.0012 0.0008 0.0038 0.0028 0.0011 0.0022 0.0013 0.0009 0.0011 0.0004 0.0004 0.0002 
0.0012 0.0045 0.0025 0.0022 0.0014 0.0047 0.0029 0.0037 0.0021 0.0067 0.0065 0.0015 0.0027 0.0039 0.0041 0.0037 0.0016 0.0026 0.0016 0.0011 0.0020 0.0022 0.0017 0.0024 0.0035 0.0011 0.0022 0.0022 0.0016 0.0029 0.0026 0.0027 0.0004 0.0023 0.0016 0.0021 0.0013 0.0015 0.0020 0.0037 0.0020 0.0030 0.0024 0.0019 0.0016 0.0019 0.0013 0.0024 0.0027 0.0018 0.0029 0.0026 0.0019 0.0014 0.0019 0.0016 0.0025 0.0019 0.0013 0.0020 0.0012 0.0010 0.0003 0.0004 
0.0043 0.0052 0.0022 0.0019 0.0025 0.0050 0.0032 0.0030 0.0032 0.0019 0.0022 0.0024 0.0028 0.0038 0.0047 0.0051 0.0045 0.0031 0.0028 0.0016 0.0035 0.0025 0.0024 0.0023 0.0022 0.0017 0.0026 0.0027 0.0021 0.0007 0.0022 0.0019 0.0012 0.0009 0.0034 0.0044 0.0017 0.0026 0.0012 0.0029 0.0027 0.0015 0.0029 0.0035 0.0015 0.0019 0.0034 0.0027 0.0016 0.0015 0.0016 0.0028 0.0005 0.0017 0.0013 0.0025 0.0016 0.0013 0.0022 0.0018 0.0013 0.0006 0.0003 0.0006 
0.0013 0.0006 0.0032 0.0025 0.0024 0.0020 0.0028 0.0022 0.0028 0.0018 0.0026 0.0031 0.0035 0.0027 0.0033 0.0029 0.0014 0.0025 0.0025 0.0024 0.0010 0.0019 0.0025 0.0019 0.0021 0.0028 0.0016 0.0033 0.0015 0.0022 0.0014 0.0026 0.0014 0.0031 0.0023 0.0018 0.0007 0.0016 0.0021 0.0019 0.0028 0.0023 0.0034 0.0013 0.0029 0.0014 0.0022 0.0028 0.0020 0.0031 0.0023 0.0028 0.0018 0.0026 0.0028 0.0021 0.0015 0.0022 0.0017 0.0011 0.0014 0.0003 0.0004 0.0003 
0.0008 0.0025 0.0023 0.0024 0.0029 0.0031 0.0027 0.0046 0.0035 0.0064 0.0036 0.0036 0.0029 0.0028 0.0033 0.0047 0.0032 0.0013 0.0017 0.0026 0.0021 0.0017 0.0029 0.0011 0.0040 0.0016 0.0020 0.0022 0.0006 0.0010 0.0017 0.0031 0.0014 0.0032 0.0016 0.0012 0.0015 0.0025 0.0022 0.0036 0.0034 0.0021 0.0016 0.0028 0.0013 0.0025 0.0020 0.0017 0.0039 0.0022 0.0015 0.0037 0.0019 0.0010 0.0025 0.0009 0.0022 0.0018 0.0010 0.0019 0.0017 0.0012 0.0002 0.0001 
0.0022 0.0027 0.0029 0.0016 0.0031 0.0033 0.0021 0.0041 0.0033 0.0060 0.0030 0.0029 0.0023 0.0035 0.0039 0.0037 0.0028 0.0040 0.0014 0.0029 0.0041 0.0013 0.0013 0.0012 0.0013 0.0012 0.0013 0.0021 0.0024 0.0028 0.0020 0.0018 0.0038 0.0028 0.0009 0.0023 0.0010 0.0024 0.0026 0.0012 0.0031 0.0043 0.0028 0.0037 0.0020 0.0017 0.0019 0.0030 0.0013 0.0015 0.0004 0.0025 0.0039 0.0026 0.0005 0.0016 0.0010 0.0010 0.0022 0.0012 0.0011 0.0013 0.0007 0.0007 
0.0013 0.0022 0.0023 0.0036 0.0028 0.0047 0.0029 0.0029 0.0012 0.0044 0.0027 0.0027 0.0013 0.0026 0.0008 0.0041 0.0015 0.0005 0.0017 0.0019 0.0038 0.0023 0.0018 0.0031 0.0015 0.0028 0.0024 0.0021 0.0013 0.0010 0.0025 0.0018 0.0021 0.0018 0.0013 0.0027 0.0024 0.0018 0.0007 0.0024 0.0019 0.0013 0.0027 0.0022 0.0016 0.0022 0.0035 0.0019 0.0036 0.0023 0.0027 0.0020 0.0012 0.0025 0.0019 0.0014 0.0024 0.0003 0.0015 0.0012 0.0018 0.0011 0.0003 0.0008 
0.0005 0.0018 0.0029 0.0034 0.0011 0.0029 0.0030 0.0043 0.0011 0.0042 0.0045 0.0012 0.0021 0.0034 0.0029 0.0024 0.0023 0.0019 0.0014 0.0011 0.0012 0.0027 0.0014 0.0025 0.0034 0.0019 0.0032 0.0016 0.0014 0.0018 0.0020 0.0020 0.0039 0.0036 0.0010 0.0017 0.0022 0.0016 0.0020 0.0024 0.0019 0.0020 0.0017 0.0021 0.0043 0.0010 0.0008 0.0019 0.0023 0.0026 0.0021 0.0018 0.0019 0.0016 0.0022 0.0014 0.0018 0.0011 0.0017 0.0011 0.0019 0.0006 0.0003 0.0004 
0.0021 0.0038 0.0047 0.0057 0.0028 0.0041 0.0036 0.0048 0.0022 0.0029 0.0040 0.0035 0.0014 0.0023 0.0050 0.0025 0.0034 0.0017 0.0026 0.0024 0.0016 0.0025 0.0018 0.0022 0.0030 0.0043 0.0009 0.0044 0.0025 0.0025 0.0017 0.0017 0.0015 0.0023 0.0026 0.0027 0.0022 0.0023 0.0020 0.0026 0.0023 0.0021 0.0027 0.0013 0.0020 0.0028 0.0015 0.0035 0.0020 0.0013 0.0019 0.0013 0.0027 0.0022 0.0008 0.0014 0.0013 0.0025 0.0020 0.0007 0.0019 0.0003 0.0003 0.0003 
0.0030 0.0025 0.0021 0.0018 0.0018 0.0033 0.0014 0.0040 0.0030 0.0036 0.0011 0.0017 0.0044 0.0017 0.0013 0.0024 0.0015 0.0023 0.0014 0.0030 0.0024 0.0031 0.0018 0.0021 0.0046 0.0009 0.0014 0.0016 0.0007 0.0021 0.0017 0.0026 0.0017 0.0018 0.0015 0.0036 0.0010 0.0013 0.0034 0.0017 0.0019 0.0016 0.0018 0.0019 0.0024 0.0028 0.0021 0.0028 0.0010 0.0009 0.0022 0.0022 0.0024 0.0019 0.0009 0.0018 0.0023 0.0013 0.0019 0.0016 0.0008 0.0004 0.0005 0.0005 
0.0016 0.0008 0.0031 0.0006 0.0021 0.0034 0.0016 0.0035 0.0021 0.0057 0.0029 0.0037 0.0029 0.0017 0.0032 0.0024 0.0041 0.0016 0.0026 0.0041 0.0035 0.0030 0.0026 0.0016 0.0040 0.0023 0.0028 0.0024 0.0008 0.0011 0.0008 0.0013 0.0015 0.0018 0.0016 0.0011 0.0014 0.0024 0.0018 0.0029 0.0026 0.0011 0.0010 0.0015 0.0017 0.0020 0.0041 0.0025 0.0015 0.0054 0.0020 0.0012 0.0016 0.0015 0.0008 0.0020 0.0015 0.0019 0.0009 0.0017 0.0015 0.0012 0.0003 0.0004 
0.0023 0.0034 0.0018 0.0039 0.0021 0.0054 0.0028 0.0052 0.0046 0.0067 0.0020 0.0034 0.0047 0.0040 0.0020 0.0034 0.0041 0.0025 0.0025 0.0033 0.0036 0.0019 0.0028 0.0022 0.0035 0.0024 0.0023 0.0019 0.0034 0.0032 0.0013 0.0038 0.0012 0.0038 0.0016 0.0017 0.0020 0.0018 0.0034 0.0018 0.0022 0.0028 0.0028 0.0034 0.0017 0.0021 0.0018 0.0012 0.0027 0.0025 0.0030 0.0014 0.0013 0.0007 0.0011 0.0021 0.0014 0.0012 0.0023 0.0012 0.0011 0.0006 0.0005 0.0002 
0.0010 0.0014 0.0025 0.0025 0.0029 0.0032 0.0016 0.0059 0.0014 0.0074 0.0036 0.0020 0.0029 0.0029 0.0032 0.0005 0.0028 0.0007 0.0029 0.0017 0.0016 0.0020 0.0015 0.0023 0.0034 0.0034 0.0034 0.0016 0.0016 0.0039 0.0018 0.0022 0.0033 0.0022 0.0017 0.0016 0.0021 0.0017 0.0017 0.0018 0.0028 0.0022 0.0019 0.0022 0.0022 0.0020 0.0017 0.0023 0.0023 0.0024 0.0012 0.0016 0.0024 0.0027 0.0012 0.0008 0.0018 0.0012 0.0008 0.0013 0.0020 0.0004 0.0002 0.0004 
