0.0005 0.0007 0.0005 0.0017 0.0008 0.0015 0.0006 0.0017 0.0013 0.0011 0.0016 0.0016 0.0004 0.0013 0.0004 0.0008 0.0012 0.0006 0.0007 0.0011 0.0005 0.0009 0.0006 0.0007 0.0010 0.0011 0.0011 0.0006 0.0013 0.0007 0.0007 0.0010 0.0013 0.0016 0.0007 0.0008 0.0009 0.0012 0.0011 0.0009 0.0008 0.0009 0.0003 0.0008 0.0011 0.0011 0.0011 0.0013 0.0011 0.0010 0.0007 0.0001 0.0006 0.0004 0.0007 0.0010 0.0007 0.0005 0.0011 0.0013 0.0009 0.0003 0.0003 0.0003 
0.0009 0.0006 0.0003 0.0015 0.0018 0.0010 0.0006 0.0013 0.0014 0.0019 0.0019 0.0007 0.0009 0.0009 0.0006 0.0007 0.0012 0.0007 0.0004 0.0009 0.0014 0.0006 0.0010 0.0007 0.0008 0.0008 0.0003 0.0009 0.0012 0.0004 0.0006 0.0006 0.0016 0.0008 0.0010 0.0015 0.0007 0.0008 0.0011 0.0010 0.0013 0.0010 0.0012 0.0007 0.0006 0.0007 0.0004 0.0008 0.0006 0.0004 0.0005 0.0005 0.0009 0.0004 0.0009 0.0005 0.0007 0.0009 0.0006 0.0006 0.0008 0.0003 0.0007 0.0005 
0.0008 0.0013 0.0011 0.0017 0.0007 0.0013 0.0005 0.0023 0.0014 0.0014 0.0014 0.0015 0.0005 0.0009 0.0012 0.0006 0.0008 0.0011 0.0008 0.0006 0.0004 0.0012 0.0009 0.0008 0.0007 0.0003 0.0010 0.0006 0.0013 0.0005 0.0008 0.0011 0.0009 0.0018 0.0010 0.0010 0.0009 0.0005 0.0007 0.0013 0.0008 0.0015 0.0007 0.0008 0.0015 0.0013 0.0018 0.0004 0.0009 0.0013 0.0007 0.0005 0.0008 0.0005 0.0005 0.0013 0.0007 0.0009 0.0007 0.0007 0.0010 0.0003 0.0005 0.0006 
0.0005 0.0007 0.0013 0.0012 0.0014 0.0015 0.0005 0.0014 0.0012 0.0016 0.0011 0.0011 0.0009 0.0016 0.0010 0.0010 0.0011 0.0006 0.0005 0.0007 0.0006 0.0005 0.0008 0.0012 0.0005 0.0013 0.0006 0.0010 0.0005 0.0005 0.0011 0.0003 0.0011 0.0008 0.0008 0.0006 0.0007 0.0010 0.0009 0.0009 0.0005 0.0009 0.0002 0.0013 0.0009 0.0009 0.0004 0.0015 0.0004 0.0009 0.0004 0.0007 0.0005 0.0004 0.0005 0.0009 0.0005 0.0013 0.0005 0.0015 0.0005 0.0005 0.0001 0.0003 
0.0005 0.0004 0.0005 0.0010 0.0009 0.0015 0.0010 0.0010 0.0011 0.0015 0.0012 0.0009 0.0009 0.0009 0.0010 0.0006 0.0015 0.0005 0.0018 0.0009 0.0012 0.0010 0.0006 0.0005 0.0009 0.0004 0.0016 0.0010 0.0006 0.0008 0.0009 0.0018 0.0009 0.0008 0.0004 0.0007 0.0007 0.0005 0.0008 0.0006 0.0013 0.0017 0.0006 0.0008 0.0008 0.0007 0.0014 0.0010 0.0007 0.0008 0.0006 0.0014 0.0007 0.0010 0.0012 0.0004 0.0004 0.0004 0.0008 0.0013 0.0007 0.0005 0.0002 0.0005 
0.0008 0.0004 0.0007 0.0024 0.0011 0.0011 0.0015 0.0014 0.0014 0.0011 0.0007 0.0010 0.0008 0.0013 0.0005 0.0012 0.0010 0.0008 0.0005 0.0006 0.0007 0.0014 0.0006 0.0011 0.0008 0.0007 0.0004 0.0007 0.0004 0.0005 0.0007 0.0011 0.0003 0.0013 0.0007 0.0009 0.0010 0.0003 0.0010 0.0007 0.0010 0.0011 0.0003 0.0009 0.0011 0.0009 0.0004 0.0007 0.0011 0.0003 0.0009 0.0009 0.0008 0.0008 0.0002 0.0011 0.0008 0.0012 0.0004 0.0004 0.0008 0.0003 0.0003 0.0003 
0.0003 0.0006 0.0007 0.0013 0.0010 0.0020 0.0009 0.0010 0.0018 0.0010 0.0018 0.0009 0.0012 0.0014 0.0005 0.0005 0.0015 0.0007 0.0015 0.0006 0.0005 0.0009 0.0012 0.0006 0.0010 0.0007 0.0009 0.0009 0.0011 0.0012 0.0010 0.0012 0.0008 0.0006 0.0005 0.0008 0.0005 0.0008 0.0004 0.0015 0.0003 0.0010 0.0010 0.0011 0.0011 0.0009 0.0011 0.0007 0.0006 0.0009 0.0006 0.0010 0.0007 0.0008 0.0008 0.0009 0.0006 0.0006 0.0012 0.0009 0.0005 0.0007 0.0003 0.0004 
0.0005 0.0009 0.0011 0.0010 0.0010 0.0012 0.0004 0.0019 0.0022 0.0012 0.0011 0.0011 0.0015 0.0011 0.0007 0.0012 0.0009 0.0010 0.0007 0.0013 0.0011 0.0012 0.0006 0.0002 0.0008 0.0007 0.0007 0.0016 0.0011 0.0006 0.0008 0.0005 0.0008 0.0009 0.0010 0.0004 0.0003 0.0007 0.0009 0.0015 0.0009 0.0010 0.0009 0.0007 0.0015 0.0009 0.0005 0.0004 0.0007 0.0011 0.0008 0.0008 0.0011 0.0006 0.0002 0.0006 0.0007 0.0007 0.0017 0.0007 0.0005 0.0004 0.0005 0.0001 
0.0005 0.0013 0.0010 0.0021 0.0012 0.0005 0.0009 0.0017 0.0009 0.0013 0.0009 0.0003 0.0009 0.0013 0.0012 0.0012 0.0011 0.0002 0.0007 0.0004 0.0010 0.0005 0.0009 0.0016 0.0011 0.0007 0.0008 0.0013 0.0006 0.0006 0.0004 0.0009 0.0010 0.0013 0.0011 0.0008 0.0007 0.0008 0.0011 0.0008 0.0009 0.0008 0.0013 0.0008 0.0002 0.0008 0.0011 0.0018 0.0006 0.0006 0.0010 0.0009 0.0008 0.0004 0.0005 0.0003 0.0008 0.0009 0.0008 0.0003 0.0007 0.0004 0.0004 0.0005 
0.0005 0.0013 0.0013 0.0012 0.0009 0.0016 0.0005 0.0013 0.0025 0.0018 0.0009 0.0012 0.0008 0.0016 0.0010 0.0006 0.0009 0.0005 0.0004 0.0007 0.0006 0.0008 0.0007 0.0007 0.0011 0.0009 0.0006 0.0007 0.0011 0.0010 0.0006 0.0009 0.0004 0.0005 0.0012 0.0006 0.0003 0.0005 0.0007 0.0014 0.0006 0.0012 0.0010 0.0008 0.0012 0.0005 0.0014 0.0012 0.0008 0.0010 0.0008 0.0006 0.0009 0.0004 0.0006 0.0009 0.0003 0.0005 0.0009 0.0011 0.0003 0.0005 0.0003 0.0005 
0.0002 0.0008 0.0008 0.0013 0.0007 0.0015 0.0010 0.0018 0.0015 0.0014 0.0010 0.0015 0.0010 0.0017 0.0008 0.0009 0.0013 0.0009 0.0007 0.0008 0.0011 0.0006 0.0004 0.0011 0.0008 0.0002 0.0004 0.0014 0.0003 0.0006 0.0004 0.0013 0.0007 0.0011 0.0007 0.0009 0.0003 0.0009 0.0005 0.0008 0.0007 0.0004 0.0006 0.0006 0.0002 0.0013 0.0011 0.0013 0.0013 0.0006 0.0013 0.0015 0.0010 0.0008 0.0011 0.0006 0.0008 0.0007 0.0008 0.0006 0.0005 0.0003 0.0002 0.0005 
0.0009 0.0009 0.0012 0.0029 0.0012 0.0011 0.0010 0.0015 0.0013 0.0022 0.0012 0.0014 0.0009 0.0021 0.0012 0.0008 0.0009 0.0010 0.0009 0.0005 0.0002 0.0008 0.0003 0.0006 0.0009 0.0013 0.0012 0.0012 0.0006 0.0008 0.0005 0.0012 0.0008 0.0008 0.0009 0.0011 0.0008 0.0008 0.0014 0.0010 0.0011 0.0023 0.0005 0.0015 0.0013 0.0007 0.0009 0.0009 0.0007 0.0003 0.0008 0.0007 0.0006 0.0007 0.0006 0.0006 0.0009 0.0009 0.0007 0.0006 0.0005 0.0006 0.0004 0.0002 
0.0003 0.0010 0.0011 0.0010 0.0008 0.0016 0.0009 0.0012 0.0015 0.0014 0.0023 0.0014 0.0009 0.0009 0.0004 0.0009 0.0012 0.0017 0.0008 0.0008 0.0011 0.0010 0.0004 0.0007 0.0008 0.0019 0.0004 0.0017 0.0009 0.0008 0.0010 0.0011 0.0008 0.0012 0.0009 0.0011 0.0004 0.0006 0.0007 0.0006 0.0011 0.0010 0.0010 0.0008 0.0004 0.0008 0.0009 0.0010 0.0010 0.0010 0.0009 0.0009 0.0008 0.0013 0.0003 0.0007 0.0009 0.0008 0.0004 0.0006 0.0008 0.0007 0.0005 0.0002 
0.0004 0.0014 0.0012 0.0024 0.0011 0.0013 0.0007 0.0021 0.0021 0.0024 0.0007 0.0014 0.0007 0.0014 0.0012 0.0007 0.0013 0.0007 0.0007 0.0005 0.0005 0.0003 0.0009 0.0010 0.0008 0.0006 0.0008 0.0009 0.0009 0.0009 0.0008 0.0008 0.0008 0.0013 0.0010 0.0010 0.0006 0.0007 0.0010 0.0013 0.0014 0.0012 0.0008 0.0008 0.0010 0.0014 0.0013 0.0014 0.0008 0.0014 0.0005 0.0009 0.0006 0.0013 0.0005 0.0004 0.0005 0.0007 0.0002 0.0012 0.0002 0.0008 0.0003 0.0002 
0.0007 0.0008 0.0005 0.0015 0.0009 0.0011 0.0005 0.0017 0.0018 0.0019 0.0015 0.0007 0.0010 0.0008 0.0008 0.0010 0.0011 0.0005 0.0011 0.0004 0.0009 0.0010 0.0005 0.0006 0.0008 0.0006 0.0008 0.0010 0.0008 0.0011 0.0008 0.0007 0.0009 0.0008 0.0008 0.0007 0.0007 0.0010 0.0008 0.0013 0.0007 0.0006 0.0013 0.0009 0.0008 0.0008 0.0008 0.0008 0.0013 0.0007 0.0004 0.0007 0.0005 0.0006 0.0004 0.0003 0.0009 0.0006 0.0011 0.0008 0.0005 0.0004 0.0004 0.0002 
0.0007 0.0013 0.0012 0.0014 0.0007 0.0020 0.0008 0.0017 0.0010 0.0013 0.0007 0.0012 0.0009 0.0017 0.0014 0.0010 0.0014 0.0008 0.0009 0.0011 0.0009 0.0007 0.0006 0.0007 0.0005 0.0005 0.0005 0.0013 0.0013 0.0009 0.0007 0.0014 0.0012 0.0006 0.0009 0.0012 0.0008 0.0008 0.0005 0.0003 0.0018 0.0009 0.0004 0.0007 0.0008 0.0009 0.0010 0.0007 0.0011 0.0009 0.0008 0.0010 0.0005 0.0006 0.0007 0.0011 0.0013 0.0007 0.0002 0.0006 0.0003 0.0004 0.0002 0.0005 
0.0007 0.0031 0.0048 0.0055 0.0070 0.0070 0.0063 0.0057 0.0049 0.0065 0.0062 0.0070 0.0063 0.0052 0.0050 0.0041 0.0040 0.0042 0.0058 0.0057 0.0061 0.0065 0.0062 0.0044 0.0036 0.0023 0.0020 0.0036 0.0041 0.0047 0.0034 0.0033 0.0025 0.0031 0.0028 0.0041 0.0041 0.0053 0.0056 0.0041 0.0036 0.0029 0.0020 0.0019 0.0013 0.0019 0.0017 0.0019 0.0023 0.0025 0.0019 0.0023 0.0012 0.0017 0.0014 0.0013 0.0009 0.0009 0.0019 0.0014 0.0014 0.0017 0.0004 0.0007 
0.0011 0.0024 0.0026 0.0076 0.0059 0.0017 0.0039 0.0056 0.0048 0.0049 0.0048 0.0084 0.0051 0.0076 0.0066 0.0028 0.0059 0.0052 0.0043 0.0073 0.0127 0.0068 0.0035 0.0091 0.0029 0.0056 0.0036 0.0049 0.0050 0.0045 0.0014 0.0038 0.0024 0.0035 0.0023 0.0060 0.0018 0.0069 0.0043 0.0085 0.0039 0.0043 0.0059 0.0042 0.0045 0.0021 0.0056 0.0041 0.0037 0.0066 0.0013 0.0036 0.0015 0.0023 0.0019 0.0017 0.0016 0.0021 0.0018 0.0020 0.0016 0.0009 0.0009 0.0010 
0.0001 0.0007 0.0008 0.0032 0.0025 0.0029 0.0039 0.0041 0.0010 0.0084 0.0113 0.0148 0.0159 0.0108 0.0078 0.0041 0.0075 0.0060 0.0037 0.0043 0.0110 0.0067 0.0072 0.0085 0.0072 0.0049 0.0015 0.0042 0.0033 0.0025 0.0017 0.0029 0.0023 0.0026 0.0038 0.0060 0.0037 0.0099 0.0028 0.0042 0.0056 0.0024 0.0062 0.0075 0.0088 0.0041 0.0095 0.0019 0.0062 0.0081 0.0063 0.0046 0.0022 0.0030 0.0040 0.0014 0.0035 0.0013 0.0007 0.0009 0.0011 0.0007 0.0003 0.0001 
0.0004 0.0014 0.0012 0.0030 0.0029 0.0029 0.0021 0.0055 0.0076 0.0028 0.0093 0.0238 0.0358 0.0110 0.0093 0.0078 0.0084 0.0093 0.0037 0.0046 0.0216 0.0160 0.0127 0.0092 0.0055 0.0096 0.0045 0.0074 0.0076 0.0028 0.0051 0.0034 0.0021 0.0038 0.0084 0.0074 0.0075 0.0081 0.0060 0.0084 0.0055 0.0066 0.0054 0.0075 0.0059 0.0093 0.0078 0.0086 0.0063 0.0078 0.0051 0.0030 0.0024 0.0034 0.0020 0.0058 0.0019 0.0043 0.0031 0.0015 0.0022 0.0009 0.0005 0.0002 
0.0011 0.0018 0.0021 0.0017 0.0018 0.0066 0.0029 0.0050 0.0054 0.0070 0.0118 0.0078 0.0121 0.0191 0.0046 0.0141 0.0093 0.0098 0.0107 0.0165 0.0054 0.0177 0.0080 0.0069 0.0083 0.0104 0.0072 0.0077 0.0045 0.0020 0.0031 0.0028 0.0045 0.0116 0.0096 0.0014 0.0038 0.0073 0.0053 0.0091 0.0023 0.0064 0.0039 0.0061 0.0024 0.0061 0.0136 0.0071 0.0086 0.0081 0.0104 0.0137 0.0039 0.0048 0.0064 0.0035 0.0079 0.0029 0.0011 0.0016 0.0022 0.0009 0.0006 0.0006 
0.0006 0.0014 0.0009 0.0029 0.0033 0.0044 0.0051 0.0059 0.0104 0.0103 0.0242 0.0208 0.0290 0.0125 0.0257 0.0181 0.0092 0.0128 0.0107 0.0117 0.0277 0.0224 0.0156 0.0120 0.0124 0.0091 0.0138 0.0078 0.0013 0.0044 0.0061 0.0064 0.0048 0.0072 0.0066 0.0064 0.0148 0.0125 0.0058 0.0056 0.0061 0.0065 0.0044 0.0115 0.0050 0.0083 0.0094 0.0083 0.0229 0.0191 0.0173 0.0080 0.0067 0.0045 0.0084 0.0060 0.0075 0.0091 0.0067 0.0029 0.0035 0.0015 0.0009 0.0005 
0.0027 0.0042 0.0013 0.0104 0.0130 0.0081 0.0045 0.0085 0.0074 0.0083 0.0093 0.0283 0.0439 0.0198 0.0264 0.0182 0.0051 0.0109 0.0067 0.0119 0.0268 0.0207 0.0158 0.0131 0.0292 0.0137 0.0234 0.0214 0.0076 0.0304 0.0136 0.0175 0.0351 0.0223 0.0336 0.0279 0.0308 0.0118 0.0173 0.0124 0.0091 0.0083 0.0081 0.0147 0.0124 0.0140 0.0087 0.0126 0.0136 0.0183 0.0108 0.0049 0.0073 0.0048 0.0046 0.0052 0.0081 0.0085 0.0023 0.0016 0.0011 0.0028 0.0004 0.0003 
0.0576 0.0603 0.1073 0.1119 0.1672 0.0808 0.0519 0.0719 0.0571 0.0385 0.1473 0.3564 0.1860 0.0423 0.0452 0.0144 0.0155 0.0206 0.0368 0.0458 0.0358 0.0128 0.0085 0.0044 0.0064 0.0055 0.0080 0.0091 0.0110 0.0269 0.0169 0.0300 0.0309 0.0048 0.0071 0.0137 0.0114 0.0141 0.0158 0.0052 0.0221 0.0431 0.0222 0.0153 0.0192 0.0182 0.0117 0.0138 0.0209 0.0180 0.0077 0.0092 0.0139 0.0125 0.0138 0.0100 0.0145 0.0128 0.0088 0.0144 0.0091 0.0072 0.0037 0.0017 
0.0871 0.0760 0.1816 0.2743 0.1211 0.1917 0.1172 0.0890 0.1043 0.0347 0.2267 0.4516 0.6562 0.3511 0.1350 0.0349 0.1081 0.0655 0.0999 0.1688 0.0820 0.1071 0.0424 0.0198 0.0282 0.0179 0.0248 0.0373 0.0320 0.0874 0.0558 0.0545 0.0721 0.0395 0.0822 0.0603 0.0548 0.0704 0.0643 0.0309 0.0861 0.0686 0.0756 0.0427 0.0634 0.0827 0.0223 0.0431 0.0477 0.0393 0.0154 0.0316 0.0228 0.0150 0.0334 0.0165 0.0173 0.0208 0.0200 0.0544 0.0320 0.0138 0.0040 0.0026 
0.0769 0.0717 0.1487 0.3225 0.2396 0.0963 0.1103 0.1099 0.0688 0.0347 0.1242 0.4723 0.8064 0.3811 0.1822 0.1042 0.1008 0.1355 0.1392 0.2097 0.1684 0.0638 0.0515 0.0208 0.0201 0.0306 0.0339 0.0463 0.0390 0.0225 0.0448 0.0416 0.0125 0.0329 0.0552 0.0521 0.0508 0.0527 0.0315 0.0304 0.0603 0.0503 0.0663 0.0543 0.0403 0.0466 0.0358 0.0438 0.0464 0.0461 0.0216 0.0148 0.0153 0.0207 0.0351 0.0348 0.0137 0.0052 0.0266 0.0135 0.0129 0.0076 0.0019 0.0023 
0.0333 0.0533 0.1663 0.4484 0.1951 0.1914 0.1429 0.1147 0.1444 0.0864 0.0995 0.4013 0.5714 0.5845 0.2094 0.0556 0.0837 0.1294 0.1635 0.2882 0.1193 0.1194 0.1343 0.0956 0.0351 0.0315 0.0289 0.0691 0.0655 0.0455 0.0788 0.0658 0.0140 0.0095 0.0485 0.0606 0.0760 0.0498 0.0470 0.0507 0.0450 0.0872 0.0330 0.0402 0.0498 0.0538 0.0438 0.0562 0.0255 0.0496 0.0520 0.0205 0.0226 0.0138 0.0337 0.0493 0.0243 0.0313 0.0237 0.0165 0.0088 0.0045 0.0016 0.0002 
0.0305 0.0698 0.1535 0.4293 0.1746 0.0681 0.0640 0.0692 0.0642 0.0663 0.0607 0.2304 0.3809 0.6414 0.1288 0.1031 0.0657 0.1278 0.1470 0.2345 0.1514 0.1687 0.1251 0.1215 0.0492 0.0259 0.0386 0.0580 0.0716 0.0565 0.0615 0.0508 0.0383 0.0373 0.0397 0.0269 0.0299 0.0251 0.0418 0.0480 0.0246 0.0630 0.0418 0.0264 0.0561 0.0543 0.0353 0.0304 0.0514 0.0562 0.0545 0.0459 0.0360 0.0242 0.0363 0.0340 0.0320 0.0251 0.0296 0.0376 0.0250 0.0044 0.0040 0.0025 
0.0296 0.0495 0.1226 0.1603 0.1238 0.0516 0.0336 0.0296 0.0342 0.0593 0.0918 0.2014 0.2192 0.1636 0.1323 0.0868 0.0499 0.0388 0.0574 0.0792 0.0570 0.0314 0.0167 0.0062 0.0120 0.0100 0.0077 0.0063 0.0255 0.0218 0.0173 0.0231 0.0183 0.0187 0.0114 0.0100 0.0109 0.0142 0.0181 0.0123 0.0095 0.0088 0.0113 0.0034 0.0081 0.0125 0.0136 0.0054 0.0048 0.0164 0.0180 0.0185 0.0135 0.0053 0.0066 0.0078 0.0102 0.0095 0.0031 0.0031 0.0013 0.0056 0.0053 0.0047 
0.0170 0.0294 0.0368 0.0536 0.0380 0.0174 0.0063 0.0136 0.0103 0.0015 0.0156 0.0385 0.0480 0.0457 0.0092 0.0079 0.0023 0.0072 0.0132 0.0060 0.0034 0.0034 0.0005 0.0008 0.0022 0.0011 0.0038 0.0019 0.0037 0.0060 0.0041 0.0032 0.0038 0.0012 0.0025 0.0022 0.0018 0.0008 0.0022 0.0025 0.0034 0.0066 0.0025 0.0019 0.0029 0.0024 0.0018 0.0021 0.0011 0.0025 0.0030 0.0018 0.0013 0.0015 0.0025 0.0017 0.0019 0.0019 0.0014 0.0016 0.0011 0.0011 0.0010 0.0010 
0.0017 0.0212 0.0558 0.0709 0.0379 0.0082 0.0085 0.0101 0.0168 0.0117 0.0282 0.0535 0.2133 0.1753 0.0334 0.0511 0.0536 0.0442 0.0454 0.0200 0.0242 0.0117 0.0111 0.0086 0.0058 0.0056 0.0040 0.0052 0.0049 0.0081 0.0032 0.0021 0.0031 0.0020 0.0027 0.0023 0.0031 0.0020 0.0026 0.0046 0.0037 0.0016 0.0054 0.0015 0.0034 0.0031 0.0030 0.0031 0.0038 0.0022 0.0022 0.0035 0.0014 0.0044 0.0025 0.0018 0.0022 0.0014 0.0007 0.0017 0.0017 0.0016 0.0004 0.0006 
0.0282 0.0522 0.1830 0.2671 0.0506 0.0392 0.0298 0.0445 0.0239 0.0548 0.0884 0.2648 0.6274 0.3129 0.1417 0.1101 0.1264 0.1627 0.1003 0.0580 0.0474 0.0445 0.0438 0.0446 0.0302 0.0212 0.0133 0.0024 0.0073 0.0136 0.0149 0.0143 0.0108 0.0099 0.0074 0.0083 0.0076 0.0067 0.0130 0.0050 0.0042 0.0067 0.0052 0.0054 0.0080 0.0144 0.0083 0.0123 0.0063 0.0085 0.0086 0.0105 0.0147 0.0057 0.0080 0.0058 0.0042 0.0072 0.0067 0.0058 0.0032 0.0064 0.0019 0.0019 
0.0792 0.1095 0.1420 0.4507 0.1016 0.0867 0.0750 0.0352 0.0722 0.1510 0.2479 0.4534 0.8159 0.3515 0.2710 0.2291 0.1681 0.2011 0.1777 0.2026 0.1640 0.1304 0.0998 0.0767 0.0356 0.0306 0.0594 0.0306 0.0710 0.0821 0.0802 0.0857 0.0719 0.0587 0.0289 0.0472 0.0337 0.0162 0.0403 0.0451 0.0408 0.0327 0.0245 0.0182 0.0192 0.0281 0.0247 0.0160 0.0174 0.0188 0.0189 0.0140 0.0152 0.0313 0.0351 0.0140 0.0314 0.0273 0.0357 0.0298 0.0141 0.0083 0.0044 0.0032 
0.0750 0.0859 0.1729 0.4739 0.1449 0.0799 0.0746 0.0509 0.0721 0.2020 0.2684 0.6978 0.3197 0.1448 0.1379 0.1148 0.2419 0.1779 0.1586 0.1126 0.0728 0.0513 0.0643 0.0410 0.0583 0.0729 0.0657 0.0537 0.0487 0.0609 0.0479 0.0529 0.0317 0.0251 0.0312 0.0372 0.0204 0.0277 0.0404 0.0308 0.0335 0.0279 0.0255 0.0410 0.0415 0.0277 0.0179 0.0251 0.0125 0.0201 0.0288 0.0164 0.0241 0.0155 0.0162 0.0185 0.0189 0.0173 0.0126 0.0192 0.0132 0.0081 0.0033 0.0049 
0.0046 0.0327 0.1326 0.4267 0.1365 0.0984 0.0692 0.0777 0.0991 0.3908 0.4866 0.2743 0.2122 0.1220 0.0896 0.0809 0.1496 0.1175 0.1381 0.0462 0.0626 0.0465 0.0494 0.0468 0.0484 0.0387 0.0303 0.0190 0.0362 0.0139 0.0308 0.0205 0.0261 0.0209 0.0234 0.0146 0.0286 0.0123 0.0272 0.0210 0.0187 0.0168 0.0174 0.0228 0.0128 0.0183 0.0154 0.0127 0.0157 0.0202 0.0138 0.0279 0.0094 0.0173 0.0120 0.0165 0.0074 0.0178 0.0041 0.0104 0.0111 0.0082 0.0083 0.0088 
0.0412 0.0475 0.1531 0.3477 0.1328 0.0940 0.0920 0.0787 0.1819 0.4116 0.3317 0.1821 0.1025 0.0573 0.0520 0.0438 0.0340 0.1616 0.0477 0.0404 0.0358 0.0360 0.0388 0.0299 0.0355 0.0296 0.0307 0.0261 0.0279 0.0307 0.0240 0.0282 0.0209 0.0199 0.0203 0.0113 0.0184 0.0238 0.0249 0.0276 0.0251 0.0198 0.0185 0.0195 0.0172 0.0199 0.0102 0.0185 0.0150 0.0171 0.0148 0.0162 0.0166 0.0150 0.0182 0.0152 0.0146 0.0153 0.0138 0.0141 0.0034 0.0052 0.0018 0.0029 
0.0459 0.0758 0.1343 0.3464 0.1315 0.0920 0.0855 0.0899 0.3151 0.2884 0.1551 0.1018 0.0722 0.0424 0.0412 0.0233 0.0179 0.1109 0.0639 0.0372 0.0414 0.0346 0.0274 0.0231 0.0300 0.0318 0.0264 0.0230 0.0221 0.0180 0.0226 0.0218 0.0235 0.0184 0.0142 0.0101 0.0151 0.0173 0.0171 0.0165 0.0134 0.0093 0.0055 0.0092 0.0081 0.0105 0.0065 0.0075 0.0102 0.0078 0.0126 0.0092 0.0101 0.0090 0.0075 0.0057 0.0062 0.0065 0.0036 0.0031 0.0045 0.0015 0.0007 0.0006 
0.0543 0.0849 0.1435 0.2973 0.1434 0.1368 0.1699 0.1827 0.4266 0.1227 0.0585 0.0553 0.1057 0.0724 0.0657 0.0540 0.0586 0.0802 0.0733 0.0459 0.0444 0.0543 0.0533 0.0473 0.0365 0.0191 0.0126 0.0137 0.0200 0.0277 0.0279 0.0207 0.0164 0.0181 0.0152 0.0184 0.0205 0.0182 0.0174 0.0120 0.0143 0.0166 0.0123 0.0139 0.0140 0.0105 0.0063 0.0070 0.0100 0.0098 0.0109 0.0142 0.0152 0.0112 0.0070 0.0057 0.0037 0.0053 0.0100 0.0094 0.0043 0.0046 0.0021 0.0012 
0.0235 0.0360 0.1150 0.2571 0.1828 0.1564 0.1446 0.1452 0.4087 0.1164 0.0521 0.0637 0.0433 0.0347 0.0295 0.0157 0.0223 0.0660 0.0850 0.0310 0.0219 0.0213 0.0146 0.0158 0.0152 0.0207 0.0195 0.0151 0.0102 0.0079 0.0132 0.0153 0.0176 0.0133 0.0058 0.0129 0.0125 0.0101 0.0103 0.0122 0.0111 0.0078 0.0102 0.0121 0.0152 0.0125 0.0088 0.0080 0.0120 0.0114 0.0112 0.0112 0.0059 0.0035 0.0047 0.0073 0.0069 0.0064 0.0077 0.0069 0.0055 0.0045 0.0027 0.0016 
0.0302 0.0365 0.0996 0.1808 0.2271 0.1616 0.1637 0.1623 0.3745 0.1835 0.0482 0.0498 0.0519 0.0356 0.0161 0.0214 0.0554 0.0314 0.0632 0.0437 0.0087 0.0072 0.0100 0.0079 0.0067 0.0121 0.0139 0.0122 0.0049 0.0072 0.0114 0.0078 0.0036 0.0068 0.0092 0.0043 0.0070 0.0071 0.0080 0.0047 0.0063 0.0087 0.0069 0.0064 0.0084 0.0120 0.0105 0.0067 0.0098 0.0081 0.0095 0.0110 0.0103 0.0100 0.0075 0.0033 0.0084 0.0079 0.0032 0.0072 0.0074 0.0035 0.0014 0.0024 
0.0273 0.0447 0.0816 0.1939 0.2043 0.1376 0.1225 0.1628 0.2714 0.0795 0.0688 0.0319 0.0544 0.0232 0.0187 0.0221 0.0296 0.0675 0.0698 0.0221 0.0114 0.0048 0.0075 0.0078 0.0044 0.0042 0.0020 0.0137 0.0140 0.0075 0.0105 0.0039 0.0044 0.0076 0.0061 0.0035 0.0046 0.0073 0.0046 0.0033 0.0049 0.0051 0.0067 0.0082 0.0068 0.0065 0.0073 0.0039 0.0053 0.0053 0.0063 0.0068 0.0044 0.0048 0.0053 0.0021 0.0060 0.0043 0.0042 0.0043 0.0025 0.0024 0.0026 0.0024 
0.0157 0.0416 0.0783 0.1863 0.1702 0.1187 0.1251 0.1890 0.1183 0.0814 0.0402 0.0467 0.0287 0.0118 0.0162 0.0124 0.0281 0.0519 0.0652 0.0211 0.0035 0.0037 0.0019 0.0033 0.0009 0.0026 0.0020 0.0073 0.0109 0.0070 0.0056 0.0028 0.0039 0.0037 0.0026 0.0023 0.0021 0.0037 0.0023 0.0046 0.0043 0.0038 0.0057 0.0053 0.0040 0.0053 0.0047 0.0015 0.0025 0.0027 0.0042 0.0026 0.0024 0.0017 0.0023 0.0035 0.0021 0.0014 0.0032 0.0031 0.0029 0.0007 0.0012 0.0008 
0.0122 0.0388 0.0693 0.1735 0.1366 0.0905 0.1041 0.2010 0.0807 0.0444 0.0303 0.0342 0.0219 0.0175 0.0145 0.0127 0.0249 0.0509 0.0372 0.0188 0.0063 0.0036 0.0016 0.0018 0.0012 0.0027 0.0026 0.0079 0.0096 0.0073 0.0041 0.0028 0.0044 0.0039 0.0050 0.0043 0.0067 0.0063 0.0060 0.0036 0.0030 0.0031 0.0051 0.0017 0.0022 0.0051 0.0031 0.0024 0.0049 0.0049 0.0048 0.0048 0.0044 0.0025 0.0014 0.0033 0.0023 0.0033 0.0015 0.0015 0.0014 0.0004 0.0004 0.0004 
0.0094 0.0372 0.0469 0.1271 0.1001 0.0767 0.0825 0.1128 0.0662 0.0333 0.0260 0.0147 0.0180 0.0124 0.0097 0.0098 0.0258 0.0559 0.0484 0.0250 0.0096 0.0060 0.0025 0.0016 0.0053 0.0024 0.0017 0.0023 0.0097 0.0065 0.0039 0.0032 0.0047 0.0044 0.0034 0.0072 0.0058 0.0049 0.0054 0.0054 0.0044 0.0052 0.0053 0.0024 0.0030 0.0037 0.0029 0.0023 0.0035 0.0044 0.0036 0.0029 0.0019 0.0022 0.0021 0.0028 0.0022 0.0033 0.0024 0.0011 0.0014 0.0016 0.0011 0.0013 
0.0099 0.0336 0.0408 0.0564 0.0348 0.0453 0.0471 0.0380 0.0095 0.0200 0.0270 0.0309 0.0237 0.0185 0.0151 0.0156 0.0172 0.0469 0.0307 0.0270 0.0134 0.0083 0.0063 0.0027 0.0031 0.0018 0.0021 0.0020 0.0038 0.0033 0.0024 0.0015 0.0054 0.0066 0.0059 0.0045 0.0055 0.0063 0.0056 0.0039 0.0079 0.0047 0.0035 0.0011 0.0030 0.0022 0.0021 0.0020 0.0026 0.0026 0.0038 0.0019 0.0033 0.0017 0.0028 0.0033 0.0025 0.0012 0.0019 0.0020 0.0017 0.0016 0.0013 0.0010 
0.0154 0.0342 0.0467 0.0440 0.0237 0.0243 0.0273 0.0110 0.0179 0.0128 0.0093 0.0176 0.0160 0.0171 0.0129 0.0110 0.0175 0.0260 0.0177 0.0138 0.0176 0.0076 0.0037 0.0018 0.0027 0.0014 0.0008 0.0009 0.0016 0.0032 0.0022 0.0016 0.0045 0.0042 0.0042 0.0036 0.0045 0.0052 0.0023 0.0043 0.0052 0.0032 0.0029 0.0029 0.0025 0.0031 0.0022 0.0012 0.0031 0.0022 0.0029 0.0019 0.0016 0.0035 0.0024 0.0024 0.0012 0.0022 0.0019 0.0022 0.0017 0.0005 0.0002 0.0004 
0.0059 0.0305 0.0425 0.0371 0.0116 0.0097 0.0121 0.0139 0.0233 0.0058 0.0074 0.0192 0.0153 0.0148 0.0140 0.0116 0.0136 0.0187 0.0196 0.0122 0.0143 0.0026 0.0046 0.0023 0.0014 0.0020 0.0008 0.0030 0.0014 0.0030 0.0026 0.0027 0.0045 0.0019 0.0032 0.0051 0.0054 0.0050 0.0031 0.0010 0.0035 0.0040 0.0045 0.0053 0.0052 0.0022 0.0033 0.0016 0.0020 0.0014 0.0007 0.0006 0.0018 0.0011 0.0030 0.0017 0.0023 0.0023 0.0022 0.0019 0.0012 0.0015 0.0007 0.0004 
0.0063 0.0307 0.0405 0.0363 0.0072 0.0084 0.0120 0.0166 0.0137 0.0082 0.0096 0.0190 0.0119 0.0124 0.0102 0.0073 0.0119 0.0147 0.0118 0.0166 0.0113 0.0032 0.0046 0.0017 0.0016 0.0011 0.0007 0.0016 0.0024 0.0030 0.0021 0.0016 0.0030 0.0024 0.0028 0.0021 0.0054 0.0051 0.0030 0.0040 0.0051 0.0032 0.0015 0.0020 0.0025 0.0015 0.0019 0.0019 0.0014 0.0016 0.0018 0.0023 0.0022 0.0012 0.0010 0.0012 0.0009 0.0021 0.0025 0.0010 0.0007 0.0007 0.0003 0.0003 
0.0027 0.0271 0.0406 0.0347 0.0065 0.0096 0.0103 0.0144 0.0120 0.0070 0.0119 0.0142 0.0091 0.0109 0.0084 0.0057 0.0096 0.0136 0.0112 0.0123 0.0067 0.0045 0.0031 0.0018 0.0009 0.0019 0.0011 0.0008 0.0009 0.0018 0.0024 0.0045 0.0038 0.0031 0.0027 0.0031 0.0029 0.0024 0.0020 0.0043 0.0019 0.0028 0.0038 0.0025 0.0037 0.0032 0.0032 0.0007 0.0009 0.0023 0.0018 0.0009 0.0008 0.0024 0.0024 0.0015 0.0017 0.0029 0.0011 0.0013 0.0022 0.0010 0.0003 0.0001 
0.0140 0.0315 0.0306 0.0260 0.0100 0.0066 0.0108 0.0166 0.0063 0.0012 0.0063 0.0127 0.0148 0.0107 0.0078 0.0045 0.0060 0.0119 0.0084 0.0131 0.0036 0.0032 0.0036 0.0026 0.0026 0.0013 0.0015 0.0019 0.0012 0.0029 0.0020 0.0025 0.0021 0.0036 0.0013 0.0037 0.0033 0.0026 0.0016 0.0021 0.0024 0.0025 0.0036 0.0027 0.0039 0.0023 0.0008 0.0015 0.0008 0.0016 0.0012 0.0028 0.0018 0.0021 0.0014 0.0032 0.0025 0.0016 0.0005 0.0008 0.0021 0.0011 0.0003 0.0005 
0.0083 0.0214 0.0250 0.0179 0.0096 0.0086 0.0085 0.0079 0.0042 0.0077 0.0075 0.0058 0.0063 0.0058 0.0052 0.0035 0.0055 0.0052 0.0053 0.0053 0.0060 0.0032 0.0025 0.0025 0.0022 0.0010 0.0008 0.0014 0.0014 0.0027 0.0016 0.0017 0.0019 0.0007 0.0012 0.0028 0.0025 0.0030 0.0015 0.0004 0.0019 0.0030 0.0032 0.0013 0.0030 0.0016 0.0011 0.0007 0.0011 0.0015 0.0020 0.0018 0.0011 0.0012 0.0016 0.0014 0.0020 0.0023 0.0019 0.0006 0.0016 0.0007 0.0002 0.0003 
0.0075 0.0179 0.0165 0.0099 0.0048 0.0016 0.0046 0.0070 0.0040 0.0037 0.0026 0.0051 0.0035 0.0015 0.0026 0.0029 0.0047 0.0049 0.0046 0.0026 0.0014 0.0014 0.0015 0.0013 0.0008 0.0012 0.0007 0.0008 0.0013 0.0017 0.0006 0.0028 0.0012 0.0006 0.0010 0.0016 0.0011 0.0018 0.0025 0.0011 0.0010 0.0011 0.0016 0.0014 0.0007 0.0027 0.0006 0.0008 0.0011 0.0013 0.0019 0.0007 0.0009 0.0018 0.0016 0.0008 0.0006 0.0013 0.0022 0.0003 0.0007 0.0006 0.0003 0.0002 
0.0017 0.0168 0.0092 0.0045 0.0025 0.0014 0.0031 0.0072 0.0024 0.0021 0.0012 0.0026 0.0015 0.0027 0.0036 0.0017 0.0026 0.0038 0.0006 0.0035 0.0018 0.0014 0.0006 0.0004 0.0007 0.0006 0.0006 0.0009 0.0008 0.0009 0.0006 0.0026 0.0018 0.0006 0.0009 0.0011 0.0010 0.0008 0.0009 0.0011 0.0019 0.0019 0.0014 0.0013 0.0015 0.0014 0.0012 0.0006 0.0009 0.0017 0.0016 0.0008 0.0010 0.0006 0.0008 0.0010 0.0012 0.0003 0.0009 0.0016 0.0015 0.0006 0.0004 0.0004 
0.0079 0.0154 0.0100 0.0034 0.0017 0.0017 0.0017 0.0030 0.0018 0.0017 0.0018 0.0018 0.0018 0.0023 0.0022 0.0009 0.0020 0.0016 0.0015 0.0011 0.0008 0.0007 0.0006 0.0005 0.0005 0.0006 0.0006 0.0006 0.0003 0.0008 0.0011 0.0018 0.0014 0.0017 0.0012 0.0011 0.0012 0.0009 0.0012 0.0008 0.0011 0.0008 0.0010 0.0016 0.0018 0.0007 0.0011 0.0004 0.0009 0.0013 0.0006 0.0010 0.0010 0.0009 0.0010 0.0007 0.0011 0.0005 0.0019 0.0012 0.0005 0.0002 0.0003 0.0005 
0.0079 0.0147 0.0063 0.0053 0.0020 0.0017 0.0009 0.0024 0.0020 0.0020 0.0018 0.0021 0.0014 0.0021 0.0009 0.0005 0.0009 0.0015 0.0017 0.0008 0.0009 0.0012 0.0009 0.0016 0.0014 0.0007 0.0008 0.0013 0.0007 0.0006 0.0003 0.0009 0.0006 0.0005 0.0012 0.0008 0.0009 0.0007 0.0016 0.0010 0.0016 0.0014 0.0012 0.0012 0.0008 0.0010 0.0009 0.0015 0.0006 0.0008 0.0007 0.0008 0.0007 0.0007 0.0015 0.0009 0.0013 0.0007 0.0008 0.0005 0.0007 0.0010 0.0004 0.0006 
0.0029 0.0107 0.0026 0.0022 0.0014 0.0013 0.0010 0.0010 0.0020 0.0013 0.0017 0.0025 0.0018 0.0023 0.0006 0.0008 0.0010 0.0005 0.0004 0.0008 0.0009 0.0010 0.0001 0.0012 0.0010 0.0008 0.0004 0.0025 0.0005 0.0013 0.0011 0.0009 0.0007 0.0008 0.0011 0.0005 0.0011 0.0008 0.0009 0.0013 0.0007 0.0008 0.0010 0.0008 0.0020 0.0016 0.0007 0.0007 0.0015 0.0006 0.0010 0.0010 0.0006 0.0015 0.0013 0.0015 0.0005 0.0006 0.0012 0.0012 0.0006 0.0011 0.0003 0.0003 
0.0011 0.0047 0.0008 0.0009 0.0009 0.0024 0.0014 0.0028 0.0020 0.0011 0.0009 0.0013 0.0010 0.0015 0.0013 0.0004 0.0009 0.0007 0.0004 0.0011 0.0013 0.0008 0.0010 0.0006 0.0017 0.0009 0.0011 0.0008 0.0002 0.0008 0.0014 0.0014 0.0010 0.0011 0.0009 0.0008 0.0007 0.0016 0.0008 0.0015 0.0006 0.0007 0.0011 0.0010 0.0011 0.0009 0.0018 0.0012 0.0009 0.0006 0.0013 0.0008 0.0004 0.0007 0.0005 0.0002 0.0008 0.0007 0.0009 0.0010 0.0012 0.0008 0.0004 0.0002 
0.0009 0.0024 0.0015 0.0016 0.0007 0.0009 0.0010 0.0012 0.0016 0.0016 0.0013 0.0013 0.0015 0.0015 0.0013 0.0010 0.0007 0.0012 0.0004 0.0012 0.0007 0.0003 0.0013 0.0003 0.0009 0.0010 0.0010 0.0009 0.0009 0.0008 0.0009 0.0012 0.0008 0.0016 0.0013 0.0010 0.0005 0.0007 0.0010 0.0006 0.0015 0.0009 0.0013 0.0004 0.0006 0.0003 0.0004 0.0008 0.0010 0.0008 0.0010 0.0009 0.0007 0.0010 0.0007 0.0010 0.0010 0.0004 0.0008 0.0009 0.0009 0.0006 0.0002 0.0003 
0.0007 0.0011 0.0007 0.0013 0.0006 0.0014 0.0009 0.0019 0.0020 0.0017 0.0018 0.0011 0.0009 0.0019 0.0008 0.0011 0.0018 0.0007 0.0006 0.0006 0.0007 0.0009 0.0005 0.0011 0.0003 0.0010 0.0010 0.0015 0.0006 0.0012 0.0005 0.0009 0.0008 0.0011 0.0013 0.0013 0.0013 0.0011 0.0007 0.0013 0.0008 0.0004 0.0009 0.0011 0.0013 0.0012 0.0004 0.0012 0.0011 0.0008 0.0011 0.0006 0.0005 0.0005 0.0007 0.0008 0.0007 0.0009 0.0003 0.0004 0.0008 0.0004 0.0005 0.0002 
0.0007 0.0012 0.0010 0.0017 0.0016 0.0012 0.0011 0.0019 0.0012 0.0024 0.0012 0.0022 0.0006 0.0016 0.0013 0.0014 0.0010 0.0010 0.0007 0.0008 0.0012 0.0009 0.0006 0.0013 0.0005 0.0011 0.0016 0.0013 0.0014 0.0010 0.0004 0.0011 0.0011 0.0006 0.0018 0.0011 0.0013 0.0007 0.0015 0.0009 0.0010 0.0012 0.0010 0.0008 0.0017 0.0007 0.0007 0.0013 0.0022 0.0019 0.0003 0.0008 0.0011 0.0004 0.0002 0.0008 0.0008 0.0010 0.0009 0.0006 0.0009 0.0003 0.0002 0.0004 
0.0003 0.0013 0.0011 0.0022 0.0005 0.0020 0.0013 0.0014 0.0018 0.0015 0.0022 0.0015 0.0003 0.0016 0.0012 0.0009 0.0011 0.0016 0.0011 0.0014 0.0014 0.0007 0.0007 0.0013 0.0005 0.0013 0.0009 0.0010 0.0008 0.0010 0.0013 0.0011 0.0013 0.0006 0.0004 0.0012 0.0007 0.0007 0.0013 0.0018 0.0017 0.0012 0.0013 0.0008 0.0010 0.0010 0.0014 0.0009 0.0012 0.0010 0.0011 0.0006 0.0006 0.0007 0.0010 0.0014 0.0009 0.0006 0.0006 0.0017 0.0006 0.0002 0.0005 0.0003 
0.0003 0.0005 0.0011 0.0019 0.0006 0.0013 0.0004 0.0023 0.0012 0.0011 0.0020 0.0019 0.0010 0.0020 0.0004 0.0014 0.0017 0.0009 0.0012 0.0009 0.0012 0.0004 0.0005 0.0009 0.0016 0.0007 0.0011 0.0006 0.0006 0.0009 0.0011 0.0022 0.0009 0.0008 0.0010 0.0010 0.0011 0.0006 0.0011 0.0006 0.0006 0.0010 0.0004 0.0006 0.0006 0.0013 0.0009 0.0011 0.0012 0.0012 0.0010 0.0005 0.0007 0.0013 0.0009 0.0015 0.0009 0.0006 0.0004 0.0006 0.0009 0.0006 0.0002 0.0002 
0.0009 0.0017 0.0017 0.0022 0.0021 0.0022 0.0007 0.0019 0.0021 0.0019 0.0013 0.0023 0.0010 0.0016 0.0010 0.0011 0.0016 0.0010 0.0016 0.0011 0.0005 0.0009 0.0007 0.0006 0.0004 0.0003 0.0008 0.0014 0.0008 0.0019 0.0009 0.0014 0.0010 0.0011 0.0010 0.0009 0.0012 0.0006 0.0012 0.0005 0.0005 0.0014 0.0013 0.0014 0.0009 0.0007 0.0016 0.0013 0.0007 0.0012 0.0003 0.0011 0.0004 0.0011 0.0011 0.0012 0.0004 0.0011 0.0011 0.0008 0.0005 0.0007 0.0003 0.0002 
0.0007 0.0009 0.0009 0.0010 0.0008 0.0015 0.0006 0.0013 0.0022 0.0014 0.0017 0.0006 0.0012 0.0014 0.0005 0.0019 0.0015 0.0011 0.0008 0.0006 0.0007 0.0014 0.0012 0.0007 0.0009 0.0009 0.0008 0.0007 0.0017 0.0007 0.0006 0.0007 0.0007 0.0005 0.0008 0.0005 0.0011 0.0007 0.0012 0.0013 0.0017 0.0020 0.0006 0.0011 0.0010 0.0013 0.0004 0.0010 0.0009 0.0012 0.0004 0.0002 0.0006 0.0004 0.0009 0.0004 0.0007 0.0006 0.0005 0.0010 0.0006 0.0004 0.0002 0.0004 
