0.0007 0.0019 0.0061 0.0023 0.0016 0.0048 0.0051 0.0045 0.0040 0.0058 0.0052 0.0036 0.0033 0.0077 0.0041 0.0032 0.0066 0.0020 0.0031 0.0028 0.0022 0.0020 0.0035 0.0043 0.0009 0.0029 0.0020 0.0038 0.0024 0.0020 0.0019 0.0013 0.0030 0.0021 0.0016 0.0027 0.0019 0.0052 0.0035 0.0027 0.0029 0.0030 0.0047 0.0033 0.0032 0.0046 0.0052 0.0046 0.0030 0.0024 0.0006 0.0027 0.0012 0.0025 0.0031 0.0029 0.0029 0.0021 0.0030 0.0039 0.0011 0.0008 0.0010 0.0009 
0.0020 0.0036 0.0019 0.0014 0.0015 0.0049 0.0044 0.0046 0.0041 0.0062 0.0066 0.0044 0.0031 0.0041 0.0047 0.0022 0.0030 0.0023 0.0023 0.0021 0.0013 0.0020 0.0012 0.0031 0.0017 0.0013 0.0029 0.0015 0.0029 0.0020 0.0043 0.0030 0.0017 0.0046 0.0027 0.0024 0.0035 0.0025 0.0014 0.0030 0.0024 0.0023 0.0027 0.0018 0.0012 0.0027 0.0025 0.0042 0.0050 0.0029 0.0023 0.0019 0.0009 0.0020 0.0031 0.0014 0.0018 0.0026 0.0016 0.0023 0.0024 0.0009 0.0005 0.0004 
0.0017 0.0019 0.0053 0.0038 0.0031 0.0049 0.0021 0.0058 0.0012 0.0060 0.0027 0.0042 0.0049 0.0056 0.0046 0.0035 0.0014 0.0017 0.0039 0.0027 0.0029 0.0030 0.0030 0.0048 0.0041 0.0031 0.0015 0.0041 0.0029 0.0039 0.0044 0.0026 0.0040 0.0041 0.0042 0.0022 0.0062 0.0010 0.0046 0.0018 0.0023 0.0034 0.0027 0.0041 0.0012 0.0022 0.0030 0.0057 0.0027 0.0037 0.0030 0.0028 0.0046 0.0016 0.0052 0.0020 0.0021 0.0008 0.0023 0.0019 0.0012 0.0011 0.0005 0.0006 
0.0030 0.0040 0.0082 0.0054 0.0047 0.0017 0.0058 0.0077 0.0029 0.0070 0.0099 0.0045 0.0013 0.0057 0.0033 0.0012 0.0022 0.0029 0.0052 0.0040 0.0022 0.0016 0.0043 0.0026 0.0031 0.0033 0.0022 0.0034 0.0029 0.0024 0.0038 0.0025 0.0025 0.0032 0.0024 0.0037 0.0010 0.0016 0.0023 0.0022 0.0037 0.0045 0.0025 0.0036 0.0037 0.0024 0.0019 0.0046 0.0027 0.0054 0.0036 0.0047 0.0027 0.0037 0.0021 0.0011 0.0017 0.0018 0.0021 0.0041 0.0007 0.0018 0.0005 0.0005 
0.0021 0.0025 0.0073 0.0051 0.0026 0.0050 0.0015 0.0048 0.0018 0.0039 0.0026 0.0062 0.0015 0.0056 0.0026 0.0039 0.0020 0.0023 0.0034 0.0036 0.0042 0.0041 0.0023 0.0021 0.0030 0.0025 0.0037 0.0040 0.0030 0.0022 0.0067 0.0028 0.0013 0.0017 0.0034 0.0035 0.0028 0.0035 0.0037 0.0024 0.0057 0.0023 0.0023 0.0039 0.0025 0.0030 0.0045 0.0020 0.0021 0.0027 0.0022 0.0039 0.0027 0.0046 0.0034 0.0008 0.0031 0.0030 0.0027 0.0021 0.0008 0.0006 0.0009 0.0009 
0.0019 0.0055 0.0031 0.0029 0.0041 0.0062 0.0026 0.0047 0.0045 0.0063 0.0035 0.0074 0.0025 0.0031 0.0033 0.0025 0.0032 0.0016 0.0018 0.0003 0.0026 0.0034 0.0035 0.0012 0.0010 0.0041 0.0034 0.0022 0.0016 0.0013 0.0040 0.0020 0.0026 0.0037 0.0039 0.0040 0.0032 0.0022 0.0032 0.0014 0.0032 0.0017 0.0043 0.0044 0.0022 0.0021 0.0026 0.0023 0.0027 0.0014 0.0040 0.0030 0.0026 0.0016 0.0024 0.0011 0.0014 0.0028 0.0032 0.0023 0.0016 0.0008 0.0014 0.0008 
0.0031 0.0054 0.0045 0.0062 0.0036 0.0037 0.0024 0.0054 0.0032 0.0046 0.0039 0.0055 0.0025 0.0044 0.0032 0.0028 0.0039 0.0013 0.0016 0.0024 0.0019 0.0036 0.0025 0.0046 0.0045 0.0020 0.0033 0.0053 0.0053 0.0011 0.0033 0.0027 0.0017 0.0037 0.0009 0.0068 0.0027 0.0017 0.0026 0.0041 0.0042 0.0030 0.0037 0.0016 0.0014 0.0067 0.0041 0.0044 0.0043 0.0040 0.0053 0.0034 0.0014 0.0029 0.0017 0.0030 0.0012 0.0016 0.0019 0.0015 0.0027 0.0007 0.0009 0.0005 
0.0024 0.0021 0.0042 0.0034 0.0021 0.0037 0.0044 0.0063 0.0048 0.0012 0.0029 0.0054 0.0038 0.0048 0.0018 0.0038 0.0027 0.0012 0.0005 0.0038 0.0020 0.0037 0.0027 0.0028 0.0055 0.0031 0.0043 0.0017 0.0032 0.0027 0.0042 0.0044 0.0010 0.0025 0.0034 0.0010 0.0020 0.0036 0.0055 0.0063 0.0029 0.0013 0.0034 0.0041 0.0015 0.0050 0.0033 0.0013 0.0039 0.0044 0.0021 0.0014 0.0056 0.0038 0.0021 0.0023 0.0033 0.0019 0.0048 0.0023 0.0017 0.0004 0.0004 0.0002 
0.0026 0.0026 0.0021 0.0038 0.0029 0.0039 0.0034 0.0039 0.0022 0.0034 0.0031 0.0060 0.0041 0.0008 0.0028 0.0034 0.0026 0.0031 0.0022 0.0028 0.0039 0.0021 0.0024 0.0036 0.0023 0.0043 0.0017 0.0053 0.0011 0.0045 0.0021 0.0039 0.0038 0.0030 0.0047 0.0015 0.0040 0.0054 0.0036 0.0021 0.0021 0.0014 0.0041 0.0043 0.0025 0.0030 0.0016 0.0030 0.0027 0.0016 0.0033 0.0013 0.0018 0.0009 0.0006 0.0010 0.0028 0.0016 0.0046 0.0021 0.0018 0.0010 0.0006 0.0002 
0.0018 0.0030 0.0039 0.0030 0.0037 0.0043 0.0030 0.0056 0.0047 0.0050 0.0072 0.0035 0.0038 0.0044 0.0021 0.0048 0.0023 0.0018 0.0027 0.0025 0.0050 0.0007 0.0025 0.0041 0.0034 0.0039 0.0011 0.0044 0.0013 0.0012 0.0041 0.0018 0.0029 0.0026 0.0057 0.0037 0.0017 0.0032 0.0026 0.0042 0.0032 0.0037 0.0045 0.0034 0.0023 0.0024 0.0034 0.0008 0.0024 0.0032 0.0046 0.0023 0.0034 0.0015 0.0031 0.0016 0.0022 0.0033 0.0016 0.0011 0.0013 0.0010 0.0003 0.0004 
0.0037 0.0028 0.0021 0.0035 0.0057 0.0024 0.0042 0.0067 0.0039 0.0069 0.0036 0.0055 0.0045 0.0058 0.0023 0.0030 0.0054 0.0016 0.0044 0.0033 0.0041 0.0042 0.0029 0.0031 0.0032 0.0020 0.0025 0.0062 0.0024 0.0017 0.0015 0.0016 0.0025 0.0019 0.0030 0.0035 0.0058 0.0019 0.0073 0.0035 0.0018 0.0031 0.0037 0.0017 0.0048 0.0037 0.0024 0.0052 0.0026 0.0038 0.0032 0.0035 0.0022 0.0026 0.0029 0.0024 0.0034 0.0014 0.0005 0.0030 0.0012 0.0018 0.0005 0.0002 
0.0009 0.0029 0.0030 0.0052 0.0035 0.0037 0.0030 0.0031 0.0014 0.0038 0.0027 0.0038 0.0051 0.0053 0.0020 0.0044 0.0026 0.0022 0.0038 0.0019 0.0026 0.0022 0.0019 0.0031 0.0021 0.0026 0.0016 0.0022 0.0028 0.0029 0.0027 0.0030 0.0025 0.0024 0.0009 0.0035 0.0029 0.0028 0.0037 0.0014 0.0017 0.0033 0.0034 0.0032 0.0044 0.0005 0.0028 0.0047 0.0035 0.0009 0.0016 0.0027 0.0021 0.0056 0.0020 0.0023 0.0027 0.0033 0.0031 0.0024 0.0018 0.0008 0.0005 0.0004 
0.0019 0.0036 0.0045 0.0041 0.0029 0.0081 0.0031 0.0052 0.0052 0.0063 0.0057 0.0047 0.0019 0.0040 0.0024 0.0028 0.0018 0.0020 0.0026 0.0031 0.0034 0.0021 0.0017 0.0024 0.0040 0.0016 0.0012 0.0032 0.0027 0.0016 0.0036 0.0028 0.0021 0.0022 0.0023 0.0019 0.0028 0.0030 0.0020 0.0030 0.0048 0.0037 0.0021 0.0045 0.0018 0.0029 0.0019 0.0032 0.0031 0.0042 0.0028 0.0023 0.0028 0.0029 0.0030 0.0027 0.0012 0.0047 0.0019 0.0022 0.0029 0.0006 0.0005 0.0002 
0.0030 0.0026 0.0036 0.0013 0.0038 0.0026 0.0044 0.0042 0.0018 0.0066 0.0066 0.0028 0.0009 0.0042 0.0011 0.0027 0.0023 0.0023 0.0039 0.0017 0.0034 0.0036 0.0016 0.0031 0.0017 0.0012 0.0041 0.0036 0.0024 0.0031 0.0020 0.0016 0.0024 0.0032 0.0023 0.0028 0.0042 0.0015 0.0023 0.0021 0.0030 0.0027 0.0024 0.0033 0.0044 0.0028 0.0025 0.0038 0.0039 0.0016 0.0019 0.0014 0.0031 0.0023 0.0040 0.0015 0.0018 0.0024 0.0018 0.0012 0.0023 0.0014 0.0007 0.0002 
0.0009 0.0019 0.0032 0.0043 0.0039 0.0063 0.0017 0.0036 0.0042 0.0058 0.0060 0.0054 0.0009 0.0047 0.0015 0.0047 0.0032 0.0021 0.0050 0.0017 0.0026 0.0027 0.0047 0.0037 0.0033 0.0011 0.0019 0.0039 0.0032 0.0034 0.0030 0.0031 0.0031 0.0035 0.0017 0.0023 0.0030 0.0042 0.0019 0.0028 0.0047 0.0039 0.0023 0.0030 0.0020 0.0039 0.0026 0.0026 0.0014 0.0053 0.0021 0.0030 0.0057 0.0027 0.0014 0.0027 0.0015 0.0024 0.0014 0.0018 0.0014 0.0010 0.0004 0.0002 
0.0030 0.0048 0.0100 0.0036 0.0056 0.0049 0.0061 0.0037 0.0061 0.0050 0.0042 0.0053 0.0036 0.0054 0.0026 0.0044 0.0020 0.0045 0.0043 0.0020 0.0027 0.0019 0.0031 0.0036 0.0023 0.0033 0.0021 0.0064 0.0030 0.0018 0.0033 0.0036 0.0021 0.0022 0.0027 0.0049 0.0020 0.0025 0.0031 0.0033 0.0038 0.0044 0.0019 0.0036 0.0029 0.0025 0.0027 0.0044 0.0025 0.0024 0.0016 0.0037 0.0040 0.0036 0.0019 0.0020 0.0015 0.0029 0.0015 0.0019 0.0012 0.0022 0.0005 0.0005 
0.0014 0.0009 0.0031 0.0022 0.0028 0.0031 0.0019 0.0065 0.0062 0.0101 0.0053 0.0041 0.0016 0.0014 0.0016 0.0027 0.0019 0.0033 0.0024 0.0011 0.0047 0.0029 0.0012 0.0013 0.0027 0.0017 0.0033 0.0066 0.0039 0.0018 0.0023 0.0029 0.0036 0.0018 0.0016 0.0035 0.0025 0.0038 0.0042 0.0031 0.0030 0.0033 0.0011 0.0038 0.0037 0.0037 0.0025 0.0027 0.0017 0.0024 0.0051 0.0039 0.0021 0.0018 0.0020 0.0025 0.0032 0.0016 0.0016 0.0013 0.0013 0.0015 0.0005 0.0006 
0.0032 0.0049 0.0028 0.0046 0.0044 0.0040 0.0042 0.0091 0.0108 0.0153 0.0225 0.0287 0.0308 0.0359 0.0301 0.0301 0.0218 0.0233 0.0279 0.0248 0.0287 0.0397 0.0425 0.0367 0.0349 0.0293 0.0218 0.0063 0.0057 0.0057 0.0067 0.0064 0.0072 0.0093 0.0097 0.0100 0.0103 0.0078 0.0108 0.0067 0.0083 0.0047 0.0078 0.0097 0.0140 0.0149 0.0166 0.0140 0.0177 0.0158 0.0161 0.0057 0.0105 0.0099 0.0054 0.0059 0.0056 0.0050 0.0062 0.0056 0.0043 0.0023 0.0011 0.0003 
0.0025 0.0038 0.0061 0.0029 0.0017 0.0056 0.0029 0.0038 0.0020 0.0032 0.0051 0.0093 0.0042 0.0057 0.0033 0.0043 0.0025 0.0063 0.0055 0.0009 0.0073 0.0037 0.0024 0.0032 0.0033 0.0019 0.0037 0.0038 0.0025 0.0043 0.0032 0.0044 0.0043 0.0030 0.0033 0.0053 0.0026 0.0035 0.0058 0.0038 0.0033 0.0067 0.0036 0.0035 0.0019 0.0036 0.0040 0.0047 0.0044 0.0030 0.0033 0.0022 0.0015 0.0023 0.0026 0.0033 0.0035 0.0016 0.0028 0.0018 0.0026 0.0011 0.0002 0.0003 
0.0074 0.0114 0.0033 0.0038 0.0046 0.0053 0.0039 0.0030 0.0025 0.0018 0.0022 0.0077 0.0036 0.0074 0.0019 0.0039 0.0028 0.0022 0.0045 0.0039 0.0023 0.0075 0.0105 0.0051 0.0076 0.0037 0.0061 0.0058 0.0034 0.0049 0.0057 0.0027 0.0036 0.0055 0.0046 0.0103 0.0075 0.0112 0.0124 0.0158 0.0119 0.0109 0.0117 0.0131 0.0200 0.0153 0.0144 0.0117 0.0105 0.0096 0.0097 0.0079 0.0061 0.0038 0.0044 0.0079 0.0028 0.0043 0.0045 0.0025 0.0019 0.0006 0.0007 0.0007 
0.0301 0.0923 0.0795 0.0427 0.0179 0.0130 0.0041 0.0121 0.0064 0.0072 0.0076 0.0126 0.0085 0.0096 0.0050 0.0038 0.0031 0.0057 0.0088 0.0042 0.0060 0.0131 0.0144 0.0098 0.0081 0.0068 0.0044 0.0063 0.0050 0.0033 0.0014 0.0043 0.0037 0.0045 0.0046 0.0121 0.0109 0.0124 0.0114 0.0142 0.0118 0.0098 0.0154 0.0113 0.0111 0.0136 0.0137 0.0094 0.0092 0.0108 0.0050 0.0052 0.0021 0.0045 0.0018 0.0044 0.0039 0.0030 0.0023 0.0038 0.0026 0.0009 0.0006 0.0002 
0.0294 0.1098 0.1283 0.0791 0.0269 0.0126 0.0035 0.0136 0.0043 0.0062 0.0093 0.0160 0.0193 0.0128 0.0065 0.0022 0.0048 0.0066 0.0130 0.0127 0.0037 0.0038 0.0044 0.0044 0.0032 0.0029 0.0038 0.0050 0.0034 0.0073 0.0018 0.0039 0.0049 0.0043 0.0029 0.0043 0.0070 0.0041 0.0040 0.0091 0.0072 0.0053 0.0071 0.0051 0.0053 0.0039 0.0102 0.0067 0.0079 0.0044 0.0053 0.0062 0.0032 0.0024 0.0054 0.0033 0.0023 0.0042 0.0066 0.0078 0.0038 0.0043 0.0014 0.0010 
0.0244 0.1013 0.1249 0.0732 0.0375 0.0093 0.0163 0.0092 0.0093 0.0085 0.0166 0.0245 0.0277 0.0243 0.0117 0.0167 0.0114 0.0107 0.0130 0.0166 0.0050 0.0031 0.0021 0.0049 0.0085 0.0039 0.0018 0.0065 0.0029 0.0037 0.0040 0.0035 0.0047 0.0043 0.0062 0.0046 0.0057 0.0053 0.0051 0.0075 0.0105 0.0065 0.0076 0.0045 0.0062 0.0046 0.0039 0.0053 0.0057 0.0017 0.0058 0.0064 0.0027 0.0028 0.0032 0.0022 0.0025 0.0052 0.0055 0.0049 0.0027 0.0022 0.0026 0.0027 
0.0051 0.1083 0.1936 0.1513 0.1043 0.0544 0.0544 0.0399 0.0337 0.1000 0.1299 0.1256 0.3212 0.2620 0.1630 0.1289 0.0450 0.0668 0.0504 0.0392 0.0856 0.1226 0.0792 0.0295 0.0554 0.0246 0.0235 0.0162 0.0262 0.0370 0.0190 0.0193 0.0046 0.0171 0.0275 0.0183 0.0312 0.0114 0.0532 0.0663 0.0616 0.0909 0.0237 0.0225 0.0369 0.0265 0.0091 0.0214 0.0208 0.0188 0.0126 0.0135 0.0270 0.0199 0.0091 0.0071 0.0108 0.0170 0.0119 0.0172 0.0103 0.0080 0.0044 0.0043 
0.0881 0.1394 0.2932 0.5114 0.2776 0.1247 0.0986 0.1003 0.1496 0.1718 0.1450 0.1819 0.1946 0.4496 0.5770 0.2158 0.1901 0.1109 0.1251 0.1785 0.3352 0.3842 0.1561 0.2607 0.1761 0.0600 0.1237 0.1129 0.0992 0.0754 0.1856 0.2365 0.1287 0.1031 0.0731 0.0582 0.0633 0.1041 0.2465 0.1771 0.1123 0.0886 0.0557 0.0486 0.0641 0.0571 0.0565 0.0428 0.0331 0.0106 0.0249 0.0471 0.0465 0.0507 0.0600 0.0731 0.0723 0.0389 0.0147 0.0297 0.0313 0.0169 0.0033 0.0034 
0.0176 0.0747 0.1748 0.7170 0.2407 0.3015 0.0927 0.2569 0.3035 0.1846 0.1745 0.2587 0.1847 0.5426 0.8846 0.2839 0.2180 0.1189 0.2706 0.2730 0.3273 0.6248 0.5656 0.3250 0.2314 0.2163 0.1328 0.0941 0.2835 0.1989 0.1834 0.2641 0.2585 0.0641 0.1117 0.0716 0.1477 0.1803 0.2240 0.2025 0.1004 0.0906 0.1050 0.1031 0.1015 0.0812 0.0596 0.0777 0.1510 0.0947 0.0759 0.1197 0.0218 0.0449 0.1066 0.0975 0.1164 0.1094 0.0845 0.0595 0.0420 0.0622 0.0222 0.0205 
0.1155 0.1246 0.2718 0.5963 0.2389 0.2492 0.0961 0.1460 0.1991 0.1412 0.1904 0.3641 0.6311 0.5434 0.8290 0.8578 0.2796 0.1268 0.1701 0.2564 0.5644 0.2195 0.7853 0.7382 0.3808 0.0787 0.1865 0.1319 0.1360 0.0688 0.1350 0.1018 0.2861 0.1453 0.0990 0.1667 0.1329 0.1514 0.2504 0.1721 0.1567 0.1560 0.1072 0.0901 0.1361 0.1299 0.1579 0.1446 0.1131 0.1692 0.1308 0.0993 0.1644 0.0705 0.1354 0.1228 0.1315 0.1040 0.0431 0.0567 0.1136 0.0978 0.0444 0.0407 
0.0582 0.1061 0.2146 0.5696 0.3316 0.0498 0.0735 0.1642 0.2191 0.1026 0.1188 0.1306 0.1833 0.6454 1.2125 0.6741 0.3269 0.0941 0.2520 0.2781 0.3121 0.5469 0.6762 0.4122 0.2238 0.1232 0.0981 0.0994 0.1999 0.1992 0.1368 0.1792 0.1943 0.2042 0.1466 0.0974 0.1328 0.2110 0.2031 0.1204 0.1601 0.0972 0.1355 0.0870 0.1452 0.1271 0.0988 0.0994 0.1181 0.1138 0.1073 0.1031 0.0451 0.0278 0.0381 0.0787 0.1209 0.0300 0.0777 0.0438 0.0285 0.0424 0.0184 0.0195 
0.0816 0.0932 0.2149 0.5405 0.1538 0.0740 0.0686 0.1914 0.2551 0.1509 0.1733 0.1290 0.1353 0.3717 1.2907 0.4192 0.2733 0.1196 0.1121 0.1741 0.2631 0.5731 0.5738 0.3514 0.3265 0.2495 0.1627 0.1476 0.0766 0.2323 0.2115 0.2239 0.2326 0.1916 0.1284 0.1693 0.1174 0.2290 0.1449 0.1759 0.1338 0.1108 0.1265 0.0499 0.1147 0.0854 0.0694 0.0915 0.0566 0.1026 0.0822 0.0506 0.0760 0.0739 0.1183 0.0873 0.0362 0.0672 0.0650 0.0404 0.0461 0.0332 0.0182 0.0185 
0.0303 0.1059 0.1733 0.3608 0.2693 0.0789 0.1011 0.1289 0.1406 0.1227 0.2640 0.3395 0.6553 1.3225 0.5315 0.2714 0.3421 0.3141 0.4274 0.2389 0.3484 0.3563 0.3430 0.2772 0.4044 0.3435 0.2561 0.2696 0.2604 0.1534 0.2904 0.2094 0.2128 0.1285 0.0740 0.1825 0.1886 0.1253 0.1266 0.1064 0.1023 0.1918 0.2064 0.1420 0.0922 0.0958 0.0861 0.0644 0.0467 0.0916 0.1108 0.0788 0.0549 0.0653 0.0546 0.0281 0.0428 0.0991 0.0773 0.1032 0.0839 0.0420 0.0224 0.0213 
0.0562 0.0890 0.2000 0.3306 0.1650 0.0760 0.0743 0.0569 0.0664 0.1018 0.1689 0.2238 0.5941 0.8318 0.3907 0.2706 0.2806 0.3603 0.1583 0.1026 0.1395 0.0831 0.0874 0.1385 0.1118 0.1044 0.0595 0.0496 0.0658 0.0878 0.1073 0.1191 0.1057 0.0783 0.1135 0.0443 0.0777 0.0536 0.0304 0.0432 0.0332 0.0494 0.0426 0.0514 0.0329 0.0553 0.0372 0.0410 0.0422 0.0133 0.0312 0.0324 0.0199 0.0382 0.0382 0.0238 0.0437 0.0344 0.0328 0.0303 0.0289 0.0159 0.0017 0.0014 
0.0144 0.0630 0.2192 0.2673 0.1008 0.0457 0.0292 0.0441 0.0290 0.1042 0.0538 0.3068 0.4959 1.0858 0.6816 0.3217 0.2435 0.4068 0.2150 0.0953 0.1131 0.0740 0.0960 0.1264 0.1587 0.1641 0.1020 0.0632 0.1026 0.1084 0.1504 0.1118 0.1319 0.0840 0.0810 0.0531 0.0864 0.0794 0.0730 0.0501 0.0482 0.0796 0.0564 0.0544 0.0387 0.0352 0.0174 0.0229 0.0265 0.0141 0.0199 0.0249 0.0059 0.0292 0.0235 0.0132 0.0302 0.0366 0.0198 0.0406 0.0389 0.0156 0.0101 0.0122 
0.0596 0.1014 0.2037 0.5304 0.2179 0.0646 0.0647 0.1133 0.0331 0.1381 0.1155 0.2007 0.3701 0.7876 0.8779 0.2342 0.2684 0.2559 0.3580 0.0866 0.3094 0.3768 0.2104 0.3170 0.3203 0.2010 0.0926 0.0623 0.1009 0.2095 0.2233 0.2062 0.2334 0.1089 0.0772 0.1053 0.1068 0.1110 0.0534 0.0690 0.0809 0.0551 0.0374 0.0777 0.0300 0.0265 0.0580 0.0481 0.0824 0.1009 0.0770 0.0703 0.1071 0.0639 0.0398 0.0493 0.0385 0.0592 0.0740 0.0607 0.0317 0.0201 0.0069 0.0053 
0.1114 0.1631 0.1866 0.6138 0.1923 0.1130 0.0957 0.0695 0.2307 0.1648 0.1768 0.0860 0.1792 0.4492 1.0528 0.6604 0.2827 0.3510 0.3098 0.2704 0.3263 0.6164 0.5439 0.2143 0.1931 0.3780 0.2601 0.1471 0.2096 0.1642 0.1930 0.1140 0.2454 0.2554 0.1302 0.1482 0.1352 0.0840 0.0625 0.1287 0.0655 0.0611 0.0827 0.0644 0.0914 0.0993 0.0717 0.0381 0.0626 0.1346 0.1101 0.1027 0.0910 0.0595 0.0550 0.0539 0.0706 0.0685 0.0635 0.0386 0.0533 0.0110 0.0148 0.0125 
0.0109 0.0847 0.2291 0.5864 0.3385 0.0344 0.0760 0.1364 0.2194 0.1365 0.2337 0.1479 0.2167 0.7342 1.1510 0.6543 0.5341 0.3219 0.2331 0.3445 0.2843 0.4489 0.5906 0.3452 0.2458 0.3431 0.2968 0.1129 0.1025 0.0735 0.1238 0.2278 0.2455 0.2922 0.2206 0.1361 0.1207 0.1429 0.1415 0.1692 0.1545 0.1135 0.1451 0.0838 0.0928 0.0673 0.0886 0.0286 0.0996 0.0714 0.0959 0.1398 0.0817 0.1305 0.0995 0.0778 0.1508 0.1183 0.0797 0.0575 0.0992 0.0399 0.0256 0.0248 
0.0308 0.0853 0.2350 0.5593 0.3975 0.0657 0.1021 0.1135 0.1093 0.0669 0.1672 0.1823 0.2135 0.4531 1.3182 0.5619 0.3703 0.1304 0.1559 0.2782 0.2193 0.2685 0.6026 0.4480 0.4229 0.1289 0.1075 0.1462 0.1788 0.0419 0.0802 0.0849 0.3014 0.3368 0.1044 0.0667 0.0816 0.1130 0.1357 0.1870 0.1081 0.1271 0.1385 0.1507 0.1805 0.0925 0.0859 0.0948 0.0597 0.1110 0.1069 0.0971 0.0861 0.1285 0.0915 0.0691 0.1204 0.1063 0.0843 0.1027 0.0339 0.0460 0.0224 0.0227 
0.0173 0.0908 0.1850 0.4483 0.4797 0.1435 0.1123 0.0898 0.1031 0.0466 0.1023 0.2950 0.2148 0.5217 1.5617 0.4943 0.2249 0.1684 0.1191 0.2629 0.1975 0.2471 0.5275 0.5070 0.4947 0.1805 0.0857 0.1305 0.0741 0.0668 0.0927 0.1321 0.3030 0.2936 0.1007 0.0378 0.0716 0.0797 0.0893 0.1591 0.1154 0.1072 0.1352 0.1243 0.1098 0.0365 0.0822 0.0781 0.0669 0.1026 0.1299 0.1355 0.0865 0.1107 0.0571 0.0934 0.0568 0.0794 0.0618 0.0391 0.0513 0.0263 0.0093 0.0069 
0.0683 0.1083 0.1540 0.2756 0.5686 0.1358 0.0674 0.1525 0.0800 0.1049 0.0525 0.2407 0.3969 0.7415 1.6036 0.4295 0.1900 0.1495 0.1577 0.1933 0.2046 0.1967 0.3625 0.5108 0.2499 0.0799 0.1119 0.1080 0.0851 0.1770 0.1531 0.3096 0.4068 0.2969 0.1079 0.0173 0.0641 0.1300 0.0850 0.1993 0.1744 0.1941 0.2096 0.1268 0.0544 0.0620 0.0425 0.1055 0.1198 0.1395 0.1286 0.1427 0.1319 0.0854 0.0260 0.0356 0.0729 0.1158 0.0966 0.0615 0.0719 0.0541 0.0155 0.0124 
0.0099 0.0599 0.1652 0.1506 0.7182 0.3064 0.2185 0.2849 0.1480 0.0690 0.1518 0.2650 0.4682 0.9791 1.1821 0.1219 0.2384 0.1590 0.1682 0.0988 0.1268 0.1570 0.1659 0.3592 0.2338 0.2199 0.1877 0.0909 0.1652 0.2698 0.3171 0.4568 0.4308 0.2197 0.0377 0.0479 0.0629 0.1373 0.1296 0.1894 0.2092 0.2298 0.1456 0.1166 0.0234 0.0666 0.0557 0.0827 0.0691 0.1512 0.1455 0.1875 0.1073 0.1126 0.0313 0.0622 0.0774 0.0913 0.1405 0.0767 0.0590 0.0609 0.0238 0.0127 
0.0890 0.1054 0.1592 0.3145 0.6979 0.2454 0.0907 0.1632 0.1452 0.1220 0.1428 0.1118 0.4609 1.2935 1.0819 0.3663 0.1408 0.1643 0.2535 0.0953 0.1300 0.1504 0.1709 0.2008 0.2196 0.1910 0.1119 0.0249 0.1302 0.1984 0.3826 0.5824 0.4405 0.2612 0.2063 0.1033 0.1363 0.1189 0.0869 0.2532 0.1884 0.1645 0.1847 0.0988 0.0936 0.0635 0.0777 0.0527 0.0719 0.0883 0.0969 0.0800 0.0854 0.0419 0.0528 0.0752 0.0706 0.0520 0.0654 0.0775 0.0496 0.0248 0.0055 0.0058 
0.0126 0.0646 0.1420 0.2585 0.6301 0.1663 0.1209 0.1823 0.0631 0.2067 0.1200 0.2167 0.6602 1.3023 0.5976 0.3193 0.3196 0.1488 0.2693 0.0699 0.2235 0.1313 0.1617 0.1642 0.1515 0.1493 0.1253 0.1515 0.2186 0.2402 0.3539 0.3691 0.2661 0.1901 0.1102 0.1264 0.0791 0.0650 0.1223 0.1943 0.1370 0.1902 0.1125 0.1230 0.0734 0.0803 0.0670 0.0674 0.0802 0.0744 0.1248 0.0736 0.1193 0.1188 0.0871 0.0976 0.0931 0.0511 0.1162 0.0671 0.0736 0.0324 0.0228 0.0201 
0.0287 0.0682 0.1489 0.2155 0.4326 0.1002 0.0333 0.0473 0.0599 0.0861 0.0905 0.3220 0.8306 1.5029 0.2822 0.2152 0.1862 0.1442 0.1990 0.2414 0.2379 0.1801 0.0952 0.0659 0.0611 0.0691 0.1009 0.0503 0.2073 0.4397 0.5189 0.3669 0.2616 0.1956 0.1408 0.1491 0.1155 0.0765 0.1428 0.1760 0.1738 0.1245 0.1156 0.0778 0.0720 0.0714 0.1093 0.0771 0.0908 0.0779 0.0903 0.1098 0.0754 0.0786 0.0508 0.0682 0.0996 0.1109 0.1029 0.0627 0.0318 0.0176 0.0085 0.0071 
0.0750 0.1108 0.1608 0.2010 0.4428 0.0684 0.0909 0.0897 0.0918 0.0471 0.1042 0.2190 0.9247 1.5757 0.3441 0.0957 0.1003 0.1625 0.1791 0.1525 0.1782 0.1408 0.0852 0.0358 0.0495 0.0599 0.0376 0.0763 0.1474 0.2084 0.3070 0.2750 0.1408 0.1185 0.0654 0.0515 0.0766 0.0351 0.0932 0.1128 0.1528 0.1042 0.0604 0.0486 0.0728 0.0581 0.0258 0.0426 0.0508 0.0557 0.0442 0.0599 0.0575 0.0090 0.0302 0.0428 0.0408 0.0479 0.0664 0.0541 0.0248 0.0285 0.0269 0.0252 
0.0454 0.0916 0.1314 0.1699 0.2626 0.1068 0.0869 0.0608 0.0478 0.0492 0.1173 0.2331 0.7828 1.0094 0.3014 0.1005 0.0736 0.0829 0.0987 0.1190 0.0986 0.0805 0.0410 0.0246 0.0204 0.0273 0.0555 0.0596 0.0716 0.0837 0.0700 0.0438 0.0366 0.0205 0.0386 0.0463 0.0593 0.0671 0.0816 0.0498 0.0623 0.0605 0.0380 0.0330 0.0226 0.0361 0.0518 0.0351 0.0682 0.0488 0.0340 0.0418 0.0324 0.0260 0.0259 0.0350 0.0352 0.0355 0.0408 0.0501 0.0483 0.0323 0.0250 0.0239 
0.0076 0.0330 0.0280 0.0855 0.0506 0.0343 0.0396 0.0149 0.0257 0.0343 0.0562 0.0816 0.1290 0.1892 0.0429 0.0251 0.0121 0.0147 0.0065 0.0051 0.0059 0.0106 0.0053 0.0076 0.0111 0.0038 0.0048 0.0049 0.0098 0.0101 0.0123 0.0090 0.0094 0.0035 0.0056 0.0129 0.0095 0.0081 0.0066 0.0110 0.0104 0.0114 0.0089 0.0021 0.0037 0.0061 0.0052 0.0066 0.0035 0.0079 0.0064 0.0058 0.0043 0.0015 0.0041 0.0051 0.0045 0.0033 0.0029 0.0037 0.0019 0.0024 0.0009 0.0009 
0.0033 0.0211 0.0199 0.0340 0.0348 0.0141 0.0055 0.0120 0.0021 0.0164 0.0080 0.0316 0.0322 0.1166 0.0351 0.0117 0.0095 0.0050 0.0037 0.0070 0.0042 0.0026 0.0036 0.0036 0.0030 0.0041 0.0034 0.0038 0.0014 0.0065 0.0032 0.0036 0.0025 0.0067 0.0038 0.0029 0.0052 0.0038 0.0044 0.0042 0.0048 0.0063 0.0039 0.0036 0.0052 0.0022 0.0054 0.0022 0.0037 0.0038 0.0025 0.0028 0.0014 0.0050 0.0035 0.0033 0.0021 0.0042 0.0030 0.0013 0.0027 0.0011 0.0005 0.0002 
0.0036 0.0151 0.0078 0.0231 0.0194 0.0116 0.0068 0.0058 0.0058 0.0103 0.0086 0.0179 0.0329 0.0349 0.0095 0.0074 0.0056 0.0038 0.0032 0.0071 0.0043 0.0031 0.0028 0.0032 0.0045 0.0021 0.0042 0.0079 0.0026 0.0047 0.0045 0.0046 0.0028 0.0036 0.0030 0.0063 0.0042 0.0046 0.0031 0.0047 0.0036 0.0041 0.0036 0.0027 0.0033 0.0033 0.0045 0.0042 0.0022 0.0048 0.0037 0.0048 0.0016 0.0033 0.0038 0.0025 0.0061 0.0018 0.0019 0.0048 0.0015 0.0023 0.0013 0.0013 
0.0026 0.0055 0.0062 0.0179 0.0097 0.0099 0.0050 0.0043 0.0052 0.0069 0.0094 0.0075 0.0215 0.0208 0.0064 0.0032 0.0044 0.0018 0.0066 0.0068 0.0047 0.0018 0.0034 0.0020 0.0039 0.0024 0.0045 0.0031 0.0048 0.0025 0.0031 0.0029 0.0033 0.0047 0.0033 0.0037 0.0019 0.0045 0.0024 0.0051 0.0029 0.0042 0.0038 0.0035 0.0047 0.0054 0.0040 0.0094 0.0053 0.0043 0.0027 0.0069 0.0038 0.0025 0.0029 0.0025 0.0021 0.0052 0.0045 0.0025 0.0024 0.0015 0.0003 0.0003 
0.0018 0.0025 0.0053 0.0109 0.0037 0.0078 0.0039 0.0042 0.0013 0.0048 0.0039 0.0077 0.0168 0.0060 0.0131 0.0045 0.0060 0.0036 0.0028 0.0085 0.0041 0.0026 0.0033 0.0035 0.0035 0.0032 0.0019 0.0026 0.0026 0.0051 0.0053 0.0035 0.0048 0.0052 0.0016 0.0023 0.0035 0.0038 0.0024 0.0046 0.0065 0.0098 0.0065 0.0015 0.0025 0.0023 0.0036 0.0059 0.0054 0.0059 0.0022 0.0049 0.0049 0.0026 0.0018 0.0032 0.0022 0.0042 0.0040 0.0048 0.0021 0.0018 0.0005 0.0005 
0.0025 0.0062 0.0078 0.0041 0.0120 0.0066 0.0048 0.0062 0.0041 0.0027 0.0027 0.0054 0.0057 0.0078 0.0076 0.0032 0.0052 0.0035 0.0037 0.0050 0.0032 0.0015 0.0036 0.0028 0.0018 0.0034 0.0045 0.0039 0.0039 0.0016 0.0012 0.0029 0.0040 0.0021 0.0023 0.0009 0.0023 0.0028 0.0054 0.0031 0.0019 0.0021 0.0021 0.0020 0.0031 0.0019 0.0017 0.0048 0.0031 0.0027 0.0043 0.0032 0.0024 0.0032 0.0022 0.0042 0.0030 0.0049 0.0042 0.0026 0.0021 0.0010 0.0012 0.0009 
0.0018 0.0025 0.0075 0.0043 0.0097 0.0050 0.0033 0.0048 0.0021 0.0042 0.0060 0.0018 0.0051 0.0084 0.0061 0.0053 0.0021 0.0025 0.0035 0.0031 0.0026 0.0034 0.0019 0.0014 0.0026 0.0028 0.0030 0.0025 0.0017 0.0026 0.0025 0.0022 0.0033 0.0040 0.0027 0.0028 0.0008 0.0023 0.0049 0.0044 0.0052 0.0023 0.0016 0.0025 0.0024 0.0032 0.0030 0.0031 0.0019 0.0037 0.0008 0.0021 0.0017 0.0031 0.0016 0.0030 0.0023 0.0018 0.0032 0.0011 0.0027 0.0018 0.0008 0.0008 
0.0023 0.0019 0.0057 0.0054 0.0055 0.0056 0.0023 0.0048 0.0021 0.0059 0.0050 0.0056 0.0056 0.0074 0.0042 0.0032 0.0007 0.0041 0.0016 0.0025 0.0050 0.0021 0.0022 0.0018 0.0029 0.0054 0.0033 0.0044 0.0024 0.0041 0.0031 0.0033 0.0012 0.0015 0.0035 0.0022 0.0025 0.0041 0.0032 0.0026 0.0020 0.0036 0.0023 0.0053 0.0012 0.0026 0.0036 0.0022 0.0035 0.0013 0.0021 0.0039 0.0043 0.0016 0.0021 0.0021 0.0037 0.0012 0.0031 0.0021 0.0019 0.0012 0.0003 0.0002 
0.0051 0.0049 0.0116 0.0353 0.0349 0.0169 0.0246 0.0268 0.0266 0.0263 0.0491 0.1188 0.1102 0.0931 0.0922 0.0491 0.0272 0.0255 0.0157 0.0208 0.0266 0.0345 0.0313 0.0355 0.0330 0.0297 0.0247 0.0139 0.0101 0.0061 0.0039 0.0029 0.0070 0.0065 0.0084 0.0105 0.0077 0.0081 0.0169 0.0185 0.0129 0.0125 0.0111 0.0094 0.0175 0.0206 0.0180 0.0099 0.0155 0.0204 0.0218 0.0122 0.0150 0.0090 0.0055 0.0056 0.0052 0.0052 0.0077 0.0057 0.0065 0.0027 0.0010 0.0005 
0.0047 0.0101 0.0115 0.0113 0.0045 0.0039 0.0062 0.0088 0.0045 0.0099 0.0132 0.0196 0.0158 0.0114 0.0064 0.0031 0.0090 0.0080 0.0096 0.0092 0.0065 0.0097 0.0078 0.0031 0.0044 0.0094 0.0065 0.0097 0.0028 0.0079 0.0021 0.0057 0.0027 0.0019 0.0033 0.0055 0.0037 0.0046 0.0078 0.0051 0.0055 0.0097 0.0104 0.0082 0.0087 0.0078 0.0091 0.0055 0.0120 0.0064 0.0031 0.0059 0.0042 0.0021 0.0044 0.0055 0.0060 0.0013 0.0076 0.0044 0.0061 0.0032 0.0015 0.0011 
0.0020 0.0044 0.0045 0.0025 0.0057 0.0056 0.0042 0.0044 0.0070 0.0063 0.0066 0.0085 0.0093 0.0074 0.0021 0.0035 0.0071 0.0076 0.0034 0.0020 0.0042 0.0021 0.0036 0.0039 0.0051 0.0027 0.0024 0.0052 0.0024 0.0034 0.0027 0.0036 0.0034 0.0019 0.0022 0.0033 0.0018 0.0023 0.0030 0.0031 0.0051 0.0037 0.0051 0.0018 0.0005 0.0016 0.0028 0.0025 0.0036 0.0037 0.0027 0.0019 0.0011 0.0016 0.0029 0.0036 0.0019 0.0021 0.0025 0.0039 0.0034 0.0027 0.0005 0.0005 
0.0024 0.0067 0.0060 0.0039 0.0063 0.0029 0.0021 0.0054 0.0058 0.0078 0.0028 0.0059 0.0035 0.0081 0.0045 0.0026 0.0042 0.0028 0.0019 0.0015 0.0056 0.0005 0.0031 0.0032 0.0024 0.0030 0.0040 0.0044 0.0016 0.0039 0.0028 0.0020 0.0027 0.0028 0.0029 0.0039 0.0029 0.0028 0.0019 0.0039 0.0046 0.0039 0.0035 0.0013 0.0044 0.0015 0.0038 0.0034 0.0024 0.0029 0.0016 0.0032 0.0036 0.0016 0.0029 0.0032 0.0021 0.0030 0.0027 0.0022 0.0018 0.0013 0.0003 0.0004 
0.0015 0.0030 0.0018 0.0027 0.0009 0.0060 0.0041 0.0050 0.0042 0.0097 0.0048 0.0024 0.0043 0.0040 0.0028 0.0034 0.0015 0.0041 0.0061 0.0014 0.0014 0.0038 0.0035 0.0021 0.0028 0.0021 0.0031 0.0051 0.0041 0.0021 0.0040 0.0027 0.0030 0.0033 0.0026 0.0035 0.0031 0.0013 0.0044 0.0026 0.0036 0.0021 0.0023 0.0009 0.0038 0.0032 0.0069 0.0046 0.0008 0.0024 0.0041 0.0012 0.0031 0.0028 0.0017 0.0015 0.0025 0.0032 0.0018 0.0028 0.0014 0.0012 0.0002 0.0004 
0.0008 0.0035 0.0049 0.0060 0.0048 0.0042 0.0037 0.0064 0.0038 0.0050 0.0037 0.0068 0.0021 0.0056 0.0053 0.0044 0.0036 0.0032 0.0048 0.0027 0.0022 0.0039 0.0013 0.0043 0.0027 0.0027 0.0026 0.0018 0.0040 0.0046 0.0029 0.0031 0.0015 0.0020 0.0037 0.0011 0.0030 0.0014 0.0040 0.0036 0.0027 0.0033 0.0034 0.0016 0.0060 0.0043 0.0053 0.0042 0.0039 0.0042 0.0029 0.0019 0.0043 0.0013 0.0034 0.0029 0.0020 0.0031 0.0013 0.0014 0.0023 0.0011 0.0003 0.0005 
0.0020 0.0054 0.0066 0.0042 0.0026 0.0037 0.0037 0.0056 0.0056 0.0074 0.0077 0.0027 0.0052 0.0042 0.0027 0.0048 0.0038 0.0039 0.0054 0.0020 0.0030 0.0033 0.0012 0.0023 0.0034 0.0035 0.0034 0.0037 0.0018 0.0033 0.0047 0.0018 0.0023 0.0047 0.0016 0.0030 0.0029 0.0040 0.0032 0.0035 0.0016 0.0033 0.0028 0.0045 0.0030 0.0013 0.0033 0.0046 0.0043 0.0026 0.0025 0.0014 0.0036 0.0013 0.0036 0.0012 0.0025 0.0048 0.0027 0.0017 0.0023 0.0016 0.0005 0.0003 
0.0005 0.0028 0.0046 0.0035 0.0025 0.0031 0.0026 0.0042 0.0035 0.0051 0.0030 0.0023 0.0057 0.0062 0.0017 0.0013 0.0036 0.0028 0.0018 0.0027 0.0028 0.0021 0.0033 0.0029 0.0023 0.0036 0.0031 0.0044 0.0016 0.0046 0.0015 0.0025 0.0035 0.0025 0.0005 0.0024 0.0012 0.0025 0.0020 0.0025 0.0023 0.0029 0.0035 0.0028 0.0035 0.0016 0.0019 0.0046 0.0039 0.0024 0.0020 0.0041 0.0018 0.0024 0.0027 0.0038 0.0032 0.0008 0.0017 0.0013 0.0018 0.0011 0.0005 0.0002 
0.0024 0.0065 0.0023 0.0068 0.0046 0.0059 0.0037 0.0080 0.0091 0.0130 0.0084 0.0027 0.0032 0.0026 0.0019 0.0020 0.0048 0.0052 0.0067 0.0024 0.0009 0.0028 0.0057 0.0040 0.0038 0.0053 0.0027 0.0033 0.0027 0.0023 0.0035 0.0032 0.0017 0.0021 0.0046 0.0038 0.0026 0.0060 0.0013 0.0047 0.0053 0.0037 0.0040 0.0068 0.0050 0.0026 0.0027 0.0028 0.0039 0.0035 0.0049 0.0024 0.0008 0.0043 0.0021 0.0046 0.0024 0.0014 0.0020 0.0033 0.0028 0.0013 0.0009 0.0009 
0.0041 0.0056 0.0072 0.0037 0.0055 0.0039 0.0018 0.0070 0.0048 0.0068 0.0022 0.0064 0.0038 0.0092 0.0036 0.0025 0.0033 0.0030 0.0036 0.0011 0.0037 0.0037 0.0026 0.0023 0.0024 0.0031 0.0015 0.0044 0.0033 0.0032 0.0049 0.0019 0.0013 0.0016 0.0014 0.0032 0.0039 0.0021 0.0046 0.0051 0.0027 0.0036 0.0026 0.0035 0.0021 0.0012 0.0026 0.0030 0.0064 0.0018 0.0023 0.0037 0.0036 0.0023 0.0024 0.0049 0.0033 0.0035 0.0026 0.0019 0.0018 0.0017 0.0010 0.0008 
0.0039 0.0062 0.0037 0.0037 0.0027 0.0038 0.0022 0.0019 0.0037 0.0040 0.0050 0.0046 0.0028 0.0051 0.0027 0.0022 0.0035 0.0031 0.0013 0.0037 0.0041 0.0014 0.0022 0.0023 0.0029 0.0039 0.0050 0.0035 0.0023 0.0019 0.0032 0.0011 0.0023 0.0005 0.0025 0.0021 0.0023 0.0034 0.0043 0.0031 0.0011 0.0038 0.0019 0.0035 0.0025 0.0036 0.0057 0.0031 0.0050 0.0046 0.0022 0.0025 0.0012 0.0014 0.0012 0.0024 0.0024 0.0011 0.0009 0.0016 0.0015 0.0003 0.0008 0.0005 
0.0022 0.0014 0.0053 0.0033 0.0041 0.0047 0.0053 0.0045 0.0032 0.0039 0.0035 0.0071 0.0034 0.0035 0.0015 0.0030 0.0037 0.0028 0.0021 0.0022 0.0023 0.0026 0.0040 0.0024 0.0016 0.0056 0.0026 0.0050 0.0017 0.0035 0.0028 0.0046 0.0026 0.0033 0.0028 0.0027 0.0030 0.0011 0.0036 0.0027 0.0025 0.0033 0.0026 0.0056 0.0036 0.0026 0.0043 0.0043 0.0015 0.0032 0.0010 0.0037 0.0022 0.0012 0.0020 0.0047 0.0022 0.0019 0.0013 0.0015 0.0011 0.0005 0.0005 0.0004 
