0.0015 0.0046 0.0020 0.0025 0.0028 0.0051 0.0026 0.0035 0.0034 0.0080 0.0066 0.0029 0.0039 0.0030 0.0039 0.0016 0.0028 0.0025 0.0030 0.0038 0.0038 0.0036 0.0026 0.0016 0.0049 0.0015 0.0033 0.0022 0.0008 0.0017 0.0025 0.0040 0.0026 0.0020 0.0015 0.0042 0.0011 0.0021 0.0021 0.0041 0.0021 0.0046 0.0031 0.0024 0.0021 0.0028 0.0039 0.0015 0.0027 0.0034 0.0035 0.0040 0.0017 0.0033 0.0016 0.0015 0.0026 0.0019 0.0023 0.0028 0.0018 0.0022 0.0025 0.0021 
0.0023 0.0015 0.0039 0.0033 0.0017 0.0041 0.0022 0.0052 0.0027 0.0057 0.0021 0.0026 0.0029 0.0030 0.0031 0.0027 0.0033 0.0036 0.0038 0.0009 0.0024 0.0019 0.0020 0.0019 0.0027 0.0026 0.0026 0.0021 0.0021 0.0026 0.0023 0.0023 0.0024 0.0029 0.0023 0.0027 0.0017 0.0019 0.0019 0.0017 0.0006 0.0029 0.0014 0.0020 0.0024 0.0011 0.0027 0.0031 0.0023 0.0027 0.0010 0.0027 0.0032 0.0031 0.0014 0.0015 0.0017 0.0020 0.0012 0.0019 0.0022 0.0011 0.0002 0.0004 
0.0014 0.0028 0.0020 0.0029 0.0013 0.0043 0.0021 0.0031 0.0029 0.0039 0.0027 0.0033 0.0038 0.0056 0.0034 0.0025 0.0020 0.0039 0.0018 0.0021 0.0018 0.0015 0.0023 0.0017 0.0022 0.0017 0.0013 0.0035 0.0013 0.0025 0.0016 0.0041 0.0021 0.0019 0.0012 0.0024 0.0015 0.0018 0.0021 0.0028 0.0021 0.0017 0.0020 0.0041 0.0017 0.0032 0.0028 0.0027 0.0038 0.0018 0.0028 0.0025 0.0020 0.0013 0.0025 0.0011 0.0021 0.0027 0.0010 0.0014 0.0013 0.0011 0.0004 0.0002 
0.0034 0.0042 0.0033 0.0039 0.0022 0.0027 0.0023 0.0057 0.0015 0.0041 0.0023 0.0021 0.0023 0.0030 0.0024 0.0014 0.0024 0.0014 0.0040 0.0026 0.0012 0.0018 0.0028 0.0026 0.0021 0.0006 0.0007 0.0021 0.0017 0.0016 0.0018 0.0022 0.0042 0.0026 0.0021 0.0016 0.0004 0.0027 0.0026 0.0024 0.0028 0.0018 0.0021 0.0020 0.0017 0.0016 0.0034 0.0015 0.0035 0.0024 0.0020 0.0024 0.0015 0.0018 0.0027 0.0012 0.0012 0.0018 0.0013 0.0025 0.0023 0.0009 0.0004 0.0004 
0.0008 0.0019 0.0040 0.0019 0.0022 0.0031 0.0015 0.0047 0.0021 0.0042 0.0029 0.0049 0.0035 0.0037 0.0026 0.0011 0.0039 0.0031 0.0030 0.0026 0.0023 0.0014 0.0015 0.0034 0.0020 0.0029 0.0011 0.0012 0.0008 0.0017 0.0015 0.0014 0.0023 0.0033 0.0014 0.0027 0.0011 0.0019 0.0014 0.0024 0.0036 0.0031 0.0016 0.0018 0.0026 0.0019 0.0006 0.0033 0.0015 0.0010 0.0034 0.0018 0.0036 0.0015 0.0019 0.0019 0.0013 0.0012 0.0011 0.0016 0.0018 0.0008 0.0003 0.0004 
0.0019 0.0026 0.0020 0.0030 0.0035 0.0050 0.0024 0.0049 0.0023 0.0081 0.0051 0.0033 0.0067 0.0038 0.0033 0.0021 0.0021 0.0022 0.0024 0.0018 0.0035 0.0017 0.0019 0.0013 0.0016 0.0023 0.0029 0.0034 0.0024 0.0012 0.0010 0.0021 0.0021 0.0008 0.0023 0.0015 0.0016 0.0022 0.0013 0.0028 0.0026 0.0009 0.0024 0.0032 0.0027 0.0027 0.0015 0.0031 0.0023 0.0021 0.0020 0.0022 0.0014 0.0025 0.0020 0.0011 0.0021 0.0020 0.0010 0.0019 0.0017 0.0007 0.0006 0.0006 
0.0023 0.0012 0.0029 0.0021 0.0023 0.0024 0.0018 0.0031 0.0009 0.0059 0.0027 0.0021 0.0033 0.0041 0.0032 0.0045 0.0018 0.0028 0.0018 0.0025 0.0017 0.0006 0.0012 0.0012 0.0029 0.0015 0.0023 0.0030 0.0021 0.0012 0.0025 0.0029 0.0020 0.0040 0.0014 0.0012 0.0020 0.0016 0.0034 0.0039 0.0032 0.0022 0.0006 0.0012 0.0015 0.0007 0.0014 0.0025 0.0028 0.0023 0.0018 0.0017 0.0025 0.0014 0.0036 0.0013 0.0010 0.0018 0.0019 0.0015 0.0017 0.0013 0.0005 0.0004 
0.0014 0.0020 0.0012 0.0018 0.0026 0.0025 0.0029 0.0043 0.0021 0.0058 0.0015 0.0030 0.0012 0.0018 0.0021 0.0037 0.0029 0.0022 0.0024 0.0031 0.0017 0.0019 0.0032 0.0017 0.0031 0.0020 0.0018 0.0030 0.0005 0.0044 0.0034 0.0021 0.0020 0.0029 0.0017 0.0023 0.0018 0.0022 0.0012 0.0018 0.0013 0.0021 0.0022 0.0019 0.0022 0.0019 0.0033 0.0031 0.0018 0.0026 0.0019 0.0010 0.0021 0.0011 0.0039 0.0008 0.0013 0.0019 0.0020 0.0012 0.0027 0.0011 0.0003 0.0005 
0.0011 0.0018 0.0027 0.0013 0.0024 0.0045 0.0014 0.0049 0.0022 0.0021 0.0028 0.0027 0.0013 0.0020 0.0038 0.0026 0.0031 0.0016 0.0010 0.0013 0.0027 0.0026 0.0032 0.0024 0.0032 0.0017 0.0016 0.0014 0.0015 0.0032 0.0021 0.0033 0.0009 0.0041 0.0020 0.0012 0.0021 0.0017 0.0036 0.0035 0.0031 0.0018 0.0030 0.0028 0.0025 0.0023 0.0031 0.0019 0.0016 0.0030 0.0018 0.0023 0.0011 0.0020 0.0017 0.0020 0.0011 0.0018 0.0018 0.0008 0.0011 0.0004 0.0005 0.0005 
0.0014 0.0036 0.0035 0.0019 0.0035 0.0028 0.0023 0.0046 0.0018 0.0038 0.0033 0.0031 0.0036 0.0015 0.0020 0.0023 0.0021 0.0016 0.0024 0.0029 0.0024 0.0016 0.0017 0.0040 0.0013 0.0009 0.0025 0.0016 0.0014 0.0016 0.0031 0.0015 0.0004 0.0035 0.0018 0.0027 0.0018 0.0010 0.0025 0.0039 0.0028 0.0035 0.0041 0.0011 0.0008 0.0024 0.0024 0.0042 0.0014 0.0020 0.0021 0.0019 0.0025 0.0016 0.0018 0.0012 0.0028 0.0014 0.0010 0.0023 0.0014 0.0006 0.0007 0.0004 
0.0017 0.0028 0.0032 0.0037 0.0025 0.0059 0.0031 0.0050 0.0009 0.0076 0.0024 0.0029 0.0048 0.0028 0.0044 0.0026 0.0026 0.0035 0.0016 0.0018 0.0007 0.0018 0.0017 0.0019 0.0014 0.0029 0.0019 0.0038 0.0014 0.0018 0.0014 0.0030 0.0016 0.0014 0.0028 0.0033 0.0021 0.0018 0.0031 0.0046 0.0035 0.0022 0.0030 0.0017 0.0021 0.0022 0.0023 0.0015 0.0027 0.0011 0.0009 0.0013 0.0023 0.0021 0.0027 0.0022 0.0012 0.0018 0.0018 0.0022 0.0020 0.0011 0.0005 0.0004 
0.0022 0.0033 0.0035 0.0021 0.0027 0.0046 0.0013 0.0039 0.0013 0.0077 0.0026 0.0039 0.0028 0.0053 0.0038 0.0029 0.0026 0.0025 0.0020 0.0025 0.0018 0.0026 0.0005 0.0014 0.0019 0.0018 0.0021 0.0018 0.0014 0.0006 0.0012 0.0015 0.0013 0.0022 0.0016 0.0031 0.0017 0.0019 0.0018 0.0024 0.0022 0.0019 0.0013 0.0014 0.0023 0.0038 0.0038 0.0020 0.0028 0.0023 0.0024 0.0022 0.0020 0.0016 0.0025 0.0011 0.0022 0.0010 0.0018 0.0015 0.0023 0.0015 0.0006 0.0002 
0.0023 0.0040 0.0010 0.0025 0.0020 0.0015 0.0026 0.0043 0.0039 0.0040 0.0013 0.0025 0.0017 0.0024 0.0023 0.0030 0.0019 0.0023 0.0019 0.0008 0.0019 0.0022 0.0019 0.0012 0.0033 0.0039 0.0012 0.0013 0.0040 0.0019 0.0012 0.0032 0.0023 0.0010 0.0019 0.0027 0.0032 0.0012 0.0027 0.0028 0.0008 0.0023 0.0022 0.0018 0.0026 0.0007 0.0034 0.0021 0.0025 0.0032 0.0021 0.0019 0.0018 0.0010 0.0021 0.0023 0.0022 0.0014 0.0014 0.0017 0.0018 0.0007 0.0005 0.0005 
0.0008 0.0019 0.0030 0.0033 0.0012 0.0033 0.0014 0.0038 0.0010 0.0034 0.0041 0.0025 0.0013 0.0026 0.0027 0.0028 0.0028 0.0016 0.0029 0.0017 0.0024 0.0020 0.0018 0.0022 0.0015 0.0012 0.0012 0.0014 0.0021 0.0016 0.0016 0.0035 0.0025 0.0020 0.0015 0.0028 0.0017 0.0010 0.0027 0.0023 0.0022 0.0023 0.0026 0.0010 0.0021 0.0018 0.0045 0.0027 0.0037 0.0026 0.0021 0.0012 0.0014 0.0021 0.0020 0.0031 0.0013 0.0015 0.0028 0.0023 0.0022 0.0007 0.0003 0.0006 
0.0016 0.0027 0.0027 0.0016 0.0029 0.0038 0.0023 0.0044 0.0014 0.0025 0.0033 0.0023 0.0024 0.0015 0.0025 0.0016 0.0029 0.0023 0.0028 0.0021 0.0017 0.0017 0.0010 0.0013 0.0028 0.0030 0.0018 0.0026 0.0016 0.0029 0.0015 0.0042 0.0011 0.0028 0.0014 0.0018 0.0014 0.0018 0.0007 0.0013 0.0022 0.0005 0.0031 0.0015 0.0021 0.0027 0.0024 0.0029 0.0039 0.0015 0.0024 0.0018 0.0015 0.0012 0.0010 0.0009 0.0026 0.0022 0.0032 0.0021 0.0009 0.0004 0.0007 0.0004 
0.0014 0.0017 0.0013 0.0017 0.0028 0.0040 0.0015 0.0039 0.0029 0.0066 0.0038 0.0007 0.0029 0.0031 0.0034 0.0021 0.0020 0.0034 0.0021 0.0022 0.0013 0.0017 0.0017 0.0017 0.0018 0.0030 0.0016 0.0016 0.0040 0.0019 0.0016 0.0025 0.0017 0.0021 0.0011 0.0022 0.0015 0.0026 0.0016 0.0029 0.0028 0.0018 0.0022 0.0022 0.0018 0.0023 0.0029 0.0021 0.0038 0.0013 0.0021 0.0031 0.0012 0.0015 0.0020 0.0021 0.0019 0.0024 0.0029 0.0016 0.0019 0.0008 0.0006 0.0004 
0.0015 0.0022 0.0033 0.0035 0.0015 0.0037 0.0022 0.0038 0.0021 0.0064 0.0011 0.0025 0.0023 0.0049 0.0019 0.0033 0.0027 0.0022 0.0024 0.0014 0.0017 0.0032 0.0015 0.0016 0.0021 0.0026 0.0009 0.0013 0.0014 0.0023 0.0015 0.0029 0.0025 0.0040 0.0028 0.0016 0.0010 0.0021 0.0019 0.0034 0.0025 0.0024 0.0029 0.0027 0.0023 0.0029 0.0024 0.0026 0.0024 0.0012 0.0022 0.0017 0.0013 0.0011 0.0028 0.0026 0.0018 0.0010 0.0019 0.0016 0.0027 0.0009 0.0003 0.0003 
0.0016 0.0035 0.0020 0.0020 0.0029 0.0026 0.0016 0.0028 0.0039 0.0061 0.0018 0.0032 0.0023 0.0023 0.0023 0.0012 0.0028 0.0006 0.0015 0.0009 0.0018 0.0018 0.0022 0.0016 0.0038 0.0025 0.0017 0.0036 0.0018 0.0014 0.0032 0.0018 0.0028 0.0020 0.0028 0.0029 0.0019 0.0018 0.0024 0.0014 0.0025 0.0032 0.0024 0.0016 0.0024 0.0016 0.0017 0.0022 0.0030 0.0032 0.0018 0.0013 0.0001 0.0017 0.0018 0.0031 0.0012 0.0025 0.0018 0.0010 0.0017 0.0005 0.0006 0.0003 
0.0006 0.0025 0.0035 0.0019 0.0014 0.0045 0.0029 0.0027 0.0021 0.0031 0.0019 0.0034 0.0020 0.0016 0.0025 0.0023 0.0037 0.0014 0.0015 0.0019 0.0020 0.0026 0.0019 0.0037 0.0040 0.0027 0.0013 0.0026 0.0018 0.0014 0.0024 0.0030 0.0033 0.0017 0.0025 0.0018 0.0034 0.0021 0.0017 0.0024 0.0026 0.0017 0.0018 0.0024 0.0013 0.0017 0.0011 0.0016 0.0019 0.0011 0.0022 0.0011 0.0022 0.0019 0.0019 0.0008 0.0031 0.0013 0.0015 0.0020 0.0014 0.0005 0.0003 0.0002 
0.0011 0.0016 0.0035 0.0031 0.0015 0.0025 0.0029 0.0036 0.0021 0.0053 0.0021 0.0041 0.0007 0.0025 0.0012 0.0027 0.0028 0.0027 0.0011 0.0026 0.0019 0.0016 0.0012 0.0044 0.0015 0.0018 0.0021 0.0034 0.0011 0.0018 0.0015 0.0011 0.0022 0.0024 0.0014 0.0012 0.0009 0.0017 0.0010 0.0016 0.0021 0.0029 0.0017 0.0028 0.0021 0.0023 0.0020 0.0025 0.0036 0.0029 0.0024 0.0017 0.0041 0.0023 0.0024 0.0015 0.0032 0.0008 0.0029 0.0024 0.0019 0.0010 0.0005 0.0005 
0.0027 0.0025 0.0046 0.0019 0.0018 0.0038 0.0042 0.0039 0.0026 0.0083 0.0016 0.0048 0.0029 0.0038 0.0046 0.0033 0.0029 0.0030 0.0015 0.0020 0.0018 0.0018 0.0015 0.0022 0.0025 0.0013 0.0021 0.0018 0.0006 0.0017 0.0022 0.0029 0.0022 0.0023 0.0007 0.0009 0.0023 0.0014 0.0023 0.0027 0.0036 0.0027 0.0023 0.0019 0.0018 0.0014 0.0020 0.0017 0.0031 0.0022 0.0018 0.0014 0.0013 0.0012 0.0025 0.0015 0.0022 0.0015 0.0018 0.0023 0.0016 0.0007 0.0003 0.0003 
0.0026 0.0022 0.0049 0.0022 0.0026 0.0046 0.0016 0.0067 0.0058 0.0039 0.0138 0.0121 0.0143 0.0124 0.0106 0.0112 0.0076 0.0134 0.0080 0.0115 0.0087 0.0054 0.0129 0.0063 0.0074 0.0107 0.0080 0.0049 0.0032 0.0044 0.0062 0.0031 0.0058 0.0066 0.0077 0.0054 0.0094 0.0051 0.0076 0.0051 0.0066 0.0055 0.0056 0.0078 0.0058 0.0072 0.0072 0.0094 0.0024 0.0041 0.0061 0.0053 0.0033 0.0029 0.0035 0.0016 0.0035 0.0027 0.0053 0.0024 0.0021 0.0009 0.0004 0.0003 
0.0029 0.0018 0.0044 0.0020 0.0023 0.0038 0.0026 0.0029 0.0014 0.0091 0.0033 0.0027 0.0029 0.0034 0.0011 0.0031 0.0036 0.0033 0.0043 0.0023 0.0024 0.0023 0.0016 0.0029 0.0019 0.0032 0.0026 0.0025 0.0018 0.0023 0.0030 0.0004 0.0025 0.0042 0.0007 0.0015 0.0017 0.0010 0.0018 0.0019 0.0014 0.0020 0.0030 0.0021 0.0029 0.0027 0.0024 0.0033 0.0029 0.0019 0.0027 0.0025 0.0019 0.0026 0.0019 0.0019 0.0014 0.0011 0.0007 0.0022 0.0016 0.0007 0.0002 0.0008 
0.0157 0.0366 0.0362 0.0251 0.0173 0.0130 0.0049 0.0054 0.0050 0.0055 0.0034 0.0034 0.0056 0.0047 0.0048 0.0024 0.0020 0.0037 0.0020 0.0038 0.0038 0.0055 0.0037 0.0023 0.0040 0.0039 0.0035 0.0049 0.0018 0.0039 0.0027 0.0029 0.0021 0.0018 0.0010 0.0018 0.0037 0.0039 0.0029 0.0023 0.0020 0.0029 0.0038 0.0025 0.0040 0.0026 0.0019 0.0031 0.0030 0.0021 0.0016 0.0019 0.0018 0.0031 0.0011 0.0021 0.0032 0.0011 0.0024 0.0034 0.0031 0.0009 0.0009 0.0011 
0.0093 0.0772 0.1117 0.0598 0.0217 0.0181 0.0119 0.0096 0.0119 0.0063 0.0166 0.0037 0.0136 0.0143 0.0068 0.0028 0.0045 0.0062 0.0130 0.0102 0.0041 0.0034 0.0030 0.0059 0.0039 0.0029 0.0051 0.0041 0.0011 0.0049 0.0036 0.0041 0.0019 0.0063 0.0016 0.0028 0.0035 0.0008 0.0057 0.0045 0.0028 0.0052 0.0046 0.0047 0.0030 0.0037 0.0034 0.0036 0.0050 0.0017 0.0034 0.0036 0.0025 0.0027 0.0025 0.0019 0.0043 0.0030 0.0042 0.0033 0.0044 0.0016 0.0012 0.0013 
0.0113 0.0793 0.1206 0.0604 0.0276 0.0161 0.0072 0.0120 0.0082 0.0109 0.0094 0.0101 0.0215 0.0269 0.0183 0.0116 0.0095 0.0077 0.0170 0.0185 0.0079 0.0076 0.0042 0.0046 0.0049 0.0073 0.0068 0.0056 0.0090 0.0047 0.0080 0.0040 0.0067 0.0070 0.0080 0.0036 0.0093 0.0071 0.0078 0.0064 0.0184 0.0145 0.0125 0.0115 0.0094 0.0090 0.0096 0.0053 0.0027 0.0058 0.0062 0.0051 0.0048 0.0051 0.0043 0.0023 0.0049 0.0033 0.0043 0.0029 0.0014 0.0015 0.0010 0.0004 
0.0422 0.0923 0.0809 0.0785 0.0539 0.0046 0.0229 0.0157 0.0170 0.0135 0.0314 0.0617 0.0977 0.1626 0.0467 0.0166 0.0057 0.0056 0.0149 0.0239 0.0202 0.0163 0.0144 0.0067 0.0091 0.0138 0.0067 0.0037 0.0052 0.0154 0.0175 0.0178 0.0058 0.0147 0.0052 0.0063 0.0036 0.0075 0.0047 0.0136 0.0340 0.0411 0.0116 0.0024 0.0040 0.0052 0.0077 0.0081 0.0057 0.0075 0.0073 0.0057 0.0050 0.0025 0.0041 0.0034 0.0036 0.0053 0.0023 0.0052 0.0031 0.0044 0.0013 0.0008 
0.0763 0.1277 0.2615 0.4924 0.1378 0.0439 0.1202 0.0977 0.0332 0.0979 0.1572 0.1289 0.2365 0.5649 0.5708 0.1256 0.2206 0.2053 0.1949 0.3053 0.1973 0.2386 0.1852 0.2222 0.3419 0.2640 0.1255 0.1700 0.0961 0.0877 0.1598 0.0952 0.2426 0.0778 0.1002 0.0688 0.0689 0.0925 0.1308 0.1408 0.1036 0.0805 0.0537 0.0546 0.0686 0.0921 0.1017 0.0731 0.0631 0.0517 0.0457 0.0771 0.0619 0.0511 0.0577 0.0954 0.0702 0.0309 0.0722 0.0267 0.0321 0.0553 0.0252 0.0224 
0.0193 0.0772 0.1810 0.5978 0.2881 0.0681 0.2006 0.1235 0.2470 0.1448 0.1995 0.1582 0.3675 1.0887 0.4233 0.6167 0.2395 0.1619 0.2021 0.3065 0.4821 0.4468 0.4624 0.3743 0.2278 0.1570 0.1326 0.0878 0.1070 0.1771 0.1937 0.2595 0.3231 0.1435 0.2074 0.1793 0.1473 0.2868 0.1669 0.2010 0.0987 0.1381 0.1458 0.1140 0.1287 0.0675 0.1085 0.0928 0.1554 0.1579 0.1091 0.0857 0.0492 0.0357 0.1182 0.1203 0.0500 0.0699 0.0495 0.0709 0.0501 0.0206 0.0266 0.0189 
0.0101 0.0756 0.2044 0.5126 0.2249 0.0962 0.1491 0.1564 0.1766 0.1934 0.1735 0.2075 0.2384 0.6011 1.3466 0.5740 0.2829 0.0456 0.2601 0.2100 0.4468 0.3822 0.5558 0.3812 0.3823 0.1148 0.2166 0.1342 0.1578 0.1441 0.3120 0.3885 0.2281 0.1453 0.2144 0.2955 0.1905 0.3321 0.2674 0.1154 0.1024 0.0760 0.1187 0.0811 0.0880 0.0698 0.1220 0.1000 0.2111 0.1432 0.1409 0.0294 0.1006 0.2084 0.0842 0.1578 0.0257 0.0875 0.0621 0.0665 0.0486 0.0415 0.0064 0.0021 
0.0211 0.0729 0.1837 0.4882 0.1809 0.1753 0.0503 0.2671 0.3092 0.2557 0.1828 0.2410 0.4071 1.0515 1.2023 0.6285 0.2115 0.0655 0.2650 0.2467 0.3476 0.4405 0.4528 0.3602 0.4328 0.2775 0.2567 0.1228 0.2909 0.2245 0.2722 0.2909 0.4217 0.1555 0.3080 0.2405 0.3275 0.2793 0.1910 0.2342 0.2147 0.0792 0.1117 0.0692 0.0793 0.1100 0.0521 0.0850 0.2627 0.2068 0.0964 0.0912 0.0752 0.1816 0.0987 0.1637 0.1465 0.1089 0.1085 0.0468 0.0877 0.0397 0.0274 0.0248 
0.0912 0.0935 0.2648 0.5389 0.2215 0.0714 0.1337 0.0882 0.1515 0.0523 0.0914 0.2184 0.2522 1.1690 1.6072 0.3491 0.2903 0.3131 0.0607 0.3736 0.3206 0.6678 0.4959 0.7968 0.6336 0.2727 0.3387 0.2194 0.3225 0.2342 0.2733 0.3648 0.5024 0.2571 0.1670 0.2796 0.2238 0.3538 0.1729 0.2571 0.1681 0.1369 0.1492 0.1671 0.1685 0.2247 0.2035 0.1419 0.0865 0.1703 0.1710 0.0803 0.0623 0.0779 0.0996 0.0464 0.1992 0.1290 0.1223 0.1107 0.0653 0.0451 0.0130 0.0089 
0.1079 0.1467 0.2154 0.4844 0.1894 0.0780 0.1334 0.1428 0.0890 0.1701 0.0976 0.3056 0.7195 1.0522 1.8615 0.1750 0.4275 0.2623 0.4006 0.3048 0.4656 0.4423 0.4135 0.4673 0.3270 0.3250 0.1801 0.2090 0.1884 0.2513 0.4565 0.4693 0.3262 0.1589 0.1168 0.1454 0.1796 0.2144 0.2148 0.1237 0.0430 0.1688 0.1578 0.0924 0.0884 0.0743 0.1240 0.1128 0.1265 0.2337 0.2134 0.1902 0.1762 0.1523 0.1236 0.1103 0.0912 0.0670 0.0696 0.0446 0.0619 0.0278 0.0241 0.0205 
0.0677 0.0778 0.1576 0.2961 0.1667 0.0620 0.1076 0.0887 0.1280 0.0866 0.2060 0.1971 0.7084 1.4117 0.6888 0.3939 0.3869 0.3440 0.2722 0.2557 0.1727 0.1400 0.2402 0.2546 0.2235 0.1496 0.1105 0.1147 0.1662 0.2504 0.2783 0.2283 0.1723 0.1645 0.1321 0.0875 0.0677 0.0992 0.0884 0.0769 0.0833 0.0926 0.0927 0.0772 0.0919 0.0675 0.0650 0.0795 0.1008 0.0993 0.0815 0.0728 0.0680 0.0631 0.0669 0.0533 0.0581 0.0515 0.0335 0.0173 0.0283 0.0251 0.0105 0.0110 
0.0581 0.1022 0.1801 0.2518 0.1466 0.0676 0.0619 0.0356 0.0943 0.0898 0.1664 0.1773 0.3482 1.1040 0.8177 0.5307 0.2714 0.3326 0.2068 0.2267 0.2649 0.1634 0.1770 0.2162 0.2956 0.2162 0.1339 0.1431 0.1233 0.1176 0.2129 0.2589 0.2074 0.1385 0.1240 0.1083 0.0728 0.0691 0.0962 0.1139 0.0771 0.0380 0.0517 0.0394 0.0683 0.0886 0.0426 0.0275 0.0481 0.0740 0.0926 0.1176 0.1147 0.0979 0.1181 0.0954 0.0614 0.0322 0.0080 0.0215 0.0144 0.0141 0.0028 0.0038 
0.0030 0.0708 0.1445 0.3683 0.2916 0.0573 0.0264 0.0924 0.0887 0.0599 0.1112 0.1120 0.3405 0.6653 1.3560 0.7029 0.2052 0.2861 0.4652 0.2889 0.2469 0.3845 0.2908 0.2367 0.5061 0.4337 0.1910 0.2900 0.2677 0.2195 0.2645 0.3154 0.2890 0.1682 0.0793 0.1365 0.1202 0.0884 0.1353 0.1243 0.1478 0.1407 0.0386 0.0417 0.1094 0.0713 0.0830 0.0807 0.0693 0.0450 0.0555 0.0607 0.0797 0.1069 0.0729 0.1148 0.1048 0.1109 0.1330 0.1216 0.0599 0.0318 0.0041 0.0043 
0.0149 0.0590 0.2460 0.3652 0.4892 0.2233 0.1910 0.1141 0.1422 0.0721 0.0826 0.0866 0.1597 0.4005 1.1283 0.4244 0.2569 0.2668 0.2327 0.2172 0.2619 0.4907 0.4734 0.2800 0.2758 0.3032 0.2735 0.2248 0.1681 0.2403 0.1999 0.1250 0.1409 0.1516 0.1761 0.1608 0.0883 0.0915 0.0565 0.0605 0.1447 0.1343 0.0573 0.1137 0.1232 0.0957 0.0695 0.0388 0.0899 0.0755 0.0890 0.0708 0.0802 0.0861 0.0514 0.0504 0.0443 0.0328 0.0514 0.0439 0.0305 0.0207 0.0279 0.0255 
0.1018 0.1106 0.1368 0.4376 0.5060 0.1117 0.0800 0.0876 0.0719 0.1132 0.0666 0.0925 0.1689 0.2975 1.0037 0.4202 0.1709 0.1313 0.1301 0.1347 0.1356 0.2255 0.3655 0.3398 0.3042 0.1509 0.1163 0.1133 0.1026 0.0743 0.0552 0.0572 0.1477 0.1912 0.1341 0.0620 0.0565 0.0825 0.0595 0.1020 0.0723 0.0744 0.1120 0.1562 0.1220 0.0971 0.1208 0.0918 0.0750 0.0431 0.0671 0.0507 0.0843 0.0809 0.0685 0.0392 0.0333 0.0553 0.0750 0.0752 0.0315 0.0240 0.0275 0.0291 
0.0906 0.1144 0.1027 0.1470 0.5593 0.0884 0.0605 0.0754 0.0585 0.0741 0.1000 0.1191 0.1672 1.0297 0.9319 0.3199 0.1953 0.1094 0.2005 0.1865 0.1789 0.2151 0.4462 0.2763 0.1804 0.1162 0.1243 0.0845 0.0539 0.0341 0.1052 0.2288 0.1635 0.1402 0.0932 0.1135 0.0947 0.1005 0.1005 0.1421 0.0783 0.0670 0.1094 0.1209 0.0663 0.0354 0.0217 0.0233 0.0255 0.0258 0.0334 0.0647 0.0438 0.0308 0.0293 0.0300 0.0572 0.0358 0.0264 0.0206 0.0231 0.0167 0.0031 0.0037 
0.0647 0.0508 0.1005 0.1859 0.3273 0.2183 0.0966 0.1273 0.0437 0.0323 0.0393 0.1586 0.3075 0.6100 0.4248 0.0484 0.0635 0.0363 0.0824 0.0708 0.0417 0.0776 0.0776 0.0730 0.0924 0.0435 0.0333 0.0173 0.0422 0.0504 0.0777 0.0698 0.0549 0.0502 0.0357 0.0334 0.0358 0.0227 0.0186 0.0152 0.0146 0.0086 0.0042 0.0150 0.0162 0.0178 0.0285 0.0228 0.0085 0.0131 0.0111 0.0136 0.0169 0.0195 0.0249 0.0246 0.0146 0.0292 0.0312 0.0195 0.0186 0.0076 0.0040 0.0043 
0.0389 0.0683 0.0274 0.1156 0.4785 0.0716 0.0813 0.1125 0.0398 0.0448 0.0429 0.0526 0.1125 0.1724 0.0506 0.0501 0.0087 0.0359 0.0094 0.0397 0.0151 0.0103 0.0132 0.0110 0.0138 0.0102 0.0162 0.0201 0.0191 0.0262 0.0197 0.0197 0.0073 0.0126 0.0188 0.0115 0.0098 0.0120 0.0210 0.0055 0.0212 0.0347 0.0154 0.0115 0.0092 0.0201 0.0094 0.0152 0.0182 0.0049 0.0033 0.0067 0.0043 0.0043 0.0052 0.0027 0.0064 0.0059 0.0064 0.0029 0.0027 0.0060 0.0048 0.0037 
0.0180 0.0161 0.0302 0.0528 0.0846 0.0655 0.0325 0.0304 0.0202 0.0241 0.0166 0.0216 0.0761 0.0457 0.0430 0.0254 0.0137 0.0206 0.0090 0.0070 0.0096 0.0100 0.0079 0.0102 0.0095 0.0099 0.0104 0.0063 0.0075 0.0093 0.0102 0.0088 0.0096 0.0066 0.0107 0.0059 0.0086 0.0072 0.0097 0.0147 0.0053 0.0090 0.0067 0.0036 0.0032 0.0049 0.0056 0.0033 0.0014 0.0024 0.0016 0.0038 0.0035 0.0023 0.0036 0.0032 0.0058 0.0024 0.0026 0.0037 0.0014 0.0022 0.0019 0.0022 
0.0266 0.0227 0.0525 0.0689 0.0572 0.0372 0.0121 0.0113 0.0084 0.0088 0.0303 0.0700 0.1493 0.1050 0.0400 0.0165 0.0118 0.0095 0.0053 0.0210 0.0098 0.0078 0.0057 0.0069 0.0033 0.0023 0.0058 0.0034 0.0052 0.0026 0.0025 0.0063 0.0054 0.0076 0.0082 0.0086 0.0037 0.0080 0.0117 0.0097 0.0129 0.0178 0.0103 0.0085 0.0033 0.0036 0.0048 0.0069 0.0073 0.0063 0.0016 0.0041 0.0051 0.0047 0.0035 0.0053 0.0046 0.0029 0.0061 0.0016 0.0022 0.0013 0.0012 0.0011 
0.0102 0.0257 0.0136 0.0207 0.0201 0.0100 0.0074 0.0128 0.0076 0.0036 0.0196 0.0572 0.0581 0.0480 0.0490 0.0457 0.0399 0.0317 0.0270 0.0285 0.0216 0.0232 0.0221 0.0183 0.0147 0.0119 0.0095 0.0077 0.0046 0.0026 0.0061 0.0073 0.0035 0.0064 0.0052 0.0012 0.0084 0.0077 0.0017 0.0029 0.0037 0.0071 0.0065 0.0079 0.0111 0.0053 0.0067 0.0036 0.0066 0.0088 0.0034 0.0089 0.0071 0.0069 0.0115 0.0105 0.0106 0.0115 0.0103 0.0087 0.0054 0.0027 0.0008 0.0008 
0.0008 0.0030 0.0049 0.0129 0.0226 0.0055 0.0038 0.0038 0.0033 0.0037 0.0060 0.0074 0.0045 0.0123 0.0106 0.0068 0.0052 0.0062 0.0030 0.0023 0.0040 0.0031 0.0016 0.0024 0.0005 0.0052 0.0037 0.0031 0.0013 0.0034 0.0023 0.0011 0.0020 0.0036 0.0014 0.0022 0.0032 0.0022 0.0018 0.0023 0.0016 0.0016 0.0027 0.0013 0.0030 0.0038 0.0033 0.0027 0.0026 0.0017 0.0027 0.0013 0.0021 0.0011 0.0028 0.0013 0.0026 0.0036 0.0011 0.0017 0.0007 0.0016 0.0005 0.0004 
0.0039 0.0069 0.0034 0.0169 0.0115 0.0094 0.0050 0.0026 0.0021 0.0062 0.0065 0.0047 0.0013 0.0050 0.0067 0.0029 0.0035 0.0038 0.0032 0.0022 0.0030 0.0030 0.0017 0.0014 0.0044 0.0030 0.0022 0.0035 0.0026 0.0026 0.0037 0.0045 0.0036 0.0024 0.0020 0.0019 0.0015 0.0016 0.0027 0.0024 0.0025 0.0025 0.0020 0.0028 0.0033 0.0031 0.0024 0.0032 0.0025 0.0028 0.0014 0.0014 0.0032 0.0036 0.0012 0.0021 0.0013 0.0020 0.0014 0.0019 0.0018 0.0014 0.0012 0.0011 
0.0040 0.0036 0.0023 0.0057 0.0133 0.0036 0.0031 0.0034 0.0037 0.0080 0.0014 0.0031 0.0053 0.0042 0.0075 0.0044 0.0022 0.0020 0.0020 0.0029 0.0023 0.0037 0.0033 0.0016 0.0030 0.0010 0.0025 0.0020 0.0016 0.0017 0.0029 0.0039 0.0026 0.0018 0.0027 0.0010 0.0022 0.0017 0.0037 0.0015 0.0016 0.0034 0.0029 0.0012 0.0019 0.0020 0.0027 0.0025 0.0022 0.0017 0.0030 0.0041 0.0026 0.0019 0.0012 0.0023 0.0023 0.0013 0.0008 0.0042 0.0013 0.0012 0.0001 0.0005 
0.0023 0.0023 0.0033 0.0051 0.0069 0.0050 0.0025 0.0063 0.0037 0.0091 0.0045 0.0039 0.0023 0.0042 0.0085 0.0071 0.0043 0.0037 0.0044 0.0040 0.0028 0.0023 0.0012 0.0020 0.0014 0.0022 0.0029 0.0030 0.0025 0.0017 0.0033 0.0015 0.0012 0.0023 0.0028 0.0020 0.0011 0.0024 0.0031 0.0026 0.0023 0.0017 0.0035 0.0018 0.0005 0.0034 0.0052 0.0020 0.0017 0.0016 0.0008 0.0014 0.0019 0.0006 0.0032 0.0032 0.0008 0.0008 0.0013 0.0025 0.0005 0.0013 0.0004 0.0007 
0.0069 0.0058 0.0068 0.0056 0.0103 0.0106 0.0082 0.0057 0.0055 0.0109 0.0060 0.0079 0.0066 0.0075 0.0085 0.0045 0.0044 0.0060 0.0049 0.0065 0.0062 0.0054 0.0059 0.0053 0.0074 0.0061 0.0044 0.0036 0.0024 0.0083 0.0059 0.0061 0.0035 0.0046 0.0047 0.0039 0.0034 0.0056 0.0041 0.0062 0.0049 0.0026 0.0048 0.0049 0.0051 0.0065 0.0046 0.0025 0.0055 0.0049 0.0020 0.0045 0.0049 0.0041 0.0045 0.0046 0.0055 0.0052 0.0047 0.0062 0.0047 0.0034 0.0034 0.0035 
0.0047 0.0098 0.0072 0.0143 0.0086 0.0047 0.0079 0.0160 0.0138 0.0202 0.0198 0.0273 0.0401 0.0360 0.0225 0.0122 0.0069 0.0037 0.0126 0.0081 0.0066 0.0090 0.0098 0.0092 0.0100 0.0110 0.0079 0.0070 0.0077 0.0064 0.0036 0.0056 0.0026 0.0021 0.0041 0.0046 0.0067 0.0017 0.0053 0.0056 0.0042 0.0056 0.0051 0.0046 0.0095 0.0079 0.0113 0.0045 0.0086 0.0075 0.0047 0.0076 0.0084 0.0060 0.0056 0.0059 0.0036 0.0040 0.0026 0.0041 0.0051 0.0031 0.0031 0.0032 
0.0010 0.0039 0.0056 0.0048 0.0086 0.0051 0.0036 0.0047 0.0024 0.0106 0.0056 0.0101 0.0043 0.0080 0.0042 0.0033 0.0052 0.0013 0.0020 0.0041 0.0024 0.0038 0.0019 0.0035 0.0051 0.0027 0.0028 0.0030 0.0008 0.0013 0.0029 0.0026 0.0013 0.0024 0.0021 0.0026 0.0020 0.0015 0.0019 0.0024 0.0031 0.0023 0.0015 0.0033 0.0020 0.0012 0.0017 0.0016 0.0027 0.0020 0.0025 0.0014 0.0019 0.0012 0.0016 0.0012 0.0021 0.0027 0.0018 0.0011 0.0010 0.0002 0.0004 0.0004 
0.0003 0.0018 0.0034 0.0039 0.0024 0.0035 0.0023 0.0039 0.0038 0.0064 0.0049 0.0069 0.0023 0.0021 0.0033 0.0017 0.0022 0.0025 0.0024 0.0029 0.0027 0.0015 0.0012 0.0016 0.0021 0.0035 0.0016 0.0013 0.0031 0.0014 0.0035 0.0023 0.0047 0.0029 0.0008 0.0017 0.0014 0.0023 0.0032 0.0014 0.0035 0.0029 0.0041 0.0006 0.0012 0.0026 0.0026 0.0016 0.0026 0.0011 0.0021 0.0026 0.0014 0.0014 0.0016 0.0014 0.0015 0.0020 0.0023 0.0012 0.0012 0.0013 0.0007 0.0005 
0.0018 0.0023 0.0051 0.0020 0.0044 0.0026 0.0026 0.0028 0.0024 0.0075 0.0033 0.0025 0.0015 0.0032 0.0030 0.0029 0.0018 0.0024 0.0025 0.0013 0.0018 0.0014 0.0008 0.0009 0.0035 0.0029 0.0022 0.0032 0.0016 0.0011 0.0027 0.0026 0.0023 0.0021 0.0024 0.0030 0.0021 0.0012 0.0029 0.0026 0.0030 0.0030 0.0030 0.0025 0.0028 0.0025 0.0016 0.0032 0.0024 0.0023 0.0016 0.0031 0.0013 0.0023 0.0020 0.0034 0.0025 0.0027 0.0025 0.0018 0.0014 0.0003 0.0004 0.0002 
0.0019 0.0008 0.0053 0.0030 0.0027 0.0025 0.0018 0.0028 0.0021 0.0053 0.0024 0.0032 0.0020 0.0016 0.0041 0.0025 0.0025 0.0011 0.0009 0.0028 0.0022 0.0018 0.0006 0.0011 0.0012 0.0009 0.0026 0.0019 0.0009 0.0016 0.0026 0.0022 0.0016 0.0021 0.0007 0.0011 0.0014 0.0018 0.0011 0.0019 0.0023 0.0031 0.0034 0.0024 0.0019 0.0020 0.0031 0.0012 0.0032 0.0026 0.0017 0.0028 0.0017 0.0023 0.0014 0.0022 0.0009 0.0021 0.0023 0.0020 0.0014 0.0012 0.0005 0.0005 
0.0011 0.0016 0.0037 0.0035 0.0024 0.0032 0.0014 0.0023 0.0023 0.0034 0.0010 0.0036 0.0027 0.0035 0.0023 0.0007 0.0037 0.0012 0.0022 0.0026 0.0019 0.0010 0.0013 0.0016 0.0007 0.0022 0.0008 0.0029 0.0011 0.0017 0.0020 0.0033 0.0013 0.0020 0.0009 0.0042 0.0020 0.0014 0.0006 0.0026 0.0027 0.0026 0.0025 0.0040 0.0037 0.0015 0.0015 0.0028 0.0021 0.0028 0.0021 0.0022 0.0025 0.0018 0.0005 0.0021 0.0015 0.0014 0.0017 0.0011 0.0019 0.0009 0.0004 0.0005 
0.0009 0.0033 0.0020 0.0041 0.0014 0.0032 0.0029 0.0041 0.0014 0.0047 0.0022 0.0023 0.0024 0.0011 0.0031 0.0021 0.0025 0.0029 0.0013 0.0009 0.0015 0.0013 0.0018 0.0016 0.0015 0.0019 0.0022 0.0011 0.0026 0.0030 0.0016 0.0020 0.0008 0.0012 0.0017 0.0019 0.0017 0.0021 0.0023 0.0008 0.0016 0.0016 0.0013 0.0017 0.0023 0.0011 0.0022 0.0024 0.0035 0.0020 0.0024 0.0027 0.0020 0.0009 0.0023 0.0022 0.0021 0.0019 0.0022 0.0025 0.0020 0.0008 0.0006 0.0004 
0.0011 0.0019 0.0038 0.0031 0.0013 0.0055 0.0032 0.0032 0.0023 0.0075 0.0019 0.0014 0.0015 0.0028 0.0036 0.0033 0.0023 0.0034 0.0016 0.0022 0.0023 0.0028 0.0024 0.0045 0.0018 0.0022 0.0018 0.0015 0.0025 0.0019 0.0020 0.0021 0.0020 0.0034 0.0006 0.0024 0.0019 0.0013 0.0024 0.0030 0.0010 0.0024 0.0019 0.0018 0.0010 0.0020 0.0024 0.0017 0.0042 0.0020 0.0020 0.0018 0.0012 0.0015 0.0015 0.0010 0.0018 0.0029 0.0015 0.0008 0.0016 0.0008 0.0007 0.0006 
0.0021 0.0030 0.0030 0.0016 0.0023 0.0040 0.0010 0.0033 0.0030 0.0089 0.0022 0.0036 0.0045 0.0028 0.0030 0.0046 0.0024 0.0016 0.0010 0.0019 0.0013 0.0020 0.0023 0.0016 0.0017 0.0024 0.0015 0.0023 0.0023 0.0013 0.0007 0.0019 0.0027 0.0034 0.0018 0.0014 0.0022 0.0014 0.0021 0.0038 0.0031 0.0023 0.0023 0.0020 0.0015 0.0018 0.0025 0.0027 0.0044 0.0025 0.0022 0.0019 0.0012 0.0011 0.0017 0.0027 0.0027 0.0025 0.0012 0.0012 0.0015 0.0009 0.0006 0.0004 
0.0021 0.0005 0.0013 0.0020 0.0015 0.0026 0.0029 0.0032 0.0020 0.0049 0.0060 0.0057 0.0044 0.0027 0.0031 0.0020 0.0022 0.0028 0.0020 0.0020 0.0023 0.0014 0.0022 0.0004 0.0031 0.0015 0.0012 0.0012 0.0026 0.0037 0.0030 0.0021 0.0024 0.0018 0.0019 0.0014 0.0013 0.0013 0.0018 0.0029 0.0019 0.0033 0.0020 0.0018 0.0024 0.0025 0.0031 0.0029 0.0017 0.0024 0.0012 0.0025 0.0017 0.0023 0.0019 0.0014 0.0024 0.0025 0.0012 0.0012 0.0015 0.0006 0.0002 0.0003 
0.0007 0.0022 0.0046 0.0045 0.0016 0.0040 0.0024 0.0054 0.0017 0.0035 0.0036 0.0017 0.0019 0.0026 0.0009 0.0032 0.0019 0.0021 0.0018 0.0030 0.0022 0.0016 0.0015 0.0025 0.0020 0.0032 0.0018 0.0016 0.0012 0.0028 0.0011 0.0021 0.0020 0.0016 0.0015 0.0021 0.0013 0.0010 0.0021 0.0017 0.0016 0.0019 0.0011 0.0024 0.0039 0.0022 0.0041 0.0020 0.0037 0.0029 0.0014 0.0010 0.0013 0.0016 0.0014 0.0010 0.0036 0.0013 0.0012 0.0012 0.0026 0.0011 0.0003 0.0005 
0.0031 0.0072 0.0056 0.0041 0.0016 0.0036 0.0032 0.0056 0.0046 0.0031 0.0037 0.0018 0.0031 0.0031 0.0031 0.0021 0.0018 0.0015 0.0014 0.0020 0.0026 0.0018 0.0028 0.0023 0.0077 0.0031 0.0029 0.0020 0.0012 0.0021 0.0048 0.0027 0.0020 0.0033 0.0025 0.0037 0.0015 0.0021 0.0006 0.0032 0.0018 0.0035 0.0024 0.0027 0.0028 0.0038 0.0020 0.0022 0.0025 0.0016 0.0031 0.0022 0.0019 0.0010 0.0013 0.0037 0.0019 0.0027 0.0014 0.0013 0.0013 0.0014 0.0005 0.0002 
0.0047 0.0021 0.0025 0.0021 0.0041 0.0037 0.0025 0.0055 0.0035 0.0060 0.0040 0.0053 0.0028 0.0047 0.0029 0.0027 0.0024 0.0042 0.0008 0.0018 0.0019 0.0017 0.0009 0.0023 0.0031 0.0036 0.0010 0.0020 0.0043 0.0027 0.0017 0.0021 0.0018 0.0015 0.0017 0.0036 0.0024 0.0019 0.0021 0.0033 0.0028 0.0014 0.0031 0.0026 0.0037 0.0013 0.0040 0.0023 0.0023 0.0007 0.0018 0.0022 0.0029 0.0019 0.0018 0.0028 0.0005 0.0020 0.0014 0.0019 0.0017 0.0013 0.0005 0.0003 
0.0023 0.0010 0.0036 0.0021 0.0009 0.0046 0.0020 0.0046 0.0040 0.0058 0.0038 0.0024 0.0016 0.0025 0.0029 0.0050 0.0033 0.0025 0.0023 0.0024 0.0015 0.0031 0.0016 0.0020 0.0023 0.0026 0.0015 0.0028 0.0007 0.0015 0.0027 0.0017 0.0021 0.0038 0.0025 0.0043 0.0007 0.0036 0.0019 0.0027 0.0020 0.0026 0.0025 0.0008 0.0025 0.0022 0.0040 0.0012 0.0028 0.0015 0.0013 0.0017 0.0026 0.0021 0.0031 0.0009 0.0012 0.0034 0.0025 0.0009 0.0007 0.0004 0.0004 0.0005 
0.0009 0.0016 0.0042 0.0028 0.0031 0.0037 0.0028 0.0043 0.0028 0.0060 0.0026 0.0033 0.0047 0.0040 0.0043 0.0018 0.0036 0.0027 0.0028 0.0019 0.0019 0.0017 0.0015 0.0028 0.0015 0.0013 0.0017 0.0010 0.0020 0.0021 0.0012 0.0017 0.0016 0.0022 0.0015 0.0025 0.0008 0.0018 0.0024 0.0022 0.0023 0.0016 0.0015 0.0012 0.0025 0.0037 0.0026 0.0035 0.0047 0.0014 0.0015 0.0019 0.0029 0.0012 0.0006 0.0030 0.0018 0.0022 0.0011 0.0016 0.0014 0.0014 0.0004 0.0004 
