0.0014 0.0019 0.0008 0.0007 0.0007 0.0008 0.0011 0.0008 0.0008 0.0006 0.0004 0.0012 0.0005 0.0011 0.0006 0.0003 0.0006 0.0006 0.0007 0.0007 0.0009 0.0009 0.0008 0.0004 0.0006 0.0007 0.0005 0.0006 0.0005 0.0006 0.0006 0.0005 0.0006 0.0004 0.0008 0.0009 0.0005 0.0009 0.0007 0.0009 0.0008 0.0008 0.0004 0.0005 0.0007 0.0008 0.0006 0.0011 0.0008 0.0006 0.0009 0.0005 0.0006 0.0007 0.0006 0.0007 0.0006 0.0011 0.0007 0.0006 0.0007 0.0009 0.0009 0.0005 
0.0010 0.0022 0.0007 0.0003 0.0005 0.0003 0.0003 0.0005 0.0006 0.0002 0.0005 0.0005 0.0003 0.0005 0.0005 0.0003 0.0003 0.0003 0.0004 0.0003 0.0005 0.0003 0.0003 0.0002 0.0006 0.0004 0.0003 0.0004 0.0004 0.0002 0.0001 0.0002 0.0002 0.0005 0.0003 0.0002 0.0002 0.0003 0.0003 0.0005 0.0003 0.0003 0.0008 0.0003 0.0002 0.0003 0.0003 0.0002 0.0004 0.0003 0.0005 0.0002 0.0004 0.0002 0.0004 0.0005 0.0005 0.0004 0.0002 0.0004 0.0003 0.0006 0.0003 0.0003 
0.0017 0.0022 0.0008 0.0003 0.0002 0.0003 0.0002 0.0004 0.0002 0.0003 0.0002 0.0004 0.0002 0.0003 0.0006 0.0004 0.0003 0.0003 0.0004 0.0004 0.0002 0.0003 0.0004 0.0002 0.0002 0.0004 0.0003 0.0004 0.0002 0.0002 0.0002 0.0004 0.0005 0.0003 0.0004 0.0002 0.0003 0.0003 0.0004 0.0004 0.0004 0.0005 0.0002 0.0003 0.0003 0.0004 0.0004 0.0004 0.0004 0.0003 0.0005 0.0003 0.0003 0.0006 0.0005 0.0002 0.0006 0.0003 0.0004 0.0003 0.0004 0.0002 0.0002 0.0003 
0.0014 0.0010 0.0007 0.0002 0.0003 0.0004 0.0002 0.0002 0.0002 0.0003 0.0005 0.0003 0.0006 0.0006 0.0004 0.0004 0.0002 0.0002 0.0003 0.0003 0.0004 0.0002 0.0001 0.0004 0.0003 0.0005 0.0004 0.0004 0.0002 0.0005 0.0003 0.0004 0.0005 0.0003 0.0003 0.0003 0.0004 0.0002 0.0003 0.0004 0.0004 0.0002 0.0004 0.0006 0.0006 0.0002 0.0003 0.0004 0.0003 0.0002 0.0004 0.0004 0.0002 0.0006 0.0002 0.0004 0.0001 0.0006 0.0002 0.0001 0.0003 0.0004 0.0003 0.0003 
0.0006 0.0011 0.0008 0.0002 0.0006 0.0006 0.0003 0.0004 0.0004 0.0003 0.0004 0.0002 0.0002 0.0002 0.0002 0.0004 0.0003 0.0002 0.0008 0.0005 0.0002 0.0002 0.0002 0.0002 0.0003 0.0002 0.0004 0.0003 0.0003 0.0004 0.0002 0.0003 0.0004 0.0003 0.0005 0.0003 0.0003 0.0002 0.0003 0.0005 0.0002 0.0003 0.0003 0.0002 0.0005 0.0005 0.0002 0.0003 0.0002 0.0004 0.0006 0.0003 0.0004 0.0003 0.0002 0.0004 0.0003 0.0003 0.0002 0.0002 0.0002 0.0004 0.0005 0.0004 
0.0012 0.0014 0.0010 0.0003 0.0006 0.0004 0.0002 0.0003 0.0002 0.0003 0.0004 0.0004 0.0004 0.0008 0.0004 0.0003 0.0003 0.0003 0.0002 0.0002 0.0002 0.0003 0.0004 0.0003 0.0001 0.0003 0.0003 0.0004 0.0002 0.0005 0.0001 0.0002 0.0003 0.0004 0.0001 0.0005 0.0003 0.0002 0.0002 0.0004 0.0002 0.0004 0.0003 0.0002 0.0003 0.0003 0.0006 0.0004 0.0006 0.0004 0.0002 0.0003 0.0006 0.0004 0.0004 0.0003 0.0004 0.0005 0.0005 0.0004 0.0004 0.0005 0.0003 0.0004 
0.0015 0.0018 0.0004 0.0004 0.0006 0.0006 0.0008 0.0003 0.0002 0.0002 0.0004 0.0005 0.0003 0.0003 0.0006 0.0003 0.0003 0.0002 0.0003 0.0005 0.0004 0.0003 0.0004 0.0004 0.0005 0.0004 0.0005 0.0005 0.0004 0.0005 0.0004 0.0004 0.0003 0.0007 0.0004 0.0002 0.0003 0.0003 0.0002 0.0002 0.0004 0.0004 0.0001 0.0003 0.0003 0.0001 0.0004 0.0002 0.0003 0.0002 0.0004 0.0003 0.0003 0.0003 0.0003 0.0003 0.0003 0.0006 0.0002 0.0003 0.0004 0.0002 0.0003 0.0004 
0.0017 0.0012 0.0009 0.0004 0.0005 0.0002 0.0005 0.0005 0.0006 0.0003 0.0005 0.0004 0.0009 0.0011 0.0004 0.0002 0.0002 0.0004 0.0005 0.0003 0.0004 0.0008 0.0005 0.0005 0.0019 0.0029 0.0024 0.0070 0.0060 0.0055 0.0067 0.0041 0.0034 0.0027 0.0023 0.0016 0.0018 0.0047 0.0069 0.0068 0.0102 0.0133 0.0111 0.0078 0.0043 0.0019 0.0008 0.0007 0.0006 0.0007 0.0008 0.0010 0.0006 0.0011 0.0011 0.0017 0.0010 0.0003 0.0005 0.0004 0.0005 0.0003 0.0006 0.0004 
0.0004 0.0015 0.0004 0.0002 0.0003 0.0003 0.0005 0.0003 0.0003 0.0002 0.0003 0.0004 0.0004 0.0004 0.0006 0.0003 0.0006 0.0006 0.0002 0.0004 0.0003 0.0005 0.0004 0.0006 0.0004 0.0004 0.0007 0.0014 0.0007 0.0011 0.0009 0.0013 0.0008 0.0006 0.0006 0.0009 0.0007 0.0014 0.0008 0.0013 0.0001 0.0008 0.0010 0.0006 0.0003 0.0004 0.0005 0.0003 0.0003 0.0002 0.0003 0.0006 0.0004 0.0007 0.0004 0.0003 0.0005 0.0003 0.0001 0.0003 0.0004 0.0003 0.0003 0.0003 
0.0005 0.0008 0.0004 0.0001 0.0002 0.0003 0.0003 0.0002 0.0004 0.0002 0.0004 0.0005 0.0005 0.0005 0.0007 0.0001 0.0004 0.0003 0.0003 0.0003 0.0003 0.0003 0.0002 0.0003 0.0006 0.0007 0.0009 0.0005 0.0006 0.0010 0.0006 0.0006 0.0002 0.0004 0.0003 0.0003 0.0004 0.0007 0.0005 0.0006 0.0005 0.0005 0.0006 0.0007 0.0006 0.0003 0.0004 0.0008 0.0006 0.0003 0.0008 0.0005 0.0004 0.0003 0.0004 0.0005 0.0004 0.0002 0.0002 0.0003 0.0002 0.0003 0.0002 0.0003 
0.0010 0.0008 0.0004 0.0002 0.0003 0.0003 0.0005 0.0005 0.0005 0.0003 0.0004 0.0005 0.0004 0.0003 0.0003 0.0003 0.0002 0.0004 0.0003 0.0003 0.0004 0.0001 0.0005 0.0003 0.0002 0.0004 0.0004 0.0003 0.0003 0.0006 0.0004 0.0007 0.0005 0.0005 0.0003 0.0002 0.0004 0.0003 0.0004 0.0005 0.0002 0.0002 0.0006 0.0003 0.0003 0.0004 0.0002 0.0005 0.0001 0.0004 0.0003 0.0003 0.0004 0.0003 0.0003 0.0003 0.0002 0.0002 0.0002 0.0002 0.0004 0.0004 0.0003 0.0003 
0.0021 0.0022 0.0003 0.0003 0.0002 0.0004 0.0005 0.0006 0.0003 0.0005 0.0006 0.0009 0.0005 0.0007 0.0008 0.0002 0.0006 0.0002 0.0003 0.0002 0.0004 0.0003 0.0003 0.0004 0.0005 0.0002 0.0004 0.0004 0.0004 0.0005 0.0004 0.0003 0.0003 0.0005 0.0003 0.0004 0.0002 0.0002 0.0003 0.0005 0.0004 0.0004 0.0006 0.0003 0.0003 0.0003 0.0007 0.0004 0.0002 0.0002 0.0004 0.0003 0.0002 0.0004 0.0003 0.0004 0.0003 0.0004 0.0002 0.0002 0.0004 0.0004 0.0003 0.0004 
0.0006 0.0011 0.0005 0.0003 0.0007 0.0005 0.0003 0.0006 0.0003 0.0002 0.0004 0.0004 0.0004 0.0003 0.0005 0.0001 0.0004 0.0003 0.0004 0.0002 0.0003 0.0004 0.0003 0.0003 0.0002 0.0003 0.0004 0.0005 0.0004 0.0005 0.0004 0.0003 0.0003 0.0002 0.0001 0.0003 0.0006 0.0006 0.0004 0.0002 0.0005 0.0003 0.0004 0.0004 0.0003 0.0003 0.0004 0.0004 0.0002 0.0002 0.0003 0.0007 0.0003 0.0002 0.0004 0.0002 0.0006 0.0004 0.0001 0.0004 0.0003 0.0004 0.0005 0.0004 
0.0005 0.0012 0.0006 0.0004 0.0004 0.0003 0.0004 0.0003 0.0004 0.0004 0.0006 0.0007 0.0005 0.0010 0.0006 0.0004 0.0005 0.0001 0.0003 0.0002 0.0002 0.0003 0.0006 0.0003 0.0004 0.0002 0.0002 0.0002 0.0002 0.0003 0.0003 0.0003 0.0005 0.0005 0.0003 0.0002 0.0003 0.0003 0.0003 0.0004 0.0002 0.0004 0.0003 0.0006 0.0002 0.0002 0.0003 0.0004 0.0003 0.0005 0.0004 0.0003 0.0002 0.0003 0.0006 0.0004 0.0003 0.0005 0.0005 0.0004 0.0004 0.0004 0.0003 0.0004 
0.0023 0.0021 0.0004 0.0001 0.0005 0.0003 0.0003 0.0004 0.0003 0.0001 0.0004 0.0002 0.0006 0.0003 0.0005 0.0004 0.0002 0.0003 0.0004 0.0004 0.0004 0.0002 0.0003 0.0002 0.0003 0.0005 0.0003 0.0004 0.0002 0.0005 0.0004 0.0004 0.0003 0.0003 0.0002 0.0005 0.0002 0.0002 0.0003 0.0003 0.0001 0.0002 0.0005 0.0002 0.0002 0.0002 0.0003 0.0003 0.0004 0.0004 0.0004 0.0005 0.0001 0.0002 0.0003 0.0004 0.0002 0.0004 0.0002 0.0003 0.0003 0.0003 0.0002 0.0003 
0.0018 0.0011 0.0003 0.0001 0.0002 0.0004 0.0001 0.0006 0.0002 0.0004 0.0004 0.0006 0.0005 0.0005 0.0004 0.0005 0.0004 0.0003 0.0004 0.0003 0.0003 0.0003 0.0004 0.0005 0.0003 0.0004 0.0003 0.0002 0.0003 0.0003 0.0003 0.0002 0.0004 0.0002 0.0003 0.0002 0.0002 0.0004 0.0001 0.0005 0.0003 0.0004 0.0003 0.0004 0.0003 0.0007 0.0003 0.0003 0.0004 0.0003 0.0006 0.0005 0.0003 0.0004 0.0003 0.0004 0.0005 0.0005 0.0002 0.0004 0.0004 0.0004 0.0003 0.0003 
0.0006 0.0015 0.0004 0.0002 0.0002 0.0006 0.0002 0.0004 0.0003 0.0003 0.0004 0.0004 0.0005 0.0004 0.0005 0.0003 0.0005 0.0006 0.0006 0.0005 0.0002 0.0003 0.0004 0.0004 0.0004 0.0004 0.0006 0.0003 0.0002 0.0005 0.0005 0.0002 0.0004 0.0005 0.0002 0.0004 0.0002 0.0003 0.0002 0.0004 0.0003 0.0001 0.0004 0.0006 0.0002 0.0003 0.0004 0.0003 0.0003 0.0003 0.0001 0.0003 0.0004 0.0003 0.0005 0.0004 0.0004 0.0004 0.0002 0.0006 0.0003 0.0004 0.0003 0.0003 
0.0008 0.0010 0.0002 0.0003 0.0005 0.0002 0.0002 0.0004 0.0003 0.0002 0.0007 0.0005 0.0012 0.0004 0.0004 0.0003 0.0005 0.0002 0.0004 0.0003 0.0002 0.0002 0.0001 0.0002 0.0003 0.0002 0.0004 0.0004 0.0003 0.0002 0.0005 0.0003 0.0004 0.0007 0.0004 0.0003 0.0004 0.0001 0.0003 0.0003 0.0002 0.0004 0.0002 0.0003 0.0003 0.0003 0.0004 0.0002 0.0003 0.0005 0.0003 0.0004 0.0002 0.0004 0.0002 0.0002 0.0004 0.0005 0.0006 0.0004 0.0001 0.0003 0.0003 0.0005 
0.0023 0.0014 0.0006 0.0004 0.0005 0.0002 0.0003 0.0006 0.0001 0.0002 0.0004 0.0006 0.0006 0.0005 0.0002 0.0003 0.0001 0.0003 0.0002 0.0003 0.0004 0.0003 0.0003 0.0004 0.0004 0.0005 0.0004 0.0002 0.0002 0.0005 0.0005 0.0003 0.0005 0.0003 0.0004 0.0002 0.0005 0.0005 0.0004 0.0004 0.0003 0.0003 0.0002 0.0006 0.0001 0.0004 0.0001 0.0004 0.0002 0.0003 0.0003 0.0005 0.0003 0.0004 0.0003 0.0003 0.0003 0.0004 0.0003 0.0004 0.0007 0.0002 0.0004 0.0002 
0.0003 0.0020 0.0007 0.0006 0.0002 0.0005 0.0004 0.0005 0.0004 0.0003 0.0003 0.0005 0.0006 0.0005 0.0003 0.0007 0.0004 0.0004 0.0005 0.0001 0.0003 0.0005 0.0004 0.0005 0.0004 0.0001 0.0004 0.0002 0.0003 0.0004 0.0003 0.0004 0.0003 0.0002 0.0003 0.0002 0.0004 0.0005 0.0002 0.0004 0.0003 0.0003 0.0002 0.0003 0.0006 0.0001 0.0002 0.0002 0.0004 0.0004 0.0003 0.0003 0.0003 0.0002 0.0003 0.0005 0.0005 0.0004 0.0006 0.0004 0.0003 0.0002 0.0003 0.0004 
0.0013 0.0011 0.0005 0.0004 0.0003 0.0003 0.0003 0.0005 0.0002 0.0003 0.0004 0.0004 0.0009 0.0007 0.0004 0.0006 0.0002 0.0003 0.0003 0.0003 0.0003 0.0006 0.0004 0.0006 0.0003 0.0006 0.0003 0.0005 0.0005 0.0003 0.0003 0.0002 0.0002 0.0005 0.0002 0.0006 0.0005 0.0025 0.0027 0.0036 0.0076 0.0055 0.0026 0.0012 0.0011 0.0008 0.0012 0.0022 0.0029 0.0013 0.0005 0.0003 0.0005 0.0004 0.0004 0.0006 0.0004 0.0002 0.0003 0.0004 0.0004 0.0002 0.0007 0.0003 
0.0056 0.0291 0.0289 0.0144 0.0040 0.0035 0.0021 0.0028 0.0015 0.0015 0.0010 0.0014 0.0011 0.0007 0.0011 0.0008 0.0006 0.0011 0.0006 0.0010 0.0009 0.0008 0.0008 0.0006 0.0006 0.0005 0.0005 0.0005 0.0005 0.0008 0.0005 0.0008 0.0006 0.0007 0.0007 0.0006 0.0004 0.0005 0.0007 0.0003 0.0012 0.0012 0.0004 0.0004 0.0003 0.0006 0.0005 0.0005 0.0003 0.0006 0.0010 0.0004 0.0004 0.0004 0.0005 0.0005 0.0003 0.0004 0.0002 0.0005 0.0003 0.0005 0.0004 0.0004 
0.0157 0.0371 0.0296 0.0143 0.0047 0.0045 0.0027 0.0021 0.0019 0.0022 0.0016 0.0015 0.0017 0.0008 0.0012 0.0009 0.0009 0.0013 0.0010 0.0009 0.0014 0.0005 0.0005 0.0008 0.0007 0.0008 0.0010 0.0006 0.0005 0.0008 0.0009 0.0010 0.0005 0.0004 0.0006 0.0008 0.0008 0.0005 0.0009 0.0007 0.0012 0.0009 0.0007 0.0002 0.0005 0.0002 0.0005 0.0005 0.0005 0.0005 0.0007 0.0005 0.0005 0.0006 0.0003 0.0005 0.0008 0.0004 0.0006 0.0009 0.0007 0.0005 0.0005 0.0003 
0.0172 0.0228 0.0118 0.0066 0.0021 0.0009 0.0010 0.0010 0.0010 0.0004 0.0003 0.0003 0.0014 0.0013 0.0007 0.0003 0.0004 0.0007 0.0008 0.0008 0.0005 0.0004 0.0006 0.0004 0.0009 0.0008 0.0002 0.0005 0.0003 0.0003 0.0006 0.0002 0.0005 0.0004 0.0004 0.0001 0.0002 0.0004 0.0003 0.0003 0.0007 0.0004 0.0005 0.0002 0.0002 0.0002 0.0004 0.0004 0.0004 0.0005 0.0002 0.0003 0.0003 0.0004 0.0002 0.0004 0.0004 0.0005 0.0002 0.0004 0.0006 0.0003 0.0004 0.0003 
0.0045 0.0619 0.0572 0.0240 0.0029 0.0044 0.0036 0.0025 0.0020 0.0019 0.0018 0.0017 0.0028 0.0019 0.0013 0.0010 0.0016 0.0014 0.0013 0.0011 0.0015 0.0016 0.0010 0.0011 0.0009 0.0008 0.0005 0.0006 0.0008 0.0010 0.0008 0.0011 0.0008 0.0010 0.0006 0.0008 0.0004 0.0004 0.0007 0.0007 0.0004 0.0005 0.0005 0.0004 0.0007 0.0006 0.0009 0.0006 0.0007 0.0007 0.0006 0.0007 0.0008 0.0006 0.0003 0.0004 0.0005 0.0005 0.0003 0.0005 0.0004 0.0001 0.0004 0.0005 
0.0144 0.0511 0.0533 0.0120 0.0031 0.0029 0.0016 0.0017 0.0019 0.0007 0.0007 0.0012 0.0005 0.0005 0.0005 0.0008 0.0006 0.0008 0.0004 0.0015 0.0029 0.0019 0.0020 0.0019 0.0008 0.0010 0.0008 0.0008 0.0007 0.0006 0.0007 0.0002 0.0002 0.0004 0.0003 0.0003 0.0004 0.0005 0.0004 0.0006 0.0004 0.0003 0.0003 0.0002 0.0002 0.0003 0.0005 0.0002 0.0005 0.0003 0.0001 0.0005 0.0003 0.0004 0.0002 0.0004 0.0001 0.0004 0.0002 0.0003 0.0004 0.0001 0.0005 0.0004 
0.0217 0.0964 0.0707 0.0395 0.0100 0.0015 0.0009 0.0036 0.0015 0.0013 0.0010 0.0014 0.0019 0.0015 0.0001 0.0004 0.0003 0.0006 0.0009 0.0025 0.0039 0.0019 0.0019 0.0015 0.0029 0.0010 0.0003 0.0009 0.0019 0.0012 0.0016 0.0005 0.0007 0.0005 0.0010 0.0004 0.0004 0.0003 0.0001 0.0002 0.0007 0.0005 0.0005 0.0003 0.0003 0.0003 0.0005 0.0005 0.0002 0.0005 0.0005 0.0004 0.0004 0.0004 0.0002 0.0004 0.0004 0.0002 0.0004 0.0004 0.0003 0.0003 0.0002 0.0003 
0.0163 0.0829 0.0812 0.0289 0.0113 0.0058 0.0036 0.0051 0.0049 0.0020 0.0025 0.0024 0.0018 0.0017 0.0010 0.0009 0.0009 0.0008 0.0013 0.0041 0.0036 0.0028 0.0014 0.0041 0.0014 0.0013 0.0012 0.0006 0.0013 0.0007 0.0008 0.0003 0.0003 0.0005 0.0002 0.0007 0.0003 0.0005 0.0008 0.0004 0.0003 0.0002 0.0005 0.0003 0.0002 0.0003 0.0003 0.0005 0.0004 0.0003 0.0004 0.0004 0.0004 0.0004 0.0002 0.0006 0.0008 0.0002 0.0005 0.0007 0.0004 0.0003 0.0005 0.0006 
0.0118 0.0682 0.0833 0.0507 0.0127 0.0040 0.0022 0.0126 0.0081 0.0016 0.0023 0.0007 0.0006 0.0015 0.0014 0.0015 0.0015 0.0018 0.0015 0.0026 0.0016 0.0028 0.0016 0.0022 0.0016 0.0020 0.0006 0.0006 0.0009 0.0009 0.0007 0.0004 0.0005 0.0008 0.0008 0.0006 0.0008 0.0005 0.0006 0.0003 0.0003 0.0005 0.0006 0.0003 0.0004 0.0006 0.0005 0.0008 0.0009 0.0006 0.0007 0.0012 0.0007 0.0001 0.0007 0.0004 0.0005 0.0004 0.0004 0.0004 0.0005 0.0004 0.0005 0.0003 
0.0082 0.0554 0.0504 0.0514 0.0239 0.0195 0.0133 0.0291 0.0160 0.0067 0.0094 0.0085 0.0067 0.0063 0.0066 0.0041 0.0048 0.0038 0.0041 0.0056 0.0020 0.0024 0.0041 0.0020 0.0034 0.0024 0.0002 0.0025 0.0028 0.0016 0.0019 0.0018 0.0018 0.0022 0.0022 0.0012 0.0012 0.0009 0.0019 0.0010 0.0020 0.0016 0.0012 0.0013 0.0017 0.0009 0.0021 0.0019 0.0023 0.0017 0.0013 0.0014 0.0018 0.0019 0.0015 0.0020 0.0011 0.0014 0.0009 0.0011 0.0014 0.0012 0.0008 0.0013 
0.0223 0.0531 0.0681 0.0787 0.0394 0.0232 0.0217 0.0394 0.0131 0.0037 0.0052 0.0049 0.0050 0.0046 0.0040 0.0036 0.0030 0.0031 0.0035 0.0071 0.0020 0.0026 0.0051 0.0038 0.0041 0.0018 0.0007 0.0016 0.0012 0.0015 0.0012 0.0011 0.0015 0.0026 0.0016 0.0008 0.0012 0.0014 0.0008 0.0008 0.0015 0.0018 0.0004 0.0021 0.0020 0.0016 0.0017 0.0015 0.0004 0.0019 0.0018 0.0020 0.0018 0.0013 0.0010 0.0007 0.0014 0.0011 0.0012 0.0011 0.0009 0.0011 0.0009 0.0010 
0.0360 0.0425 0.0760 0.0724 0.0459 0.0193 0.0333 0.0285 0.0117 0.0069 0.0064 0.0044 0.0037 0.0034 0.0047 0.0033 0.0043 0.0044 0.0046 0.0045 0.0018 0.0036 0.0029 0.0032 0.0048 0.0012 0.0013 0.0014 0.0009 0.0012 0.0009 0.0008 0.0007 0.0021 0.0019 0.0022 0.0014 0.0009 0.0008 0.0010 0.0015 0.0012 0.0014 0.0019 0.0011 0.0013 0.0013 0.0004 0.0010 0.0008 0.0011 0.0014 0.0007 0.0009 0.0016 0.0016 0.0008 0.0006 0.0018 0.0007 0.0008 0.0008 0.0012 0.0008 
0.0268 0.0436 0.0596 0.0777 0.0489 0.0182 0.0372 0.0287 0.0073 0.0053 0.0040 0.0033 0.0025 0.0029 0.0030 0.0016 0.0036 0.0032 0.0030 0.0023 0.0051 0.0061 0.0057 0.0069 0.0082 0.0024 0.0003 0.0009 0.0008 0.0005 0.0006 0.0005 0.0007 0.0007 0.0023 0.0015 0.0014 0.0013 0.0011 0.0011 0.0012 0.0009 0.0009 0.0007 0.0006 0.0006 0.0008 0.0009 0.0007 0.0006 0.0005 0.0012 0.0006 0.0006 0.0009 0.0005 0.0005 0.0007 0.0011 0.0008 0.0007 0.0007 0.0004 0.0004 
0.0285 0.0485 0.0356 0.0725 0.0622 0.0161 0.0293 0.0370 0.0166 0.0098 0.0074 0.0054 0.0046 0.0038 0.0055 0.0053 0.0072 0.0056 0.0044 0.0065 0.0048 0.0033 0.0048 0.0050 0.0058 0.0020 0.0011 0.0011 0.0011 0.0014 0.0007 0.0011 0.0014 0.0031 0.0018 0.0006 0.0009 0.0011 0.0008 0.0011 0.0010 0.0011 0.0007 0.0012 0.0013 0.0012 0.0013 0.0009 0.0011 0.0006 0.0013 0.0011 0.0010 0.0009 0.0008 0.0007 0.0006 0.0013 0.0014 0.0012 0.0008 0.0009 0.0009 0.0006 
0.0329 0.0559 0.0364 0.0792 0.0720 0.0277 0.0255 0.0655 0.0533 0.0081 0.0071 0.0040 0.0036 0.0038 0.0039 0.0129 0.0130 0.0021 0.0018 0.0048 0.0050 0.0056 0.0044 0.0040 0.0025 0.0029 0.0012 0.0009 0.0008 0.0006 0.0006 0.0003 0.0006 0.0015 0.0010 0.0012 0.0004 0.0008 0.0007 0.0003 0.0003 0.0005 0.0007 0.0008 0.0009 0.0007 0.0004 0.0004 0.0003 0.0003 0.0002 0.0004 0.0005 0.0003 0.0002 0.0006 0.0008 0.0002 0.0004 0.0001 0.0001 0.0002 0.0002 0.0003 
0.0041 0.0825 0.0543 0.0819 0.1010 0.0537 0.0290 0.0693 0.0595 0.0132 0.0071 0.0033 0.0036 0.0019 0.0033 0.0113 0.0120 0.0123 0.0110 0.0092 0.0082 0.0070 0.0058 0.0029 0.0048 0.0015 0.0012 0.0009 0.0010 0.0014 0.0011 0.0007 0.0009 0.0007 0.0013 0.0010 0.0009 0.0008 0.0005 0.0006 0.0003 0.0006 0.0008 0.0008 0.0006 0.0006 0.0007 0.0005 0.0007 0.0010 0.0004 0.0011 0.0009 0.0006 0.0006 0.0005 0.0006 0.0005 0.0005 0.0006 0.0006 0.0004 0.0007 0.0006 
0.0154 0.0516 0.0671 0.0859 0.0801 0.0464 0.0194 0.0432 0.0437 0.0135 0.0051 0.0047 0.0049 0.0056 0.0016 0.0061 0.0053 0.0067 0.0139 0.0236 0.0203 0.0185 0.0064 0.0052 0.0020 0.0027 0.0018 0.0024 0.0020 0.0025 0.0025 0.0018 0.0020 0.0041 0.0040 0.0022 0.0024 0.0020 0.0018 0.0019 0.0015 0.0010 0.0013 0.0013 0.0013 0.0015 0.0011 0.0014 0.0010 0.0013 0.0015 0.0008 0.0011 0.0012 0.0010 0.0014 0.0011 0.0012 0.0009 0.0014 0.0010 0.0011 0.0011 0.0008 
0.0306 0.0315 0.0648 0.0970 0.1712 0.1045 0.1030 0.0582 0.0566 0.0241 0.0138 0.0076 0.0050 0.0058 0.0053 0.0070 0.0085 0.0077 0.0053 0.0104 0.0103 0.0237 0.0088 0.0010 0.0014 0.0022 0.0054 0.0070 0.0066 0.0060 0.0085 0.0142 0.0098 0.0148 0.0177 0.0087 0.0018 0.0016 0.0008 0.0008 0.0004 0.0003 0.0004 0.0003 0.0007 0.0003 0.0004 0.0007 0.0006 0.0014 0.0025 0.0011 0.0027 0.0054 0.0030 0.0010 0.0012 0.0005 0.0004 0.0008 0.0003 0.0005 0.0004 0.0006 
0.0194 0.0220 0.0452 0.0555 0.1371 0.2245 0.0890 0.0615 0.0753 0.0454 0.0207 0.0163 0.0101 0.0148 0.0066 0.0072 0.0050 0.0056 0.0078 0.0153 0.0171 0.0132 0.0094 0.0075 0.0085 0.0093 0.0087 0.0118 0.0139 0.0176 0.0102 0.0034 0.0102 0.0063 0.0069 0.0081 0.0069 0.0070 0.0053 0.0039 0.0058 0.0061 0.0036 0.0013 0.0011 0.0010 0.0011 0.0009 0.0012 0.0012 0.0021 0.0030 0.0050 0.0057 0.0038 0.0026 0.0002 0.0004 0.0010 0.0012 0.0011 0.0013 0.0010 0.0011 
0.0082 0.0361 0.0629 0.0847 0.0686 0.2785 0.1074 0.0814 0.0835 0.0601 0.0359 0.0219 0.0159 0.0166 0.0161 0.0105 0.0067 0.0112 0.0129 0.0144 0.0065 0.0184 0.0087 0.0113 0.0046 0.0037 0.0073 0.0112 0.0159 0.0201 0.0180 0.0183 0.0121 0.0107 0.0079 0.0051 0.0071 0.0062 0.0027 0.0101 0.0108 0.0025 0.0045 0.0020 0.0018 0.0024 0.0028 0.0023 0.0025 0.0029 0.0026 0.0023 0.0051 0.0046 0.0051 0.0035 0.0022 0.0024 0.0023 0.0024 0.0022 0.0025 0.0023 0.0027 
0.0056 0.0286 0.0733 0.0426 0.0700 0.1563 0.0914 0.0432 0.0499 0.0213 0.0113 0.0084 0.0086 0.0067 0.0057 0.0075 0.0081 0.0065 0.0042 0.0025 0.0059 0.0102 0.0039 0.0059 0.0033 0.0047 0.0064 0.0099 0.0109 0.0154 0.0110 0.0117 0.0129 0.0097 0.0056 0.0011 0.0015 0.0024 0.0024 0.0026 0.0039 0.0042 0.0017 0.0008 0.0012 0.0004 0.0008 0.0004 0.0008 0.0004 0.0007 0.0010 0.0025 0.0044 0.0040 0.0021 0.0020 0.0015 0.0014 0.0012 0.0014 0.0015 0.0016 0.0010 
0.0172 0.0319 0.0635 0.0159 0.0438 0.1481 0.0624 0.0293 0.0207 0.0138 0.0052 0.0043 0.0020 0.0028 0.0015 0.0043 0.0026 0.0033 0.0015 0.0042 0.0038 0.0046 0.0030 0.0031 0.0043 0.0039 0.0009 0.0056 0.0022 0.0059 0.0050 0.0062 0.0075 0.0062 0.0021 0.0017 0.0017 0.0025 0.0020 0.0033 0.0032 0.0044 0.0045 0.0022 0.0018 0.0022 0.0018 0.0017 0.0016 0.0014 0.0018 0.0012 0.0018 0.0022 0.0035 0.0039 0.0020 0.0016 0.0016 0.0016 0.0019 0.0017 0.0018 0.0017 
0.0213 0.0289 0.0358 0.0221 0.0311 0.0452 0.0130 0.0266 0.0311 0.0143 0.0319 0.0070 0.0076 0.0096 0.0035 0.0031 0.0067 0.0040 0.0028 0.0041 0.0063 0.0065 0.0035 0.0024 0.0011 0.0021 0.0016 0.0031 0.0004 0.0030 0.0106 0.0015 0.0132 0.0076 0.0036 0.0066 0.0031 0.0044 0.0035 0.0039 0.0114 0.0066 0.0110 0.0030 0.0037 0.0024 0.0026 0.0025 0.0027 0.0016 0.0027 0.0024 0.0014 0.0017 0.0020 0.0030 0.0023 0.0023 0.0023 0.0023 0.0024 0.0023 0.0024 0.0018 
0.0052 0.0206 0.0318 0.0147 0.0147 0.0516 0.0357 0.0340 0.0257 0.0081 0.0142 0.0085 0.0041 0.0059 0.0012 0.0032 0.0038 0.0017 0.0020 0.0026 0.0012 0.0012 0.0021 0.0029 0.0024 0.0009 0.0019 0.0021 0.0013 0.0025 0.0076 0.0034 0.0026 0.0014 0.0019 0.0011 0.0010 0.0011 0.0011 0.0013 0.0016 0.0019 0.0016 0.0017 0.0009 0.0012 0.0008 0.0009 0.0007 0.0014 0.0009 0.0006 0.0015 0.0013 0.0018 0.0010 0.0010 0.0007 0.0006 0.0011 0.0010 0.0008 0.0010 0.0010 
0.0025 0.0184 0.0410 0.0120 0.0114 0.0206 0.0494 0.0342 0.0083 0.0086 0.0118 0.0034 0.0070 0.0038 0.0016 0.0014 0.0023 0.0014 0.0015 0.0013 0.0009 0.0007 0.0006 0.0009 0.0013 0.0007 0.0007 0.0008 0.0010 0.0030 0.0055 0.0029 0.0045 0.0032 0.0013 0.0007 0.0009 0.0007 0.0015 0.0004 0.0023 0.0016 0.0010 0.0011 0.0023 0.0006 0.0002 0.0005 0.0005 0.0011 0.0028 0.0013 0.0011 0.0013 0.0007 0.0006 0.0008 0.0007 0.0013 0.0006 0.0004 0.0004 0.0003 0.0002 
0.0031 0.0039 0.0173 0.0138 0.0072 0.0091 0.0118 0.0050 0.0093 0.0039 0.0057 0.0039 0.0032 0.0037 0.0020 0.0018 0.0006 0.0011 0.0009 0.0009 0.0004 0.0008 0.0005 0.0013 0.0005 0.0007 0.0008 0.0007 0.0010 0.0018 0.0017 0.0016 0.0034 0.0014 0.0010 0.0008 0.0008 0.0005 0.0005 0.0011 0.0007 0.0011 0.0007 0.0019 0.0035 0.0008 0.0004 0.0003 0.0008 0.0010 0.0020 0.0011 0.0006 0.0015 0.0005 0.0009 0.0005 0.0007 0.0008 0.0005 0.0003 0.0003 0.0002 0.0005 
0.0019 0.0056 0.0180 0.0102 0.0058 0.0027 0.0106 0.0051 0.0069 0.0038 0.0057 0.0046 0.0027 0.0024 0.0012 0.0019 0.0013 0.0012 0.0015 0.0015 0.0014 0.0011 0.0008 0.0011 0.0011 0.0010 0.0008 0.0004 0.0009 0.0012 0.0015 0.0009 0.0012 0.0009 0.0009 0.0007 0.0009 0.0005 0.0006 0.0009 0.0006 0.0008 0.0006 0.0007 0.0007 0.0006 0.0004 0.0005 0.0004 0.0009 0.0005 0.0007 0.0008 0.0010 0.0008 0.0006 0.0003 0.0004 0.0005 0.0005 0.0004 0.0003 0.0004 0.0006 
0.0020 0.0044 0.0118 0.0048 0.0036 0.0095 0.0118 0.0104 0.0147 0.0142 0.0211 0.0089 0.0053 0.0044 0.0011 0.0016 0.0011 0.0010 0.0009 0.0009 0.0015 0.0013 0.0016 0.0011 0.0027 0.0036 0.0021 0.0106 0.0121 0.0203 0.0314 0.0178 0.0105 0.0063 0.0036 0.0023 0.0006 0.0006 0.0012 0.0012 0.0024 0.0051 0.0045 0.0051 0.0098 0.0071 0.0035 0.0033 0.0029 0.0035 0.0048 0.0042 0.0031 0.0010 0.0005 0.0023 0.0029 0.0009 0.0006 0.0013 0.0016 0.0009 0.0004 0.0003 
0.0025 0.0062 0.0090 0.0027 0.0028 0.0089 0.0072 0.0093 0.0062 0.0041 0.0057 0.0021 0.0011 0.0019 0.0011 0.0014 0.0008 0.0006 0.0006 0.0008 0.0006 0.0004 0.0007 0.0010 0.0009 0.0017 0.0010 0.0019 0.0025 0.0041 0.0091 0.0062 0.0032 0.0027 0.0022 0.0016 0.0014 0.0013 0.0007 0.0009 0.0008 0.0012 0.0010 0.0010 0.0014 0.0012 0.0011 0.0007 0.0006 0.0004 0.0004 0.0007 0.0009 0.0003 0.0003 0.0004 0.0007 0.0011 0.0006 0.0003 0.0007 0.0005 0.0006 0.0008 
0.0009 0.0038 0.0048 0.0015 0.0033 0.0045 0.0048 0.0067 0.0014 0.0021 0.0014 0.0014 0.0011 0.0011 0.0008 0.0010 0.0006 0.0007 0.0007 0.0005 0.0005 0.0003 0.0007 0.0005 0.0004 0.0008 0.0007 0.0012 0.0013 0.0030 0.0039 0.0018 0.0013 0.0007 0.0009 0.0005 0.0006 0.0007 0.0002 0.0003 0.0004 0.0005 0.0004 0.0005 0.0009 0.0005 0.0005 0.0004 0.0004 0.0006 0.0004 0.0002 0.0006 0.0003 0.0004 0.0006 0.0004 0.0002 0.0003 0.0002 0.0004 0.0003 0.0006 0.0006 
0.0015 0.0055 0.0061 0.0016 0.0013 0.0031 0.0067 0.0028 0.0011 0.0015 0.0017 0.0015 0.0013 0.0009 0.0004 0.0009 0.0008 0.0003 0.0005 0.0003 0.0005 0.0002 0.0004 0.0006 0.0006 0.0006 0.0004 0.0007 0.0012 0.0016 0.0027 0.0010 0.0004 0.0004 0.0005 0.0004 0.0002 0.0003 0.0004 0.0001 0.0004 0.0005 0.0001 0.0004 0.0007 0.0004 0.0003 0.0006 0.0002 0.0006 0.0003 0.0005 0.0001 0.0005 0.0002 0.0003 0.0003 0.0003 0.0003 0.0004 0.0003 0.0004 0.0002 0.0003 
0.0031 0.0018 0.0071 0.0016 0.0015 0.0020 0.0013 0.0036 0.0009 0.0011 0.0016 0.0010 0.0009 0.0006 0.0005 0.0007 0.0004 0.0003 0.0006 0.0004 0.0004 0.0003 0.0004 0.0003 0.0007 0.0004 0.0005 0.0006 0.0006 0.0010 0.0012 0.0008 0.0005 0.0005 0.0003 0.0004 0.0005 0.0004 0.0002 0.0005 0.0005 0.0002 0.0005 0.0002 0.0003 0.0003 0.0003 0.0003 0.0003 0.0003 0.0001 0.0005 0.0003 0.0005 0.0002 0.0003 0.0003 0.0007 0.0003 0.0001 0.0002 0.0003 0.0004 0.0003 
0.0014 0.0036 0.0079 0.0016 0.0013 0.0009 0.0031 0.0015 0.0021 0.0012 0.0007 0.0008 0.0003 0.0009 0.0005 0.0008 0.0006 0.0009 0.0005 0.0003 0.0002 0.0003 0.0002 0.0005 0.0005 0.0008 0.0007 0.0006 0.0005 0.0013 0.0007 0.0007 0.0003 0.0005 0.0003 0.0008 0.0008 0.0002 0.0003 0.0008 0.0005 0.0002 0.0002 0.0007 0.0003 0.0004 0.0004 0.0003 0.0005 0.0005 0.0005 0.0002 0.0003 0.0005 0.0003 0.0004 0.0003 0.0003 0.0003 0.0005 0.0004 0.0002 0.0003 0.0004 
0.0018 0.0020 0.0055 0.0010 0.0010 0.0018 0.0019 0.0017 0.0012 0.0006 0.0006 0.0006 0.0011 0.0006 0.0006 0.0007 0.0004 0.0004 0.0007 0.0005 0.0006 0.0002 0.0005 0.0007 0.0002 0.0005 0.0002 0.0004 0.0005 0.0005 0.0005 0.0004 0.0003 0.0004 0.0004 0.0004 0.0003 0.0003 0.0006 0.0007 0.0003 0.0006 0.0005 0.0003 0.0004 0.0003 0.0003 0.0002 0.0005 0.0005 0.0003 0.0003 0.0005 0.0003 0.0004 0.0005 0.0005 0.0002 0.0003 0.0004 0.0005 0.0002 0.0005 0.0003 
0.0016 0.0024 0.0072 0.0027 0.0005 0.0007 0.0007 0.0007 0.0004 0.0004 0.0005 0.0008 0.0012 0.0006 0.0006 0.0004 0.0005 0.0004 0.0004 0.0008 0.0004 0.0002 0.0003 0.0003 0.0004 0.0003 0.0006 0.0003 0.0006 0.0005 0.0003 0.0004 0.0004 0.0005 0.0001 0.0005 0.0002 0.0006 0.0005 0.0003 0.0002 0.0004 0.0003 0.0003 0.0003 0.0003 0.0004 0.0006 0.0005 0.0003 0.0002 0.0006 0.0003 0.0003 0.0003 0.0004 0.0006 0.0004 0.0005 0.0002 0.0003 0.0003 0.0007 0.0003 
0.0003 0.0022 0.0043 0.0021 0.0007 0.0005 0.0010 0.0008 0.0001 0.0004 0.0008 0.0001 0.0003 0.0009 0.0007 0.0002 0.0004 0.0006 0.0002 0.0010 0.0016 0.0012 0.0016 0.0046 0.0057 0.0048 0.0020 0.0003 0.0004 0.0006 0.0004 0.0004 0.0006 0.0003 0.0003 0.0004 0.0010 0.0014 0.0008 0.0004 0.0004 0.0003 0.0002 0.0003 0.0003 0.0002 0.0004 0.0004 0.0003 0.0003 0.0004 0.0005 0.0007 0.0002 0.0002 0.0004 0.0002 0.0006 0.0005 0.0003 0.0003 0.0004 0.0005 0.0004 
0.0010 0.0016 0.0030 0.0016 0.0007 0.0006 0.0006 0.0012 0.0006 0.0006 0.0006 0.0002 0.0004 0.0007 0.0005 0.0004 0.0004 0.0003 0.0003 0.0011 0.0004 0.0007 0.0004 0.0016 0.0039 0.0031 0.0012 0.0011 0.0003 0.0004 0.0004 0.0004 0.0006 0.0003 0.0006 0.0002 0.0003 0.0004 0.0003 0.0005 0.0005 0.0004 0.0005 0.0004 0.0002 0.0003 0.0005 0.0003 0.0002 0.0002 0.0003 0.0003 0.0004 0.0001 0.0003 0.0003 0.0004 0.0004 0.0004 0.0005 0.0005 0.0003 0.0003 0.0004 
0.0006 0.0015 0.0035 0.0018 0.0005 0.0009 0.0003 0.0007 0.0009 0.0005 0.0003 0.0002 0.0004 0.0009 0.0004 0.0006 0.0005 0.0005 0.0008 0.0010 0.0005 0.0005 0.0007 0.0002 0.0008 0.0006 0.0006 0.0001 0.0005 0.0004 0.0004 0.0001 0.0005 0.0003 0.0004 0.0005 0.0003 0.0005 0.0003 0.0003 0.0007 0.0006 0.0002 0.0003 0.0003 0.0004 0.0004 0.0004 0.0006 0.0003 0.0001 0.0005 0.0008 0.0004 0.0003 0.0003 0.0003 0.0003 0.0003 0.0003 0.0003 0.0003 0.0003 0.0004 
0.0008 0.0013 0.0036 0.0015 0.0007 0.0005 0.0006 0.0004 0.0007 0.0005 0.0006 0.0003 0.0010 0.0002 0.0003 0.0003 0.0003 0.0003 0.0004 0.0004 0.0004 0.0004 0.0006 0.0003 0.0005 0.0006 0.0003 0.0006 0.0003 0.0005 0.0004 0.0004 0.0004 0.0004 0.0005 0.0003 0.0004 0.0005 0.0003 0.0003 0.0004 0.0004 0.0002 0.0002 0.0004 0.0002 0.0002 0.0005 0.0007 0.0003 0.0005 0.0001 0.0003 0.0003 0.0004 0.0003 0.0002 0.0004 0.0003 0.0006 0.0003 0.0003 0.0004 0.0002 
0.0009 0.0012 0.0010 0.0009 0.0007 0.0003 0.0006 0.0002 0.0006 0.0002 0.0008 0.0004 0.0005 0.0008 0.0005 0.0006 0.0005 0.0005 0.0005 0.0006 0.0003 0.0006 0.0004 0.0003 0.0002 0.0008 0.0006 0.0003 0.0003 0.0003 0.0005 0.0004 0.0006 0.0004 0.0005 0.0006 0.0003 0.0006 0.0004 0.0004 0.0005 0.0002 0.0003 0.0004 0.0003 0.0003 0.0005 0.0002 0.0002 0.0002 0.0005 0.0004 0.0003 0.0005 0.0003 0.0003 0.0004 0.0003 0.0003 0.0004 0.0003 0.0002 0.0003 0.0002 
0.0015 0.0015 0.0043 0.0007 0.0010 0.0005 0.0007 0.0008 0.0003 0.0002 0.0007 0.0011 0.0006 0.0003 0.0009 0.0004 0.0004 0.0003 0.0003 0.0004 0.0005 0.0004 0.0003 0.0003 0.0011 0.0007 0.0004 0.0003 0.0003 0.0007 0.0002 0.0003 0.0002 0.0004 0.0003 0.0003 0.0003 0.0005 0.0002 0.0006 0.0005 0.0004 0.0005 0.0003 0.0003 0.0003 0.0003 0.0003 0.0006 0.0002 0.0005 0.0005 0.0005 0.0005 0.0002 0.0003 0.0006 0.0003 0.0002 0.0006 0.0004 0.0002 0.0005 0.0006 
0.0014 0.0014 0.0022 0.0013 0.0004 0.0003 0.0004 0.0005 0.0006 0.0003 0.0005 0.0007 0.0005 0.0007 0.0004 0.0008 0.0007 0.0006 0.0007 0.0005 0.0003 0.0004 0.0002 0.0005 0.0006 0.0004 0.0003 0.0006 0.0003 0.0008 0.0006 0.0003 0.0005 0.0006 0.0003 0.0003 0.0005 0.0003 0.0005 0.0003 0.0002 0.0003 0.0003 0.0004 0.0005 0.0002 0.0003 0.0004 0.0006 0.0003 0.0004 0.0001 0.0003 0.0002 0.0004 0.0002 0.0004 0.0002 0.0002 0.0003 0.0003 0.0002 0.0002 0.0001 
0.0005 0.0005 0.0023 0.0020 0.0008 0.0005 0.0004 0.0011 0.0006 0.0002 0.0006 0.0004 0.0010 0.0010 0.0004 0.0005 0.0006 0.0004 0.0009 0.0005 0.0007 0.0004 0.0003 0.0003 0.0013 0.0006 0.0005 0.0004 0.0008 0.0006 0.0006 0.0003 0.0005 0.0006 0.0006 0.0006 0.0009 0.0003 0.0006 0.0004 0.0006 0.0006 0.0003 0.0002 0.0002 0.0003 0.0003 0.0005 0.0004 0.0003 0.0005 0.0006 0.0004 0.0005 0.0003 0.0002 0.0002 0.0004 0.0003 0.0001 0.0002 0.0002 0.0003 0.0005 
0.0018 0.0016 0.0026 0.0008 0.0005 0.0006 0.0006 0.0008 0.0002 0.0003 0.0006 0.0005 0.0005 0.0003 0.0006 0.0005 0.0005 0.0004 0.0005 0.0006 0.0004 0.0005 0.0006 0.0003 0.0010 0.0006 0.0007 0.0007 0.0001 0.0007 0.0006 0.0003 0.0006 0.0003 0.0004 0.0004 0.0005 0.0003 0.0003 0.0003 0.0006 0.0003 0.0003 0.0007 0.0003 0.0005 0.0002 0.0003 0.0003 0.0003 0.0002 0.0003 0.0002 0.0002 0.0004 0.0004 0.0004 0.0003 0.0005 0.0004 0.0003 0.0004 0.0002 0.0004 
