0.0008 0.0006 0.0006 0.0004 0.0003 0.0004 0.0002 0.0004 0.0001 0.0004 0.0005 0.0005 0.0003 0.0008 0.0006 0.0003 0.0008 0.0004 0.0004 0.0004 0.0003 0.0007 0.0005 0.0005 0.0005 0.0003 0.0007 0.0004 0.0003 0.0007 0.0005 0.0003 0.0003 0.0006 0.0003 0.0002 0.0004 0.0007 0.0004 0.0004 0.0003 0.0003 0.0004 0.0005 0.0002 0.0005 0.0005 0.0004 0.0006 0.0004 0.0005 0.0004 0.0004 0.0005 0.0005 0.0007 0.0008 0.0005 0.0004 0.0002 0.0004 0.0007 0.0008 0.0002 
0.0005 0.0010 0.0005 0.0002 0.0003 0.0003 0.0004 0.0006 0.0004 0.0002 0.0004 0.0006 0.0006 0.0004 0.0003 0.0005 0.0003 0.0005 0.0004 0.0003 0.0003 0.0003 0.0006 0.0003 0.0004 0.0004 0.0005 0.0004 0.0003 0.0005 0.0008 0.0003 0.0002 0.0005 0.0007 0.0002 0.0004 0.0004 0.0003 0.0005 0.0004 0.0005 0.0004 0.0005 0.0003 0.0001 0.0001 0.0004 0.0007 0.0006 0.0002 0.0003 0.0010 0.0002 0.0001 0.0003 0.0005 0.0003 0.0003 0.0005 0.0009 0.0004 0.0002 0.0003 
0.0002 0.0012 0.0005 0.0001 0.0001 0.0003 0.0002 0.0002 0.0002 0.0004 0.0006 0.0007 0.0018 0.0016 0.0007 0.0004 0.0004 0.0004 0.0009 0.0005 0.0004 0.0016 0.0005 0.0016 0.0049 0.0051 0.0058 0.0159 0.0142 0.0061 0.0113 0.0045 0.0028 0.0043 0.0019 0.0003 0.0008 0.0036 0.0060 0.0154 0.0177 0.0100 0.0152 0.0080 0.0024 0.0065 0.0039 0.0008 0.0013 0.0008 0.0010 0.0049 0.0033 0.0017 0.0059 0.0060 0.0017 0.0049 0.0029 0.0017 0.0030 0.0011 0.0005 0.0006 
0.0007 0.0012 0.0006 0.0003 0.0004 0.0004 0.0004 0.0003 0.0002 0.0004 0.0006 0.0003 0.0006 0.0006 0.0004 0.0003 0.0004 0.0003 0.0003 0.0003 0.0002 0.0005 0.0005 0.0006 0.0008 0.0009 0.0009 0.0009 0.0023 0.0014 0.0013 0.0009 0.0006 0.0013 0.0003 0.0006 0.0002 0.0003 0.0007 0.0013 0.0007 0.0013 0.0015 0.0009 0.0006 0.0005 0.0005 0.0001 0.0006 0.0001 0.0005 0.0008 0.0010 0.0005 0.0003 0.0005 0.0002 0.0008 0.0003 0.0004 0.0005 0.0004 0.0003 0.0002 
0.0011 0.0012 0.0003 0.0003 0.0004 0.0005 0.0004 0.0003 0.0003 0.0002 0.0004 0.0005 0.0005 0.0005 0.0003 0.0002 0.0001 0.0005 0.0002 0.0003 0.0003 0.0003 0.0004 0.0004 0.0006 0.0006 0.0004 0.0005 0.0007 0.0012 0.0005 0.0004 0.0009 0.0005 0.0004 0.0005 0.0005 0.0004 0.0006 0.0006 0.0005 0.0007 0.0005 0.0007 0.0006 0.0003 0.0003 0.0002 0.0003 0.0004 0.0007 0.0003 0.0003 0.0005 0.0008 0.0005 0.0004 0.0009 0.0006 0.0006 0.0005 0.0002 0.0002 0.0002 
0.0009 0.0015 0.0002 0.0002 0.0002 0.0003 0.0004 0.0006 0.0005 0.0003 0.0004 0.0009 0.0006 0.0014 0.0003 0.0005 0.0005 0.0004 0.0004 0.0004 0.0004 0.0004 0.0004 0.0003 0.0004 0.0004 0.0003 0.0003 0.0007 0.0007 0.0005 0.0003 0.0002 0.0005 0.0004 0.0003 0.0001 0.0006 0.0005 0.0005 0.0005 0.0005 0.0003 0.0007 0.0003 0.0005 0.0003 0.0005 0.0002 0.0003 0.0003 0.0004 0.0005 0.0003 0.0004 0.0001 0.0004 0.0001 0.0002 0.0003 0.0004 0.0003 0.0002 0.0001 
0.0008 0.0013 0.0003 0.0004 0.0001 0.0006 0.0004 0.0002 0.0006 0.0003 0.0004 0.0006 0.0008 0.0008 0.0006 0.0005 0.0004 0.0002 0.0004 0.0003 0.0004 0.0003 0.0005 0.0005 0.0004 0.0005 0.0003 0.0005 0.0006 0.0004 0.0005 0.0005 0.0004 0.0003 0.0004 0.0003 0.0003 0.0003 0.0003 0.0003 0.0007 0.0003 0.0004 0.0006 0.0002 0.0004 0.0003 0.0002 0.0002 0.0003 0.0004 0.0001 0.0003 0.0003 0.0001 0.0002 0.0004 0.0003 0.0002 0.0004 0.0004 0.0003 0.0003 0.0005 
0.0004 0.0013 0.0005 0.0002 0.0002 0.0002 0.0004 0.0005 0.0003 0.0005 0.0004 0.0008 0.0004 0.0008 0.0002 0.0003 0.0003 0.0005 0.0003 0.0004 0.0004 0.0004 0.0004 0.0004 0.0005 0.0006 0.0003 0.0005 0.0007 0.0003 0.0001 0.0002 0.0002 0.0005 0.0002 0.0003 0.0004 0.0005 0.0002 0.0004 0.0002 0.0003 0.0004 0.0002 0.0005 0.0002 0.0003 0.0002 0.0005 0.0003 0.0003 0.0003 0.0005 0.0005 0.0004 0.0001 0.0005 0.0008 0.0003 0.0003 0.0002 0.0005 0.0002 0.0002 
0.0004 0.0009 0.0003 0.0002 0.0003 0.0002 0.0003 0.0003 0.0002 0.0003 0.0005 0.0006 0.0006 0.0007 0.0004 0.0004 0.0002 0.0003 0.0003 0.0005 0.0002 0.0003 0.0004 0.0003 0.0001 0.0006 0.0002 0.0005 0.0006 0.0004 0.0003 0.0003 0.0003 0.0006 0.0001 0.0001 0.0004 0.0003 0.0003 0.0003 0.0002 0.0002 0.0003 0.0001 0.0004 0.0003 0.0003 0.0002 0.0004 0.0004 0.0005 0.0003 0.0002 0.0004 0.0004 0.0003 0.0005 0.0003 0.0003 0.0005 0.0005 0.0005 0.0002 0.0003 
0.0010 0.0018 0.0004 0.0003 0.0004 0.0003 0.0003 0.0002 0.0003 0.0002 0.0004 0.0003 0.0008 0.0008 0.0006 0.0007 0.0002 0.0005 0.0003 0.0006 0.0004 0.0004 0.0001 0.0004 0.0002 0.0002 0.0003 0.0004 0.0005 0.0002 0.0002 0.0003 0.0005 0.0005 0.0005 0.0002 0.0006 0.0003 0.0004 0.0004 0.0002 0.0003 0.0003 0.0002 0.0004 0.0003 0.0006 0.0003 0.0007 0.0004 0.0004 0.0004 0.0006 0.0003 0.0003 0.0006 0.0006 0.0003 0.0002 0.0004 0.0002 0.0003 0.0004 0.0002 
0.0072 0.0069 0.0047 0.0018 0.0013 0.0011 0.0011 0.0016 0.0010 0.0029 0.0119 0.0105 0.0107 0.0455 0.0213 0.0114 0.0190 0.0148 0.0091 0.0043 0.0212 0.0307 0.0236 0.0213 0.0386 0.0196 0.0030 0.0170 0.0146 0.0037 0.0019 0.0019 0.0020 0.0009 0.0051 0.0032 0.0014 0.0010 0.0018 0.0017 0.0005 0.0003 0.0018 0.0021 0.0013 0.0023 0.0011 0.0006 0.0014 0.0010 0.0012 0.0034 0.0024 0.0005 0.0027 0.0043 0.0009 0.0013 0.0031 0.0017 0.0012 0.0006 0.0005 0.0007 
0.0044 0.0202 0.0388 0.0108 0.0008 0.0007 0.0008 0.0011 0.0007 0.0011 0.0021 0.0028 0.0033 0.0052 0.0040 0.0014 0.0059 0.0061 0.0014 0.0018 0.0031 0.0156 0.0080 0.0064 0.0037 0.0028 0.0016 0.0013 0.0022 0.0012 0.0011 0.0013 0.0009 0.0005 0.0009 0.0009 0.0007 0.0005 0.0004 0.0004 0.0006 0.0006 0.0006 0.0005 0.0004 0.0007 0.0005 0.0004 0.0007 0.0007 0.0006 0.0004 0.0006 0.0005 0.0007 0.0008 0.0003 0.0004 0.0004 0.0003 0.0006 0.0004 0.0001 0.0007 
0.0057 0.0260 0.0267 0.0070 0.0013 0.0009 0.0006 0.0016 0.0004 0.0009 0.0011 0.0013 0.0022 0.0048 0.0024 0.0012 0.0016 0.0022 0.0015 0.0020 0.0035 0.0045 0.0012 0.0032 0.0035 0.0014 0.0010 0.0009 0.0021 0.0009 0.0003 0.0004 0.0002 0.0002 0.0005 0.0007 0.0004 0.0003 0.0004 0.0003 0.0003 0.0007 0.0004 0.0005 0.0006 0.0005 0.0004 0.0003 0.0003 0.0003 0.0004 0.0005 0.0003 0.0004 0.0003 0.0004 0.0004 0.0005 0.0006 0.0003 0.0006 0.0002 0.0004 0.0005 
0.0032 0.0147 0.0163 0.0034 0.0019 0.0009 0.0005 0.0002 0.0004 0.0002 0.0017 0.0003 0.0016 0.0050 0.0024 0.0023 0.0021 0.0019 0.0012 0.0005 0.0018 0.0019 0.0030 0.0017 0.0033 0.0010 0.0008 0.0009 0.0006 0.0007 0.0004 0.0004 0.0003 0.0002 0.0005 0.0003 0.0003 0.0004 0.0004 0.0003 0.0004 0.0003 0.0003 0.0003 0.0004 0.0004 0.0003 0.0004 0.0004 0.0003 0.0004 0.0002 0.0004 0.0004 0.0006 0.0002 0.0007 0.0005 0.0003 0.0003 0.0005 0.0005 0.0003 0.0002 
0.0080 0.0167 0.0132 0.0027 0.0009 0.0009 0.0007 0.0004 0.0005 0.0002 0.0014 0.0005 0.0010 0.0028 0.0005 0.0011 0.0012 0.0007 0.0009 0.0007 0.0011 0.0020 0.0009 0.0010 0.0007 0.0005 0.0006 0.0005 0.0006 0.0010 0.0003 0.0005 0.0006 0.0007 0.0001 0.0003 0.0003 0.0003 0.0005 0.0004 0.0000 0.0003 0.0003 0.0004 0.0005 0.0003 0.0004 0.0002 0.0007 0.0005 0.0002 0.0004 0.0005 0.0004 0.0002 0.0004 0.0003 0.0005 0.0003 0.0005 0.0006 0.0004 0.0002 0.0003 
0.0080 0.0164 0.0065 0.0005 0.0007 0.0007 0.0003 0.0004 0.0004 0.0002 0.0008 0.0008 0.0009 0.0016 0.0006 0.0005 0.0008 0.0010 0.0003 0.0007 0.0007 0.0018 0.0017 0.0005 0.0008 0.0006 0.0004 0.0003 0.0005 0.0002 0.0003 0.0003 0.0002 0.0004 0.0004 0.0006 0.0002 0.0004 0.0005 0.0003 0.0004 0.0006 0.0004 0.0002 0.0003 0.0003 0.0003 0.0002 0.0005 0.0004 0.0005 0.0002 0.0003 0.0004 0.0002 0.0005 0.0002 0.0004 0.0003 0.0005 0.0001 0.0004 0.0005 0.0001 
0.0057 0.0095 0.0081 0.0030 0.0016 0.0015 0.0014 0.0012 0.0007 0.0003 0.0010 0.0011 0.0013 0.0009 0.0008 0.0005 0.0005 0.0007 0.0005 0.0005 0.0003 0.0007 0.0008 0.0003 0.0004 0.0005 0.0005 0.0008 0.0009 0.0002 0.0006 0.0005 0.0004 0.0006 0.0004 0.0001 0.0003 0.0005 0.0003 0.0002 0.0003 0.0002 0.0004 0.0003 0.0002 0.0004 0.0002 0.0002 0.0002 0.0005 0.0004 0.0004 0.0002 0.0003 0.0004 0.0004 0.0004 0.0005 0.0005 0.0003 0.0003 0.0005 0.0003 0.0004 
0.0064 0.0134 0.0060 0.0032 0.0016 0.0014 0.0008 0.0010 0.0008 0.0006 0.0003 0.0005 0.0008 0.0012 0.0010 0.0005 0.0006 0.0004 0.0006 0.0004 0.0007 0.0002 0.0007 0.0005 0.0006 0.0003 0.0003 0.0006 0.0003 0.0004 0.0005 0.0004 0.0005 0.0006 0.0003 0.0003 0.0006 0.0006 0.0003 0.0004 0.0005 0.0004 0.0005 0.0005 0.0003 0.0003 0.0004 0.0004 0.0002 0.0003 0.0007 0.0002 0.0004 0.0005 0.0003 0.0006 0.0003 0.0002 0.0006 0.0002 0.0005 0.0004 0.0005 0.0006 
0.0031 0.0093 0.0023 0.0013 0.0003 0.0005 0.0005 0.0003 0.0003 0.0002 0.0003 0.0006 0.0003 0.0004 0.0008 0.0003 0.0004 0.0004 0.0005 0.0004 0.0003 0.0004 0.0003 0.0007 0.0004 0.0005 0.0002 0.0004 0.0005 0.0004 0.0003 0.0003 0.0006 0.0003 0.0004 0.0004 0.0004 0.0003 0.0004 0.0002 0.0002 0.0003 0.0004 0.0002 0.0003 0.0003 0.0003 0.0005 0.0005 0.0005 0.0003 0.0004 0.0002 0.0004 0.0004 0.0007 0.0006 0.0001 0.0004 0.0003 0.0003 0.0004 0.0002 0.0003 
0.0034 0.0064 0.0076 0.0095 0.0042 0.0058 0.0095 0.0186 0.0168 0.0066 0.0151 0.0122 0.0137 0.0137 0.0256 0.0274 0.0281 0.0241 0.0293 0.0320 0.0073 0.0196 0.0203 0.0459 0.0606 0.0893 0.1366 0.0876 0.0237 0.0214 0.0154 0.0245 0.0302 0.0243 0.0200 0.0223 0.0231 0.0224 0.0212 0.0172 0.0082 0.0163 0.0061 0.0035 0.0119 0.0166 0.0143 0.0055 0.0105 0.0040 0.0089 0.0108 0.0115 0.0053 0.0120 0.0099 0.0040 0.0046 0.0012 0.0018 0.0039 0.0023 0.0016 0.0010 
0.0139 0.0199 0.0417 0.0229 0.0125 0.0120 0.0054 0.0083 0.0063 0.0055 0.0036 0.0030 0.0107 0.0349 0.0220 0.0178 0.0148 0.0156 0.0087 0.0140 0.0054 0.0134 0.0156 0.0171 0.0398 0.0505 0.0444 0.0450 0.0374 0.0191 0.0176 0.0065 0.0135 0.0077 0.0359 0.0218 0.0046 0.0423 0.0251 0.0231 0.0195 0.0200 0.0061 0.0069 0.0082 0.0141 0.0067 0.0039 0.0036 0.0132 0.0139 0.0137 0.0065 0.0041 0.0025 0.0043 0.0075 0.0028 0.0018 0.0018 0.0011 0.0017 0.0009 0.0007 
0.0107 0.0581 0.0588 0.0450 0.0284 0.0210 0.0100 0.0195 0.0118 0.0037 0.0147 0.0354 0.0627 0.0608 0.0267 0.0238 0.0172 0.0063 0.0098 0.0210 0.0273 0.0192 0.0071 0.0106 0.0186 0.0221 0.0165 0.0360 0.0255 0.0078 0.0059 0.0070 0.0050 0.0032 0.0037 0.0039 0.0035 0.0053 0.0016 0.0023 0.0013 0.0017 0.0016 0.0012 0.0017 0.0011 0.0015 0.0008 0.0026 0.0015 0.0032 0.0034 0.0038 0.0051 0.0069 0.0067 0.0069 0.0036 0.0016 0.0016 0.0004 0.0015 0.0006 0.0006 
0.0127 0.0264 0.0570 0.0371 0.0181 0.0151 0.0074 0.0089 0.0077 0.0037 0.0150 0.0182 0.0460 0.0259 0.0074 0.0076 0.0074 0.0040 0.0068 0.0165 0.0112 0.0121 0.0089 0.0095 0.0099 0.0162 0.0177 0.0140 0.0129 0.0098 0.0069 0.0076 0.0049 0.0097 0.0063 0.0085 0.0102 0.0085 0.0062 0.0058 0.0052 0.0061 0.0043 0.0033 0.0008 0.0023 0.0020 0.0020 0.0025 0.0017 0.0034 0.0034 0.0032 0.0037 0.0029 0.0060 0.0044 0.0016 0.0017 0.0010 0.0022 0.0013 0.0007 0.0004 
0.0127 0.0526 0.0356 0.0390 0.0256 0.0161 0.0098 0.0187 0.0073 0.0031 0.0259 0.0150 0.0266 0.0248 0.0080 0.0097 0.0088 0.0042 0.0111 0.0179 0.0080 0.0069 0.0047 0.0083 0.0085 0.0195 0.0138 0.0170 0.0134 0.0045 0.0053 0.0040 0.0049 0.0013 0.0070 0.0057 0.0057 0.0031 0.0020 0.0014 0.0010 0.0010 0.0028 0.0015 0.0010 0.0021 0.0010 0.0010 0.0011 0.0015 0.0009 0.0009 0.0015 0.0017 0.0023 0.0041 0.0013 0.0012 0.0013 0.0012 0.0012 0.0010 0.0006 0.0004 
0.0064 0.0275 0.0169 0.0143 0.0068 0.0100 0.0029 0.0086 0.0050 0.0030 0.0106 0.0158 0.0099 0.0130 0.0030 0.0056 0.0035 0.0024 0.0022 0.0068 0.0062 0.0022 0.0031 0.0042 0.0037 0.0078 0.0094 0.0056 0.0051 0.0028 0.0054 0.0033 0.0023 0.0026 0.0026 0.0023 0.0036 0.0036 0.0011 0.0011 0.0029 0.0031 0.0014 0.0009 0.0014 0.0019 0.0018 0.0009 0.0013 0.0023 0.0010 0.0035 0.0046 0.0042 0.0037 0.0016 0.0040 0.0013 0.0005 0.0009 0.0016 0.0016 0.0006 0.0005 
0.0062 0.0197 0.0276 0.0089 0.0086 0.0065 0.0034 0.0067 0.0065 0.0029 0.0096 0.0065 0.0041 0.0028 0.0022 0.0044 0.0015 0.0037 0.0028 0.0051 0.0017 0.0028 0.0020 0.0025 0.0014 0.0042 0.0046 0.0042 0.0037 0.0028 0.0042 0.0026 0.0019 0.0014 0.0033 0.0023 0.0023 0.0010 0.0023 0.0024 0.0014 0.0017 0.0021 0.0016 0.0025 0.0021 0.0022 0.0004 0.0018 0.0017 0.0008 0.0019 0.0033 0.0007 0.0027 0.0035 0.0023 0.0020 0.0010 0.0005 0.0009 0.0007 0.0004 0.0007 
0.0035 0.0074 0.0262 0.0071 0.0031 0.0042 0.0025 0.0034 0.0017 0.0012 0.0044 0.0032 0.0038 0.0055 0.0026 0.0012 0.0020 0.0028 0.0024 0.0045 0.0030 0.0010 0.0021 0.0022 0.0019 0.0017 0.0022 0.0015 0.0017 0.0009 0.0033 0.0031 0.0015 0.0027 0.0017 0.0026 0.0019 0.0036 0.0030 0.0015 0.0017 0.0017 0.0018 0.0019 0.0012 0.0026 0.0016 0.0018 0.0011 0.0030 0.0015 0.0014 0.0042 0.0014 0.0017 0.0014 0.0013 0.0013 0.0009 0.0008 0.0014 0.0014 0.0002 0.0004 
0.0047 0.0092 0.0111 0.0050 0.0068 0.0022 0.0024 0.0036 0.0021 0.0021 0.0065 0.0025 0.0040 0.0038 0.0028 0.0047 0.0023 0.0010 0.0019 0.0022 0.0026 0.0012 0.0026 0.0041 0.0010 0.0025 0.0023 0.0027 0.0014 0.0019 0.0039 0.0014 0.0021 0.0024 0.0022 0.0024 0.0025 0.0041 0.0020 0.0031 0.0026 0.0028 0.0014 0.0007 0.0013 0.0030 0.0017 0.0011 0.0012 0.0016 0.0009 0.0023 0.0036 0.0008 0.0034 0.0029 0.0023 0.0005 0.0006 0.0007 0.0030 0.0015 0.0005 0.0006 
0.0079 0.0118 0.0091 0.0037 0.0025 0.0028 0.0015 0.0018 0.0018 0.0010 0.0033 0.0030 0.0054 0.0071 0.0035 0.0027 0.0022 0.0026 0.0022 0.0018 0.0013 0.0007 0.0016 0.0046 0.0016 0.0049 0.0046 0.0018 0.0027 0.0038 0.0030 0.0029 0.0019 0.0043 0.0024 0.0019 0.0019 0.0029 0.0007 0.0015 0.0031 0.0009 0.0028 0.0020 0.0023 0.0019 0.0013 0.0014 0.0019 0.0026 0.0022 0.0012 0.0022 0.0013 0.0020 0.0023 0.0007 0.0003 0.0006 0.0005 0.0013 0.0006 0.0003 0.0007 
0.0077 0.0354 0.0454 0.0201 0.0227 0.0280 0.0129 0.0228 0.0241 0.0131 0.0197 0.0063 0.0102 0.0048 0.0028 0.0053 0.0027 0.0014 0.0049 0.0055 0.0055 0.0021 0.0017 0.0019 0.0059 0.0057 0.0022 0.0058 0.0051 0.0039 0.0020 0.0037 0.0034 0.0026 0.0020 0.0022 0.0022 0.0016 0.0008 0.0013 0.0049 0.0030 0.0031 0.0016 0.0013 0.0026 0.0013 0.0011 0.0008 0.0027 0.0019 0.0015 0.0014 0.0009 0.0009 0.0030 0.0011 0.0004 0.0002 0.0008 0.0008 0.0005 0.0005 0.0005 
0.0169 0.0343 0.0537 0.0462 0.0992 0.0948 0.0422 0.0603 0.0754 0.0522 0.0675 0.0375 0.0321 0.0193 0.0180 0.0256 0.0126 0.0112 0.0278 0.0376 0.0236 0.0136 0.0126 0.0080 0.0200 0.0279 0.0174 0.0388 0.0456 0.0273 0.0262 0.0083 0.0058 0.0103 0.0084 0.0081 0.0120 0.0090 0.0069 0.0071 0.0076 0.0086 0.0067 0.0070 0.0072 0.0067 0.0062 0.0068 0.0064 0.0070 0.0065 0.0068 0.0066 0.0061 0.0056 0.0080 0.0074 0.0068 0.0066 0.0065 0.0076 0.0064 0.0062 0.0060 
0.0178 0.0713 0.0762 0.0749 0.2749 0.3453 0.1224 0.1034 0.1802 0.1007 0.1046 0.0710 0.0598 0.0436 0.0289 0.0420 0.0227 0.0165 0.0274 0.0965 0.0358 0.0372 0.0299 0.0232 0.0332 0.0460 0.0534 0.0595 0.0611 0.0913 0.0406 0.0229 0.0245 0.0164 0.0111 0.0175 0.0184 0.0055 0.0080 0.0089 0.0106 0.0078 0.0090 0.0088 0.0084 0.0086 0.0086 0.0084 0.0090 0.0076 0.0080 0.0082 0.0079 0.0080 0.0077 0.0079 0.0070 0.0076 0.0073 0.0075 0.0067 0.0071 0.0073 0.0073 
0.0065 0.0889 0.0706 0.0991 0.3114 0.3374 0.1201 0.1418 0.2187 0.1204 0.1486 0.0910 0.0698 0.0547 0.0437 0.0572 0.0326 0.0341 0.0475 0.1350 0.0778 0.0461 0.0367 0.0324 0.0469 0.0436 0.0773 0.0947 0.0749 0.0585 0.0710 0.0439 0.0166 0.0151 0.0130 0.0127 0.0124 0.0060 0.0064 0.0010 0.0014 0.0045 0.0012 0.0004 0.0010 0.0007 0.0008 0.0012 0.0022 0.0027 0.0021 0.0025 0.0010 0.0038 0.0044 0.0071 0.0060 0.0011 0.0025 0.0023 0.0024 0.0020 0.0016 0.0020 
0.0140 0.0646 0.0789 0.0617 0.2174 0.4811 0.1011 0.1365 0.1134 0.1638 0.1700 0.0702 0.0750 0.0582 0.0326 0.0470 0.0270 0.0345 0.0393 0.0873 0.1116 0.0582 0.0304 0.0339 0.0441 0.0564 0.0379 0.0864 0.0667 0.0532 0.0609 0.0304 0.0213 0.0125 0.0124 0.0040 0.0166 0.0087 0.0036 0.0033 0.0012 0.0070 0.0024 0.0023 0.0024 0.0020 0.0015 0.0014 0.0025 0.0015 0.0015 0.0016 0.0046 0.0016 0.0049 0.0061 0.0030 0.0023 0.0006 0.0010 0.0011 0.0008 0.0005 0.0004 
0.0063 0.1064 0.0698 0.0583 0.2092 0.4445 0.1679 0.1655 0.1437 0.1559 0.1644 0.0548 0.0953 0.0833 0.0457 0.0455 0.0354 0.0235 0.0597 0.0586 0.0983 0.0894 0.0243 0.0273 0.0677 0.0513 0.0385 0.0589 0.0872 0.0821 0.0512 0.0290 0.0249 0.0214 0.0069 0.0173 0.0124 0.0140 0.0069 0.0040 0.0030 0.0067 0.0039 0.0029 0.0029 0.0026 0.0029 0.0030 0.0012 0.0055 0.0028 0.0026 0.0073 0.0061 0.0080 0.0066 0.0020 0.0050 0.0022 0.0016 0.0039 0.0021 0.0028 0.0031 
0.0097 0.0655 0.0799 0.0526 0.1171 0.3543 0.1234 0.1612 0.1516 0.1953 0.1440 0.0711 0.0563 0.0431 0.0381 0.0383 0.0268 0.0138 0.0379 0.0636 0.0849 0.0567 0.0285 0.0234 0.0242 0.0336 0.0274 0.0636 0.0537 0.0501 0.0521 0.0226 0.0135 0.0065 0.0086 0.0105 0.0103 0.0076 0.0078 0.0020 0.0019 0.0029 0.0029 0.0031 0.0030 0.0030 0.0027 0.0030 0.0028 0.0024 0.0022 0.0039 0.0028 0.0060 0.0053 0.0086 0.0023 0.0032 0.0030 0.0023 0.0024 0.0029 0.0024 0.0023 
0.0431 0.1038 0.0541 0.0347 0.1083 0.3905 0.0776 0.0717 0.1562 0.1379 0.1591 0.0845 0.0680 0.0800 0.0297 0.0364 0.0221 0.0129 0.0287 0.0520 0.0837 0.0939 0.0282 0.0207 0.0376 0.0618 0.0509 0.0727 0.0706 0.0646 0.1127 0.0288 0.0154 0.0133 0.0076 0.0066 0.0023 0.0097 0.0074 0.0037 0.0038 0.0055 0.0012 0.0027 0.0024 0.0022 0.0027 0.0021 0.0021 0.0015 0.0011 0.0023 0.0046 0.0052 0.0085 0.0045 0.0019 0.0015 0.0016 0.0018 0.0018 0.0019 0.0017 0.0019 
0.0055 0.0708 0.0748 0.0618 0.1264 0.2018 0.1112 0.0943 0.1292 0.1715 0.0888 0.0467 0.0317 0.0540 0.0456 0.0306 0.0181 0.0188 0.0275 0.0240 0.0585 0.0309 0.0201 0.0137 0.0270 0.0206 0.0180 0.0255 0.0420 0.0246 0.0478 0.0255 0.0139 0.0116 0.0024 0.0114 0.0068 0.0035 0.0036 0.0036 0.0031 0.0038 0.0041 0.0019 0.0028 0.0022 0.0027 0.0028 0.0022 0.0029 0.0028 0.0026 0.0018 0.0051 0.0053 0.0041 0.0026 0.0023 0.0023 0.0026 0.0018 0.0026 0.0022 0.0024 
0.0298 0.0484 0.0434 0.0258 0.0896 0.1649 0.0529 0.0618 0.0697 0.0740 0.0514 0.0189 0.0121 0.0177 0.0124 0.0165 0.0054 0.0092 0.0164 0.0144 0.0183 0.0163 0.0064 0.0070 0.0094 0.0092 0.0064 0.0104 0.0055 0.0135 0.0169 0.0036 0.0106 0.0104 0.0033 0.0076 0.0020 0.0022 0.0025 0.0024 0.0026 0.0040 0.0020 0.0024 0.0018 0.0016 0.0019 0.0018 0.0012 0.0020 0.0016 0.0017 0.0016 0.0017 0.0020 0.0022 0.0022 0.0021 0.0017 0.0019 0.0017 0.0019 0.0020 0.0018 
0.0137 0.0527 0.0355 0.0213 0.0445 0.0398 0.0254 0.0485 0.0701 0.0147 0.0287 0.0213 0.0067 0.0047 0.0110 0.0087 0.0051 0.0030 0.0082 0.0069 0.0187 0.0015 0.0055 0.0043 0.0046 0.0087 0.0033 0.0080 0.0082 0.0077 0.0137 0.0108 0.0035 0.0059 0.0016 0.0028 0.0007 0.0019 0.0013 0.0012 0.0026 0.0017 0.0046 0.0018 0.0012 0.0014 0.0013 0.0010 0.0011 0.0013 0.0014 0.0015 0.0024 0.0025 0.0019 0.0014 0.0012 0.0011 0.0015 0.0012 0.0014 0.0012 0.0015 0.0013 
0.0072 0.0238 0.0196 0.0094 0.0204 0.0645 0.0171 0.0161 0.0282 0.0263 0.0239 0.0055 0.0084 0.0044 0.0049 0.0025 0.0030 0.0022 0.0028 0.0051 0.0092 0.0089 0.0030 0.0039 0.0012 0.0020 0.0020 0.0031 0.0016 0.0061 0.0110 0.0041 0.0011 0.0023 0.0011 0.0016 0.0008 0.0011 0.0010 0.0011 0.0013 0.0013 0.0010 0.0007 0.0003 0.0003 0.0005 0.0004 0.0005 0.0003 0.0010 0.0005 0.0006 0.0003 0.0003 0.0015 0.0014 0.0010 0.0008 0.0008 0.0005 0.0003 0.0002 0.0003 
0.0011 0.0247 0.0179 0.0102 0.0246 0.0321 0.0143 0.0202 0.0179 0.0263 0.0152 0.0185 0.0106 0.0081 0.0015 0.0041 0.0026 0.0025 0.0076 0.0075 0.0089 0.0055 0.0014 0.0023 0.0022 0.0013 0.0030 0.0018 0.0022 0.0030 0.0055 0.0029 0.0015 0.0017 0.0017 0.0010 0.0014 0.0013 0.0011 0.0013 0.0009 0.0006 0.0008 0.0008 0.0006 0.0010 0.0008 0.0009 0.0008 0.0011 0.0008 0.0006 0.0005 0.0007 0.0008 0.0011 0.0012 0.0012 0.0005 0.0005 0.0008 0.0005 0.0004 0.0006 
0.0082 0.0114 0.0149 0.0057 0.0130 0.0356 0.0195 0.0116 0.0085 0.0197 0.0127 0.0085 0.0080 0.0028 0.0024 0.0034 0.0015 0.0017 0.0069 0.0041 0.0025 0.0037 0.0018 0.0018 0.0017 0.0013 0.0018 0.0010 0.0021 0.0020 0.0024 0.0024 0.0018 0.0019 0.0008 0.0014 0.0006 0.0009 0.0005 0.0012 0.0006 0.0005 0.0008 0.0004 0.0005 0.0005 0.0010 0.0010 0.0004 0.0006 0.0009 0.0006 0.0003 0.0005 0.0007 0.0005 0.0007 0.0005 0.0009 0.0007 0.0009 0.0006 0.0007 0.0005 
0.0023 0.0122 0.0143 0.0079 0.0112 0.0279 0.0121 0.0140 0.0072 0.0207 0.0185 0.0050 0.0034 0.0031 0.0033 0.0026 0.0014 0.0016 0.0039 0.0028 0.0017 0.0011 0.0027 0.0022 0.0047 0.0012 0.0013 0.0019 0.0011 0.0019 0.0016 0.0016 0.0008 0.0005 0.0007 0.0005 0.0007 0.0009 0.0008 0.0004 0.0004 0.0003 0.0009 0.0004 0.0006 0.0004 0.0009 0.0005 0.0004 0.0001 0.0009 0.0007 0.0006 0.0005 0.0006 0.0010 0.0006 0.0009 0.0010 0.0005 0.0005 0.0006 0.0006 0.0007 
0.0048 0.0167 0.0092 0.0043 0.0074 0.0309 0.0025 0.0095 0.0036 0.0160 0.0128 0.0025 0.0043 0.0039 0.0027 0.0034 0.0014 0.0014 0.0043 0.0018 0.0017 0.0014 0.0017 0.0027 0.0035 0.0010 0.0005 0.0012 0.0015 0.0023 0.0015 0.0012 0.0006 0.0005 0.0009 0.0005 0.0007 0.0006 0.0005 0.0004 0.0006 0.0003 0.0007 0.0004 0.0005 0.0002 0.0003 0.0004 0.0004 0.0003 0.0007 0.0004 0.0004 0.0005 0.0007 0.0002 0.0006 0.0005 0.0010 0.0006 0.0006 0.0004 0.0005 0.0006 
0.0049 0.0095 0.0074 0.0045 0.0077 0.0166 0.0027 0.0077 0.0074 0.0090 0.0074 0.0019 0.0026 0.0034 0.0011 0.0011 0.0006 0.0012 0.0017 0.0004 0.0019 0.0008 0.0005 0.0026 0.0039 0.0014 0.0008 0.0005 0.0014 0.0008 0.0005 0.0004 0.0002 0.0005 0.0002 0.0008 0.0004 0.0006 0.0005 0.0002 0.0002 0.0003 0.0004 0.0006 0.0003 0.0003 0.0002 0.0005 0.0005 0.0004 0.0004 0.0004 0.0004 0.0004 0.0003 0.0005 0.0003 0.0003 0.0002 0.0003 0.0002 0.0003 0.0003 0.0002 
0.0005 0.0092 0.0010 0.0051 0.0065 0.0081 0.0056 0.0068 0.0069 0.0019 0.0030 0.0010 0.0022 0.0012 0.0009 0.0011 0.0009 0.0007 0.0006 0.0009 0.0011 0.0014 0.0014 0.0006 0.0016 0.0013 0.0006 0.0007 0.0008 0.0005 0.0004 0.0005 0.0003 0.0005 0.0004 0.0006 0.0002 0.0004 0.0004 0.0006 0.0003 0.0002 0.0002 0.0005 0.0003 0.0004 0.0004 0.0007 0.0002 0.0004 0.0005 0.0004 0.0003 0.0003 0.0003 0.0002 0.0003 0.0004 0.0002 0.0004 0.0005 0.0004 0.0005 0.0004 
0.0012 0.0086 0.0071 0.0022 0.0013 0.0065 0.0036 0.0061 0.0040 0.0021 0.0039 0.0012 0.0018 0.0005 0.0007 0.0005 0.0005 0.0009 0.0007 0.0004 0.0006 0.0005 0.0006 0.0013 0.0024 0.0019 0.0009 0.0011 0.0010 0.0005 0.0004 0.0002 0.0004 0.0004 0.0005 0.0004 0.0008 0.0004 0.0003 0.0004 0.0003 0.0003 0.0003 0.0003 0.0003 0.0004 0.0004 0.0003 0.0006 0.0003 0.0003 0.0005 0.0003 0.0003 0.0005 0.0006 0.0003 0.0005 0.0002 0.0005 0.0004 0.0003 0.0005 0.0003 
0.0016 0.0059 0.0067 0.0015 0.0016 0.0027 0.0036 0.0035 0.0043 0.0046 0.0024 0.0010 0.0008 0.0004 0.0006 0.0007 0.0002 0.0007 0.0007 0.0006 0.0010 0.0009 0.0010 0.0016 0.0033 0.0021 0.0017 0.0005 0.0007 0.0008 0.0006 0.0005 0.0006 0.0006 0.0003 0.0004 0.0004 0.0004 0.0004 0.0004 0.0003 0.0003 0.0001 0.0004 0.0003 0.0003 0.0003 0.0005 0.0003 0.0003 0.0006 0.0003 0.0003 0.0004 0.0006 0.0003 0.0004 0.0004 0.0004 0.0003 0.0002 0.0002 0.0003 0.0004 
0.0017 0.0049 0.0078 0.0012 0.0013 0.0032 0.0025 0.0024 0.0022 0.0039 0.0022 0.0010 0.0018 0.0009 0.0004 0.0007 0.0006 0.0008 0.0006 0.0006 0.0007 0.0002 0.0007 0.0008 0.0016 0.0019 0.0008 0.0005 0.0004 0.0006 0.0006 0.0008 0.0005 0.0007 0.0002 0.0001 0.0001 0.0004 0.0005 0.0004 0.0003 0.0002 0.0002 0.0004 0.0003 0.0004 0.0004 0.0002 0.0003 0.0003 0.0003 0.0004 0.0004 0.0005 0.0003 0.0003 0.0004 0.0002 0.0005 0.0006 0.0004 0.0002 0.0003 0.0003 
0.0022 0.0027 0.0027 0.0012 0.0007 0.0020 0.0019 0.0028 0.0027 0.0023 0.0007 0.0008 0.0011 0.0003 0.0003 0.0008 0.0006 0.0003 0.0006 0.0006 0.0004 0.0004 0.0003 0.0006 0.0013 0.0009 0.0003 0.0007 0.0004 0.0007 0.0004 0.0003 0.0004 0.0005 0.0004 0.0003 0.0006 0.0002 0.0005 0.0003 0.0004 0.0002 0.0006 0.0004 0.0003 0.0003 0.0005 0.0002 0.0003 0.0002 0.0003 0.0004 0.0002 0.0003 0.0003 0.0003 0.0006 0.0003 0.0007 0.0003 0.0004 0.0002 0.0002 0.0003 
0.0011 0.0015 0.0033 0.0017 0.0005 0.0021 0.0019 0.0012 0.0023 0.0012 0.0012 0.0007 0.0008 0.0005 0.0003 0.0003 0.0003 0.0004 0.0006 0.0004 0.0004 0.0002 0.0003 0.0005 0.0003 0.0006 0.0003 0.0001 0.0004 0.0004 0.0005 0.0004 0.0003 0.0007 0.0005 0.0002 0.0004 0.0004 0.0006 0.0003 0.0004 0.0002 0.0004 0.0002 0.0003 0.0004 0.0004 0.0002 0.0004 0.0007 0.0005 0.0005 0.0003 0.0002 0.0001 0.0002 0.0004 0.0004 0.0003 0.0003 0.0003 0.0004 0.0002 0.0003 
0.0011 0.0024 0.0031 0.0012 0.0006 0.0018 0.0021 0.0019 0.0014 0.0010 0.0008 0.0004 0.0003 0.0005 0.0003 0.0003 0.0004 0.0004 0.0004 0.0005 0.0006 0.0004 0.0002 0.0006 0.0007 0.0003 0.0004 0.0004 0.0005 0.0004 0.0004 0.0004 0.0005 0.0003 0.0003 0.0002 0.0003 0.0002 0.0002 0.0005 0.0004 0.0004 0.0003 0.0003 0.0002 0.0007 0.0003 0.0003 0.0002 0.0003 0.0003 0.0006 0.0005 0.0004 0.0001 0.0004 0.0003 0.0004 0.0002 0.0003 0.0002 0.0003 0.0004 0.0003 
0.0005 0.0015 0.0015 0.0007 0.0006 0.0021 0.0013 0.0018 0.0004 0.0004 0.0004 0.0011 0.0002 0.0007 0.0003 0.0007 0.0003 0.0004 0.0002 0.0004 0.0003 0.0004 0.0006 0.0004 0.0003 0.0004 0.0003 0.0002 0.0006 0.0004 0.0006 0.0002 0.0003 0.0005 0.0003 0.0002 0.0004 0.0004 0.0003 0.0002 0.0003 0.0003 0.0002 0.0005 0.0002 0.0006 0.0005 0.0004 0.0003 0.0005 0.0002 0.0001 0.0001 0.0003 0.0003 0.0004 0.0004 0.0004 0.0003 0.0004 0.0002 0.0004 0.0003 0.0002 
0.0004 0.0011 0.0009 0.0006 0.0010 0.0010 0.0010 0.0023 0.0005 0.0005 0.0007 0.0004 0.0004 0.0006 0.0004 0.0009 0.0005 0.0005 0.0003 0.0002 0.0001 0.0001 0.0003 0.0005 0.0003 0.0006 0.0002 0.0004 0.0004 0.0002 0.0002 0.0003 0.0005 0.0003 0.0005 0.0005 0.0005 0.0004 0.0004 0.0004 0.0001 0.0004 0.0003 0.0006 0.0002 0.0003 0.0005 0.0003 0.0004 0.0008 0.0006 0.0005 0.0004 0.0004 0.0003 0.0003 0.0003 0.0003 0.0005 0.0003 0.0004 0.0002 0.0003 0.0002 
0.0004 0.0010 0.0020 0.0010 0.0007 0.0007 0.0007 0.0005 0.0010 0.0004 0.0005 0.0007 0.0003 0.0005 0.0004 0.0004 0.0007 0.0002 0.0002 0.0003 0.0003 0.0004 0.0005 0.0002 0.0007 0.0008 0.0004 0.0005 0.0006 0.0002 0.0004 0.0002 0.0004 0.0005 0.0003 0.0004 0.0004 0.0003 0.0004 0.0003 0.0004 0.0004 0.0005 0.0004 0.0003 0.0003 0.0003 0.0004 0.0008 0.0002 0.0005 0.0001 0.0004 0.0003 0.0005 0.0002 0.0002 0.0006 0.0002 0.0003 0.0003 0.0002 0.0005 0.0001 
0.0006 0.0007 0.0023 0.0007 0.0002 0.0009 0.0005 0.0010 0.0009 0.0003 0.0005 0.0004 0.0005 0.0007 0.0004 0.0004 0.0005 0.0005 0.0003 0.0005 0.0002 0.0008 0.0003 0.0003 0.0004 0.0004 0.0003 0.0002 0.0004 0.0003 0.0003 0.0003 0.0004 0.0004 0.0002 0.0006 0.0005 0.0002 0.0005 0.0004 0.0003 0.0004 0.0004 0.0003 0.0002 0.0004 0.0005 0.0003 0.0004 0.0006 0.0002 0.0002 0.0003 0.0002 0.0003 0.0003 0.0002 0.0006 0.0003 0.0004 0.0003 0.0005 0.0002 0.0004 
0.0004 0.0006 0.0014 0.0015 0.0003 0.0004 0.0003 0.0007 0.0005 0.0004 0.0008 0.0004 0.0004 0.0005 0.0003 0.0003 0.0007 0.0003 0.0003 0.0003 0.0005 0.0003 0.0004 0.0002 0.0005 0.0003 0.0004 0.0004 0.0003 0.0003 0.0004 0.0003 0.0004 0.0005 0.0002 0.0003 0.0004 0.0004 0.0003 0.0004 0.0003 0.0005 0.0002 0.0002 0.0003 0.0005 0.0003 0.0003 0.0003 0.0005 0.0005 0.0003 0.0004 0.0005 0.0006 0.0003 0.0005 0.0002 0.0001 0.0004 0.0002 0.0004 0.0004 0.0004 
0.0005 0.0009 0.0013 0.0004 0.0004 0.0004 0.0007 0.0005 0.0003 0.0002 0.0005 0.0006 0.0002 0.0006 0.0005 0.0002 0.0003 0.0006 0.0003 0.0005 0.0003 0.0002 0.0005 0.0003 0.0005 0.0006 0.0002 0.0004 0.0001 0.0003 0.0004 0.0002 0.0004 0.0002 0.0004 0.0004 0.0004 0.0003 0.0004 0.0006 0.0002 0.0002 0.0002 0.0006 0.0003 0.0004 0.0003 0.0003 0.0005 0.0003 0.0004 0.0006 0.0004 0.0004 0.0004 0.0001 0.0006 0.0003 0.0001 0.0002 0.0004 0.0003 0.0002 0.0005 
0.0004 0.0014 0.0013 0.0006 0.0003 0.0008 0.0005 0.0005 0.0006 0.0005 0.0005 0.0006 0.0004 0.0004 0.0002 0.0003 0.0005 0.0003 0.0003 0.0004 0.0003 0.0003 0.0004 0.0003 0.0007 0.0002 0.0004 0.0005 0.0003 0.0006 0.0003 0.0004 0.0003 0.0003 0.0002 0.0003 0.0003 0.0004 0.0005 0.0002 0.0003 0.0004 0.0006 0.0005 0.0004 0.0003 0.0004 0.0003 0.0003 0.0005 0.0002 0.0004 0.0003 0.0004 0.0003 0.0002 0.0003 0.0003 0.0003 0.0003 0.0002 0.0005 0.0003 0.0001 
0.0005 0.0009 0.0011 0.0005 0.0005 0.0003 0.0006 0.0006 0.0005 0.0004 0.0004 0.0003 0.0005 0.0008 0.0002 0.0003 0.0005 0.0004 0.0004 0.0003 0.0004 0.0002 0.0004 0.0002 0.0003 0.0004 0.0002 0.0004 0.0006 0.0003 0.0002 0.0002 0.0003 0.0003 0.0001 0.0003 0.0003 0.0003 0.0002 0.0004 0.0004 0.0004 0.0006 0.0002 0.0004 0.0005 0.0004 0.0005 0.0003 0.0002 0.0003 0.0003 0.0005 0.0006 0.0002 0.0003 0.0004 0.0001 0.0002 0.0003 0.0003 0.0004 0.0004 0.0002 
0.0004 0.0010 0.0007 0.0006 0.0003 0.0002 0.0004 0.0009 0.0005 0.0004 0.0002 0.0004 0.0004 0.0003 0.0006 0.0004 0.0003 0.0004 0.0005 0.0002 0.0002 0.0004 0.0004 0.0004 0.0005 0.0002 0.0003 0.0003 0.0005 0.0004 0.0003 0.0003 0.0005 0.0007 0.0004 0.0003 0.0002 0.0005 0.0003 0.0004 0.0004 0.0002 0.0003 0.0005 0.0002 0.0002 0.0004 0.0004 0.0004 0.0005 0.0004 0.0004 0.0004 0.0003 0.0004 0.0004 0.0003 0.0002 0.0004 0.0002 0.0003 0.0006 0.0003 0.0003 
0.0004 0.0007 0.0004 0.0010 0.0001 0.0003 0.0004 0.0003 0.0003 0.0002 0.0005 0.0002 0.0008 0.0003 0.0006 0.0004 0.0003 0.0006 0.0005 0.0003 0.0003 0.0004 0.0002 0.0004 0.0003 0.0002 0.0004 0.0002 0.0005 0.0005 0.0003 0.0004 0.0003 0.0001 0.0003 0.0002 0.0003 0.0002 0.0003 0.0003 0.0002 0.0004 0.0004 0.0002 0.0003 0.0002 0.0003 0.0003 0.0003 0.0003 0.0002 0.0003 0.0002 0.0004 0.0003 0.0002 0.0003 0.0004 0.0001 0.0006 0.0004 0.0003 0.0002 0.0004 
0.0003 0.0009 0.0012 0.0007 0.0005 0.0004 0.0004 0.0004 0.0003 0.0002 0.0005 0.0007 0.0006 0.0004 0.0005 0.0004 0.0003 0.0003 0.0004 0.0003 0.0002 0.0005 0.0004 0.0006 0.0005 0.0003 0.0002 0.0006 0.0002 0.0002 0.0004 0.0005 0.0003 0.0003 0.0003 0.0004 0.0003 0.0004 0.0004 0.0001 0.0002 0.0003 0.0005 0.0004 0.0004 0.0005 0.0004 0.0006 0.0004 0.0003 0.0003 0.0001 0.0002 0.0003 0.0004 0.0003 0.0003 0.0005 0.0005 0.0002 0.0004 0.0004 0.0003 0.0003 
