0.0005 0.0013 0.0003 0.0005 0.0005 0.0003 0.0002 0.0006 0.0004 0.0007 0.0004 0.0006 0.0009 0.0009 0.0003 0.0004 0.0007 0.0003 0.0006 0.0006 0.0004 0.0005 0.0003 0.0002 0.0005 0.0007 0.0006 0.0005 0.0004 0.0005 0.0005 0.0004 0.0006 0.0006 0.0005 0.0003 0.0005 0.0003 0.0004 0.0005 0.0001 0.0004 0.0008 0.0004 0.0006 0.0007 0.0005 0.0004 0.0004 0.0004 0.0004 0.0006 0.0007 0.0004 0.0005 0.0005 0.0005 0.0007 0.0005 0.0006 0.0005 0.0006 0.0002 0.0004 
0.0004 0.0003 0.0003 0.0001 0.0004 0.0003 0.0002 0.0003 0.0003 0.0002 0.0005 0.0003 0.0003 0.0004 0.0005 0.0004 0.0003 0.0004 0.0005 0.0006 0.0003 0.0003 0.0002 0.0003 0.0003 0.0005 0.0004 0.0005 0.0003 0.0004 0.0004 0.0004 0.0003 0.0003 0.0001 0.0002 0.0002 0.0003 0.0007 0.0006 0.0003 0.0003 0.0002 0.0003 0.0006 0.0003 0.0004 0.0003 0.0004 0.0001 0.0004 0.0004 0.0004 0.0003 0.0004 0.0004 0.0005 0.0007 0.0003 0.0003 0.0003 0.0003 0.0003 0.0002 
0.0008 0.0010 0.0004 0.0003 0.0005 0.0003 0.0002 0.0002 0.0004 0.0003 0.0005 0.0005 0.0004 0.0008 0.0002 0.0002 0.0003 0.0003 0.0002 0.0004 0.0003 0.0004 0.0005 0.0002 0.0003 0.0005 0.0003 0.0004 0.0004 0.0003 0.0003 0.0005 0.0005 0.0003 0.0003 0.0003 0.0003 0.0001 0.0002 0.0003 0.0004 0.0002 0.0003 0.0004 0.0003 0.0006 0.0006 0.0004 0.0004 0.0002 0.0005 0.0003 0.0004 0.0002 0.0001 0.0004 0.0004 0.0004 0.0003 0.0005 0.0002 0.0003 0.0003 0.0004 
0.0006 0.0005 0.0005 0.0001 0.0004 0.0005 0.0003 0.0003 0.0001 0.0004 0.0003 0.0003 0.0003 0.0005 0.0005 0.0006 0.0004 0.0003 0.0004 0.0002 0.0003 0.0003 0.0003 0.0003 0.0001 0.0003 0.0004 0.0003 0.0001 0.0003 0.0004 0.0006 0.0002 0.0003 0.0004 0.0003 0.0001 0.0002 0.0005 0.0002 0.0003 0.0004 0.0002 0.0002 0.0003 0.0004 0.0002 0.0006 0.0004 0.0004 0.0005 0.0004 0.0003 0.0004 0.0004 0.0003 0.0003 0.0003 0.0003 0.0002 0.0001 0.0002 0.0002 0.0004 
0.0001 0.0005 0.0003 0.0004 0.0006 0.0001 0.0005 0.0005 0.0002 0.0004 0.0004 0.0004 0.0004 0.0006 0.0004 0.0001 0.0002 0.0003 0.0003 0.0002 0.0003 0.0002 0.0004 0.0003 0.0003 0.0004 0.0006 0.0002 0.0003 0.0005 0.0004 0.0004 0.0004 0.0001 0.0003 0.0003 0.0001 0.0003 0.0004 0.0002 0.0004 0.0003 0.0005 0.0001 0.0001 0.0004 0.0003 0.0004 0.0002 0.0004 0.0003 0.0003 0.0003 0.0002 0.0004 0.0004 0.0002 0.0003 0.0003 0.0002 0.0004 0.0002 0.0003 0.0002 
0.0003 0.0007 0.0002 0.0002 0.0005 0.0004 0.0004 0.0003 0.0001 0.0003 0.0003 0.0005 0.0005 0.0006 0.0006 0.0003 0.0004 0.0004 0.0003 0.0004 0.0002 0.0003 0.0003 0.0003 0.0007 0.0002 0.0002 0.0002 0.0003 0.0003 0.0003 0.0005 0.0005 0.0002 0.0003 0.0003 0.0003 0.0003 0.0004 0.0003 0.0003 0.0004 0.0002 0.0003 0.0004 0.0005 0.0003 0.0003 0.0006 0.0003 0.0004 0.0005 0.0004 0.0004 0.0003 0.0004 0.0004 0.0004 0.0004 0.0004 0.0002 0.0005 0.0004 0.0006 
0.0004 0.0008 0.0004 0.0002 0.0006 0.0002 0.0004 0.0003 0.0003 0.0002 0.0004 0.0004 0.0005 0.0006 0.0004 0.0002 0.0002 0.0003 0.0004 0.0003 0.0003 0.0002 0.0002 0.0004 0.0005 0.0003 0.0005 0.0003 0.0003 0.0005 0.0004 0.0004 0.0002 0.0005 0.0006 0.0003 0.0007 0.0004 0.0001 0.0003 0.0002 0.0004 0.0001 0.0003 0.0003 0.0003 0.0002 0.0005 0.0002 0.0003 0.0003 0.0002 0.0004 0.0002 0.0004 0.0003 0.0003 0.0001 0.0004 0.0004 0.0004 0.0003 0.0002 0.0004 
0.0007 0.0007 0.0008 0.0003 0.0003 0.0003 0.0003 0.0002 0.0003 0.0004 0.0003 0.0003 0.0002 0.0004 0.0008 0.0005 0.0002 0.0003 0.0005 0.0005 0.0003 0.0003 0.0004 0.0003 0.0002 0.0004 0.0003 0.0004 0.0004 0.0003 0.0002 0.0001 0.0002 0.0003 0.0002 0.0003 0.0003 0.0003 0.0005 0.0003 0.0003 0.0001 0.0001 0.0003 0.0003 0.0002 0.0004 0.0003 0.0005 0.0003 0.0004 0.0004 0.0002 0.0002 0.0003 0.0004 0.0005 0.0003 0.0003 0.0003 0.0006 0.0006 0.0004 0.0002 
0.0001 0.0007 0.0004 0.0005 0.0005 0.0003 0.0003 0.0003 0.0002 0.0002 0.0005 0.0004 0.0003 0.0003 0.0004 0.0003 0.0002 0.0005 0.0004 0.0003 0.0001 0.0004 0.0003 0.0005 0.0004 0.0005 0.0001 0.0003 0.0003 0.0002 0.0004 0.0003 0.0004 0.0003 0.0003 0.0001 0.0002 0.0003 0.0005 0.0004 0.0001 0.0001 0.0002 0.0002 0.0004 0.0001 0.0003 0.0002 0.0004 0.0003 0.0004 0.0004 0.0005 0.0004 0.0005 0.0003 0.0005 0.0002 0.0002 0.0002 0.0003 0.0004 0.0002 0.0002 
0.0007 0.0007 0.0004 0.0002 0.0002 0.0002 0.0004 0.0004 0.0002 0.0002 0.0004 0.0004 0.0003 0.0005 0.0002 0.0005 0.0003 0.0002 0.0006 0.0003 0.0004 0.0004 0.0004 0.0003 0.0004 0.0004 0.0002 0.0003 0.0002 0.0003 0.0003 0.0002 0.0004 0.0005 0.0003 0.0003 0.0006 0.0006 0.0002 0.0004 0.0006 0.0003 0.0003 0.0004 0.0002 0.0005 0.0006 0.0003 0.0002 0.0005 0.0001 0.0004 0.0003 0.0002 0.0005 0.0003 0.0002 0.0003 0.0004 0.0002 0.0004 0.0003 0.0005 0.0006 
0.0005 0.0009 0.0003 0.0006 0.0005 0.0002 0.0005 0.0002 0.0003 0.0004 0.0003 0.0004 0.0004 0.0007 0.0002 0.0003 0.0002 0.0003 0.0005 0.0005 0.0004 0.0002 0.0003 0.0002 0.0002 0.0002 0.0004 0.0001 0.0003 0.0002 0.0003 0.0003 0.0004 0.0003 0.0003 0.0003 0.0004 0.0005 0.0002 0.0005 0.0004 0.0001 0.0005 0.0003 0.0003 0.0003 0.0006 0.0005 0.0004 0.0003 0.0007 0.0003 0.0005 0.0004 0.0002 0.0003 0.0002 0.0002 0.0003 0.0002 0.0004 0.0002 0.0004 0.0003 
0.0005 0.0009 0.0004 0.0004 0.0005 0.0001 0.0002 0.0004 0.0004 0.0002 0.0006 0.0004 0.0004 0.0006 0.0003 0.0002 0.0002 0.0005 0.0004 0.0003 0.0002 0.0003 0.0005 0.0001 0.0005 0.0003 0.0003 0.0005 0.0002 0.0004 0.0003 0.0003 0.0004 0.0003 0.0003 0.0003 0.0002 0.0005 0.0006 0.0002 0.0001 0.0004 0.0001 0.0003 0.0002 0.0002 0.0002 0.0005 0.0004 0.0006 0.0003 0.0002 0.0004 0.0005 0.0001 0.0006 0.0002 0.0004 0.0004 0.0004 0.0004 0.0004 0.0003 0.0005 
0.0004 0.0010 0.0008 0.0002 0.0004 0.0003 0.0003 0.0005 0.0003 0.0002 0.0002 0.0006 0.0002 0.0004 0.0005 0.0006 0.0003 0.0001 0.0005 0.0002 0.0003 0.0002 0.0002 0.0004 0.0004 0.0004 0.0004 0.0004 0.0002 0.0004 0.0002 0.0003 0.0003 0.0004 0.0004 0.0003 0.0003 0.0003 0.0003 0.0001 0.0004 0.0002 0.0006 0.0004 0.0004 0.0005 0.0003 0.0003 0.0004 0.0003 0.0004 0.0002 0.0004 0.0005 0.0004 0.0003 0.0005 0.0002 0.0003 0.0003 0.0002 0.0001 0.0002 0.0002 
0.0006 0.0007 0.0007 0.0002 0.0005 0.0004 0.0003 0.0002 0.0004 0.0004 0.0003 0.0004 0.0003 0.0006 0.0004 0.0003 0.0003 0.0006 0.0003 0.0003 0.0004 0.0003 0.0003 0.0003 0.0005 0.0002 0.0003 0.0005 0.0002 0.0005 0.0003 0.0003 0.0004 0.0003 0.0003 0.0002 0.0005 0.0004 0.0002 0.0004 0.0003 0.0002 0.0003 0.0004 0.0004 0.0002 0.0006 0.0003 0.0006 0.0002 0.0004 0.0002 0.0004 0.0004 0.0003 0.0002 0.0002 0.0002 0.0005 0.0003 0.0002 0.0003 0.0003 0.0002 
0.0007 0.0007 0.0005 0.0004 0.0004 0.0005 0.0001 0.0002 0.0003 0.0002 0.0004 0.0005 0.0002 0.0004 0.0005 0.0006 0.0002 0.0002 0.0002 0.0001 0.0004 0.0004 0.0004 0.0004 0.0004 0.0002 0.0002 0.0003 0.0001 0.0004 0.0004 0.0006 0.0005 0.0003 0.0003 0.0003 0.0003 0.0006 0.0005 0.0001 0.0002 0.0003 0.0003 0.0004 0.0003 0.0003 0.0003 0.0005 0.0005 0.0003 0.0006 0.0002 0.0003 0.0004 0.0005 0.0003 0.0005 0.0002 0.0003 0.0003 0.0004 0.0002 0.0003 0.0002 
0.0013 0.0010 0.0009 0.0004 0.0003 0.0005 0.0003 0.0004 0.0004 0.0004 0.0003 0.0003 0.0003 0.0003 0.0004 0.0006 0.0004 0.0002 0.0004 0.0002 0.0003 0.0003 0.0004 0.0001 0.0002 0.0002 0.0003 0.0003 0.0005 0.0003 0.0004 0.0003 0.0003 0.0004 0.0004 0.0005 0.0003 0.0002 0.0002 0.0004 0.0003 0.0004 0.0004 0.0002 0.0002 0.0004 0.0002 0.0005 0.0005 0.0004 0.0004 0.0006 0.0004 0.0004 0.0003 0.0003 0.0004 0.0003 0.0003 0.0003 0.0004 0.0005 0.0002 0.0003 
0.0008 0.0015 0.0004 0.0003 0.0003 0.0003 0.0002 0.0003 0.0002 0.0002 0.0003 0.0005 0.0003 0.0005 0.0006 0.0005 0.0001 0.0002 0.0002 0.0002 0.0004 0.0003 0.0003 0.0002 0.0004 0.0004 0.0003 0.0005 0.0004 0.0002 0.0005 0.0005 0.0006 0.0004 0.0004 0.0003 0.0003 0.0004 0.0002 0.0002 0.0005 0.0003 0.0002 0.0003 0.0003 0.0001 0.0002 0.0003 0.0004 0.0004 0.0004 0.0008 0.0006 0.0003 0.0002 0.0006 0.0004 0.0004 0.0003 0.0003 0.0004 0.0003 0.0002 0.0002 
0.0005 0.0008 0.0006 0.0004 0.0006 0.0005 0.0004 0.0004 0.0003 0.0003 0.0002 0.0002 0.0003 0.0003 0.0004 0.0003 0.0003 0.0004 0.0005 0.0006 0.0002 0.0003 0.0002 0.0002 0.0003 0.0002 0.0001 0.0005 0.0003 0.0004 0.0004 0.0003 0.0004 0.0004 0.0004 0.0002 0.0003 0.0002 0.0003 0.0004 0.0003 0.0003 0.0004 0.0003 0.0002 0.0004 0.0004 0.0002 0.0001 0.0003 0.0005 0.0005 0.0002 0.0005 0.0004 0.0004 0.0002 0.0004 0.0002 0.0003 0.0006 0.0005 0.0003 0.0001 
0.0005 0.0010 0.0005 0.0004 0.0002 0.0004 0.0004 0.0002 0.0004 0.0002 0.0005 0.0002 0.0003 0.0006 0.0003 0.0005 0.0002 0.0003 0.0003 0.0002 0.0003 0.0003 0.0003 0.0003 0.0003 0.0002 0.0003 0.0003 0.0002 0.0004 0.0002 0.0003 0.0004 0.0005 0.0004 0.0003 0.0002 0.0003 0.0007 0.0003 0.0005 0.0003 0.0005 0.0004 0.0005 0.0003 0.0002 0.0003 0.0004 0.0005 0.0002 0.0004 0.0005 0.0002 0.0005 0.0005 0.0003 0.0004 0.0004 0.0004 0.0003 0.0003 0.0004 0.0004 
0.0001 0.0006 0.0001 0.0003 0.0004 0.0003 0.0004 0.0005 0.0004 0.0002 0.0006 0.0002 0.0004 0.0006 0.0005 0.0004 0.0004 0.0005 0.0002 0.0004 0.0004 0.0002 0.0004 0.0002 0.0002 0.0002 0.0005 0.0005 0.0002 0.0001 0.0002 0.0004 0.0004 0.0003 0.0007 0.0003 0.0002 0.0002 0.0006 0.0004 0.0002 0.0004 0.0003 0.0003 0.0002 0.0003 0.0005 0.0004 0.0004 0.0004 0.0004 0.0003 0.0004 0.0007 0.0005 0.0003 0.0005 0.0003 0.0003 0.0004 0.0003 0.0002 0.0002 0.0004 
0.0002 0.0011 0.0004 0.0002 0.0006 0.0004 0.0003 0.0003 0.0002 0.0001 0.0003 0.0003 0.0002 0.0005 0.0004 0.0002 0.0002 0.0004 0.0008 0.0005 0.0006 0.0003 0.0001 0.0004 0.0004 0.0003 0.0002 0.0002 0.0003 0.0005 0.0003 0.0003 0.0004 0.0006 0.0005 0.0003 0.0002 0.0003 0.0003 0.0002 0.0004 0.0002 0.0003 0.0004 0.0001 0.0006 0.0002 0.0002 0.0003 0.0005 0.0004 0.0003 0.0004 0.0003 0.0001 0.0004 0.0003 0.0003 0.0003 0.0002 0.0005 0.0003 0.0003 0.0004 
0.0001 0.0005 0.0005 0.0002 0.0003 0.0006 0.0004 0.0005 0.0004 0.0003 0.0004 0.0004 0.0006 0.0005 0.0002 0.0005 0.0003 0.0005 0.0002 0.0004 0.0004 0.0002 0.0002 0.0004 0.0002 0.0004 0.0003 0.0002 0.0003 0.0003 0.0002 0.0005 0.0005 0.0005 0.0004 0.0003 0.0004 0.0003 0.0001 0.0002 0.0003 0.0003 0.0003 0.0003 0.0004 0.0005 0.0004 0.0003 0.0002 0.0003 0.0002 0.0005 0.0004 0.0005 0.0006 0.0003 0.0003 0.0003 0.0004 0.0005 0.0006 0.0004 0.0003 0.0003 
0.0005 0.0007 0.0005 0.0004 0.0005 0.0003 0.0001 0.0005 0.0005 0.0003 0.0004 0.0006 0.0003 0.0003 0.0004 0.0002 0.0005 0.0001 0.0004 0.0006 0.0001 0.0003 0.0002 0.0004 0.0003 0.0002 0.0003 0.0002 0.0004 0.0002 0.0004 0.0001 0.0003 0.0004 0.0007 0.0001 0.0003 0.0004 0.0008 0.0002 0.0003 0.0002 0.0004 0.0001 0.0004 0.0005 0.0004 0.0002 0.0004 0.0006 0.0007 0.0003 0.0004 0.0003 0.0002 0.0003 0.0005 0.0005 0.0004 0.0003 0.0003 0.0004 0.0005 0.0002 
0.0005 0.0006 0.0005 0.0003 0.0005 0.0003 0.0002 0.0003 0.0001 0.0003 0.0006 0.0005 0.0004 0.0005 0.0008 0.0004 0.0004 0.0002 0.0003 0.0003 0.0002 0.0003 0.0003 0.0003 0.0005 0.0004 0.0002 0.0003 0.0003 0.0002 0.0003 0.0004 0.0006 0.0002 0.0005 0.0004 0.0002 0.0005 0.0003 0.0005 0.0002 0.0003 0.0002 0.0003 0.0001 0.0002 0.0001 0.0004 0.0003 0.0005 0.0005 0.0004 0.0003 0.0003 0.0002 0.0003 0.0004 0.0004 0.0003 0.0001 0.0003 0.0005 0.0005 0.0005 
0.0007 0.0011 0.0003 0.0004 0.0007 0.0004 0.0004 0.0003 0.0001 0.0002 0.0004 0.0004 0.0004 0.0007 0.0005 0.0004 0.0002 0.0002 0.0005 0.0006 0.0006 0.0003 0.0004 0.0002 0.0003 0.0004 0.0005 0.0003 0.0004 0.0003 0.0004 0.0003 0.0002 0.0002 0.0006 0.0003 0.0002 0.0003 0.0004 0.0002 0.0001 0.0003 0.0003 0.0005 0.0003 0.0003 0.0003 0.0003 0.0004 0.0003 0.0006 0.0003 0.0004 0.0002 0.0004 0.0003 0.0005 0.0003 0.0004 0.0004 0.0004 0.0004 0.0002 0.0006 
0.0005 0.0007 0.0007 0.0003 0.0005 0.0002 0.0003 0.0002 0.0004 0.0002 0.0003 0.0006 0.0004 0.0004 0.0002 0.0005 0.0002 0.0002 0.0002 0.0002 0.0003 0.0003 0.0005 0.0003 0.0007 0.0003 0.0002 0.0006 0.0003 0.0002 0.0008 0.0004 0.0004 0.0003 0.0004 0.0002 0.0002 0.0004 0.0005 0.0005 0.0003 0.0003 0.0003 0.0002 0.0003 0.0003 0.0004 0.0001 0.0004 0.0005 0.0006 0.0004 0.0004 0.0004 0.0004 0.0003 0.0003 0.0003 0.0002 0.0005 0.0002 0.0002 0.0002 0.0004 
0.0058 0.0069 0.0102 0.0037 0.0033 0.0014 0.0017 0.0040 0.0011 0.0013 0.0012 0.0015 0.0029 0.0030 0.0024 0.0067 0.0034 0.0021 0.0020 0.0023 0.0027 0.0022 0.0011 0.0012 0.0024 0.0016 0.0019 0.0023 0.0020 0.0020 0.0016 0.0012 0.0013 0.0010 0.0008 0.0008 0.0006 0.0046 0.0015 0.0012 0.0019 0.0021 0.0019 0.0010 0.0006 0.0016 0.0006 0.0011 0.0007 0.0010 0.0011 0.0004 0.0011 0.0011 0.0008 0.0012 0.0008 0.0005 0.0001 0.0004 0.0004 0.0003 0.0005 0.0005 
0.0171 0.0524 0.0691 0.1299 0.0737 0.0213 0.0212 0.0285 0.0109 0.0040 0.0116 0.0108 0.0259 0.0747 0.0646 0.2177 0.1918 0.0656 0.0650 0.1316 0.0823 0.0548 0.0254 0.0155 0.0241 0.0332 0.0296 0.0447 0.0407 0.0277 0.0210 0.0023 0.0031 0.0029 0.0026 0.0046 0.0039 0.0132 0.0022 0.0016 0.0012 0.0013 0.0011 0.0012 0.0014 0.0013 0.0008 0.0013 0.0015 0.0014 0.0016 0.0021 0.0015 0.0040 0.0022 0.0079 0.0015 0.0011 0.0018 0.0005 0.0006 0.0005 0.0006 0.0008 
0.0291 0.0354 0.0814 0.1382 0.0559 0.0398 0.0163 0.0237 0.0183 0.0118 0.0158 0.0196 0.0288 0.0316 0.0499 0.1293 0.1236 0.1358 0.0843 0.0954 0.1125 0.0569 0.0236 0.0234 0.0431 0.0367 0.0335 0.0355 0.0245 0.0178 0.0172 0.0071 0.0064 0.0093 0.0044 0.0043 0.0119 0.0079 0.0070 0.0027 0.0027 0.0026 0.0022 0.0024 0.0018 0.0017 0.0020 0.0024 0.0021 0.0020 0.0027 0.0027 0.0033 0.0026 0.0016 0.0065 0.0018 0.0029 0.0018 0.0013 0.0010 0.0009 0.0008 0.0008 
0.0278 0.0856 0.0825 0.1110 0.0954 0.0358 0.0171 0.0243 0.0137 0.0117 0.0162 0.0251 0.0412 0.0398 0.0517 0.1934 0.1349 0.1645 0.1163 0.1160 0.1156 0.1553 0.0680 0.0354 0.0587 0.0671 0.0594 0.0481 0.0398 0.0296 0.0295 0.0106 0.0063 0.0042 0.0066 0.0064 0.0037 0.0141 0.0050 0.0044 0.0029 0.0031 0.0031 0.0033 0.0037 0.0036 0.0039 0.0040 0.0037 0.0040 0.0083 0.0068 0.0063 0.0066 0.0073 0.0097 0.0019 0.0047 0.0022 0.0024 0.0020 0.0016 0.0018 0.0021 
0.0223 0.0885 0.0733 0.0699 0.1139 0.0698 0.0369 0.0397 0.0181 0.0073 0.0110 0.0252 0.0372 0.0463 0.0878 0.1288 0.1427 0.1560 0.1725 0.1213 0.1537 0.1309 0.0622 0.0375 0.0476 0.0518 0.0466 0.0362 0.0197 0.0228 0.0393 0.0087 0.0192 0.0187 0.0036 0.0146 0.0062 0.0124 0.0093 0.0062 0.0052 0.0038 0.0045 0.0034 0.0036 0.0035 0.0035 0.0038 0.0044 0.0044 0.0080 0.0079 0.0072 0.0056 0.0121 0.0094 0.0117 0.0097 0.0053 0.0035 0.0035 0.0035 0.0032 0.0034 
0.0339 0.0718 0.0715 0.0678 0.0909 0.0733 0.0298 0.0300 0.0196 0.0036 0.0145 0.0197 0.0283 0.0557 0.0490 0.1563 0.0908 0.0885 0.0864 0.0757 0.0893 0.1297 0.0297 0.0208 0.0410 0.0306 0.0264 0.0334 0.0134 0.0154 0.0330 0.0079 0.0134 0.0072 0.0100 0.0096 0.0130 0.0095 0.0047 0.0057 0.0053 0.0032 0.0022 0.0030 0.0028 0.0027 0.0028 0.0030 0.0026 0.0032 0.0072 0.0079 0.0087 0.0034 0.0069 0.0096 0.0046 0.0069 0.0052 0.0024 0.0011 0.0024 0.0021 0.0024 
0.0091 0.0904 0.0712 0.0699 0.1548 0.1234 0.0370 0.0306 0.0347 0.0070 0.0194 0.0407 0.0475 0.0901 0.1588 0.2747 0.1997 0.1130 0.0910 0.1459 0.1442 0.1028 0.0408 0.0536 0.0442 0.0440 0.0575 0.0408 0.0295 0.0407 0.0547 0.0128 0.0219 0.0109 0.0078 0.0091 0.0054 0.0228 0.0060 0.0033 0.0054 0.0035 0.0024 0.0015 0.0014 0.0014 0.0010 0.0025 0.0007 0.0049 0.0070 0.0072 0.0048 0.0053 0.0132 0.0084 0.0035 0.0038 0.0064 0.0027 0.0008 0.0012 0.0011 0.0011 
0.0201 0.0599 0.0810 0.0562 0.1229 0.1275 0.0327 0.0278 0.0308 0.0187 0.0204 0.0219 0.0538 0.0923 0.1035 0.2235 0.1172 0.0914 0.0603 0.0729 0.1193 0.0584 0.0389 0.0355 0.0308 0.0214 0.0281 0.0271 0.0165 0.0198 0.0236 0.0225 0.0154 0.0174 0.0121 0.0091 0.0063 0.0054 0.0068 0.0054 0.0046 0.0021 0.0034 0.0036 0.0031 0.0031 0.0026 0.0030 0.0029 0.0046 0.0077 0.0069 0.0051 0.0117 0.0123 0.0077 0.0040 0.0045 0.0027 0.0055 0.0036 0.0029 0.0031 0.0026 
0.0318 0.0910 0.0716 0.0537 0.1789 0.1593 0.0389 0.0346 0.0310 0.0127 0.0229 0.0286 0.1117 0.0998 0.1238 0.2204 0.0916 0.0517 0.0442 0.1195 0.1531 0.0739 0.0412 0.0432 0.0402 0.0336 0.0449 0.0309 0.0183 0.0177 0.0349 0.0206 0.0383 0.0270 0.0106 0.0120 0.0087 0.0096 0.0025 0.0006 0.0033 0.0022 0.0018 0.0014 0.0014 0.0014 0.0012 0.0016 0.0013 0.0067 0.0091 0.0059 0.0039 0.0103 0.0061 0.0023 0.0047 0.0034 0.0055 0.0027 0.0026 0.0018 0.0021 0.0016 
0.0163 0.0724 0.0665 0.0351 0.0977 0.0961 0.0642 0.0421 0.0366 0.0422 0.0295 0.0318 0.0842 0.1348 0.0757 0.1096 0.0321 0.0137 0.0341 0.0379 0.0471 0.0815 0.0536 0.0299 0.0230 0.0246 0.0283 0.0257 0.0161 0.0164 0.0260 0.0065 0.0120 0.0122 0.0086 0.0100 0.0033 0.0055 0.0031 0.0035 0.0047 0.0042 0.0038 0.0033 0.0033 0.0030 0.0033 0.0029 0.0034 0.0037 0.0060 0.0079 0.0044 0.0054 0.0117 0.0109 0.0049 0.0053 0.0075 0.0058 0.0055 0.0049 0.0048 0.0049 
0.0231 0.0605 0.0598 0.0334 0.0605 0.0651 0.0276 0.0144 0.0209 0.0299 0.0243 0.0255 0.0784 0.1122 0.0370 0.0221 0.0545 0.0228 0.0179 0.0244 0.0525 0.0758 0.0240 0.0207 0.0148 0.0084 0.0081 0.0103 0.0076 0.0093 0.0063 0.0084 0.0130 0.0193 0.0120 0.0038 0.0045 0.0036 0.0031 0.0035 0.0030 0.0030 0.0032 0.0031 0.0029 0.0029 0.0028 0.0031 0.0016 0.0025 0.0028 0.0053 0.0030 0.0066 0.0097 0.0054 0.0034 0.0020 0.0065 0.0045 0.0038 0.0043 0.0035 0.0038 
0.0069 0.0491 0.0404 0.0244 0.0384 0.0206 0.0110 0.0090 0.0078 0.0036 0.0119 0.0096 0.0130 0.0320 0.0177 0.0266 0.0206 0.0079 0.0176 0.0132 0.0158 0.0293 0.0058 0.0040 0.0031 0.0026 0.0013 0.0019 0.0017 0.0029 0.0037 0.0031 0.0025 0.0054 0.0034 0.0027 0.0021 0.0034 0.0019 0.0031 0.0036 0.0046 0.0023 0.0009 0.0008 0.0008 0.0009 0.0020 0.0015 0.0020 0.0026 0.0024 0.0022 0.0014 0.0032 0.0007 0.0012 0.0013 0.0013 0.0008 0.0008 0.0006 0.0007 0.0008 
0.0118 0.0324 0.0117 0.0145 0.0312 0.0173 0.0071 0.0051 0.0059 0.0046 0.0016 0.0084 0.0025 0.0106 0.0131 0.0205 0.0078 0.0054 0.0063 0.0048 0.0124 0.0055 0.0062 0.0030 0.0025 0.0022 0.0016 0.0015 0.0016 0.0006 0.0012 0.0020 0.0020 0.0011 0.0019 0.0004 0.0005 0.0009 0.0003 0.0005 0.0005 0.0004 0.0005 0.0003 0.0005 0.0003 0.0001 0.0003 0.0006 0.0003 0.0009 0.0006 0.0003 0.0006 0.0009 0.0004 0.0005 0.0004 0.0006 0.0006 0.0003 0.0004 0.0008 0.0004 
0.0016 0.0241 0.0169 0.0068 0.0213 0.0070 0.0029 0.0043 0.0012 0.0019 0.0029 0.0038 0.0077 0.0102 0.0036 0.0157 0.0078 0.0085 0.0069 0.0071 0.0112 0.0026 0.0046 0.0030 0.0008 0.0012 0.0009 0.0007 0.0010 0.0010 0.0009 0.0011 0.0005 0.0007 0.0007 0.0007 0.0002 0.0005 0.0004 0.0005 0.0004 0.0004 0.0004 0.0004 0.0003 0.0002 0.0002 0.0006 0.0006 0.0005 0.0005 0.0006 0.0005 0.0003 0.0004 0.0006 0.0002 0.0003 0.0004 0.0002 0.0003 0.0004 0.0003 0.0003 
0.0036 0.0149 0.0093 0.0048 0.0075 0.0075 0.0048 0.0035 0.0027 0.0025 0.0013 0.0033 0.0047 0.0143 0.0077 0.0132 0.0058 0.0067 0.0038 0.0039 0.0122 0.0078 0.0008 0.0006 0.0009 0.0011 0.0009 0.0004 0.0008 0.0005 0.0009 0.0006 0.0008 0.0008 0.0005 0.0004 0.0004 0.0002 0.0004 0.0006 0.0004 0.0003 0.0005 0.0004 0.0002 0.0003 0.0003 0.0003 0.0004 0.0005 0.0005 0.0007 0.0003 0.0003 0.0004 0.0005 0.0002 0.0002 0.0004 0.0003 0.0001 0.0006 0.0002 0.0003 
0.0007 0.0104 0.0058 0.0056 0.0077 0.0060 0.0017 0.0012 0.0012 0.0008 0.0014 0.0017 0.0023 0.0052 0.0087 0.0088 0.0056 0.0060 0.0034 0.0034 0.0049 0.0066 0.0015 0.0016 0.0006 0.0006 0.0005 0.0005 0.0008 0.0007 0.0008 0.0006 0.0005 0.0006 0.0003 0.0002 0.0005 0.0004 0.0006 0.0004 0.0003 0.0005 0.0006 0.0005 0.0003 0.0003 0.0005 0.0003 0.0005 0.0004 0.0003 0.0009 0.0003 0.0003 0.0004 0.0002 0.0005 0.0006 0.0005 0.0003 0.0001 0.0003 0.0003 0.0004 
0.0030 0.0096 0.0047 0.0025 0.0070 0.0029 0.0012 0.0014 0.0012 0.0007 0.0014 0.0015 0.0033 0.0046 0.0065 0.0062 0.0035 0.0015 0.0044 0.0018 0.0017 0.0032 0.0010 0.0009 0.0003 0.0005 0.0005 0.0004 0.0004 0.0004 0.0006 0.0005 0.0005 0.0003 0.0003 0.0003 0.0004 0.0004 0.0002 0.0003 0.0003 0.0003 0.0003 0.0003 0.0002 0.0002 0.0004 0.0003 0.0004 0.0004 0.0005 0.0003 0.0005 0.0002 0.0005 0.0004 0.0003 0.0002 0.0002 0.0005 0.0003 0.0002 0.0002 0.0003 
0.0018 0.0103 0.0062 0.0032 0.0070 0.0026 0.0018 0.0020 0.0009 0.0005 0.0009 0.0012 0.0035 0.0052 0.0057 0.0067 0.0035 0.0012 0.0026 0.0019 0.0017 0.0015 0.0006 0.0006 0.0006 0.0002 0.0009 0.0006 0.0005 0.0006 0.0005 0.0003 0.0004 0.0005 0.0003 0.0004 0.0003 0.0005 0.0005 0.0002 0.0006 0.0002 0.0001 0.0005 0.0004 0.0004 0.0004 0.0002 0.0003 0.0004 0.0003 0.0002 0.0004 0.0003 0.0004 0.0003 0.0004 0.0002 0.0005 0.0005 0.0001 0.0005 0.0004 0.0004 
0.0017 0.0098 0.0061 0.0021 0.0057 0.0027 0.0012 0.0006 0.0007 0.0005 0.0006 0.0008 0.0033 0.0033 0.0035 0.0044 0.0011 0.0012 0.0027 0.0021 0.0011 0.0004 0.0004 0.0002 0.0006 0.0006 0.0003 0.0005 0.0001 0.0003 0.0004 0.0005 0.0003 0.0004 0.0003 0.0002 0.0007 0.0002 0.0003 0.0003 0.0005 0.0002 0.0002 0.0004 0.0003 0.0003 0.0004 0.0003 0.0004 0.0004 0.0002 0.0002 0.0003 0.0006 0.0004 0.0005 0.0002 0.0004 0.0002 0.0001 0.0004 0.0002 0.0003 0.0004 
0.0015 0.0050 0.0033 0.0013 0.0042 0.0030 0.0005 0.0005 0.0003 0.0005 0.0004 0.0008 0.0012 0.0040 0.0012 0.0016 0.0017 0.0009 0.0012 0.0006 0.0007 0.0009 0.0007 0.0002 0.0002 0.0006 0.0005 0.0003 0.0003 0.0003 0.0004 0.0005 0.0002 0.0004 0.0001 0.0002 0.0002 0.0006 0.0003 0.0004 0.0003 0.0001 0.0003 0.0006 0.0005 0.0002 0.0003 0.0004 0.0004 0.0003 0.0004 0.0004 0.0002 0.0004 0.0003 0.0004 0.0002 0.0005 0.0004 0.0004 0.0002 0.0004 0.0005 0.0004 
0.0015 0.0048 0.0023 0.0011 0.0021 0.0008 0.0007 0.0004 0.0003 0.0004 0.0004 0.0004 0.0005 0.0012 0.0006 0.0013 0.0009 0.0004 0.0007 0.0010 0.0004 0.0004 0.0005 0.0002 0.0004 0.0004 0.0002 0.0004 0.0002 0.0007 0.0006 0.0004 0.0006 0.0002 0.0002 0.0001 0.0003 0.0004 0.0005 0.0003 0.0002 0.0002 0.0003 0.0002 0.0005 0.0005 0.0004 0.0002 0.0006 0.0004 0.0002 0.0004 0.0004 0.0002 0.0004 0.0004 0.0002 0.0004 0.0001 0.0001 0.0003 0.0003 0.0002 0.0004 
0.0008 0.0028 0.0020 0.0015 0.0017 0.0012 0.0007 0.0005 0.0002 0.0002 0.0005 0.0005 0.0005 0.0014 0.0012 0.0008 0.0007 0.0009 0.0008 0.0005 0.0011 0.0005 0.0002 0.0005 0.0002 0.0003 0.0005 0.0005 0.0002 0.0002 0.0003 0.0005 0.0003 0.0004 0.0005 0.0002 0.0002 0.0006 0.0006 0.0002 0.0002 0.0003 0.0002 0.0002 0.0003 0.0004 0.0004 0.0004 0.0002 0.0005 0.0004 0.0006 0.0004 0.0002 0.0004 0.0001 0.0005 0.0003 0.0005 0.0003 0.0004 0.0005 0.0003 0.0004 
0.0009 0.0016 0.0026 0.0008 0.0010 0.0005 0.0005 0.0004 0.0005 0.0002 0.0008 0.0007 0.0006 0.0011 0.0005 0.0010 0.0013 0.0004 0.0006 0.0005 0.0008 0.0003 0.0002 0.0003 0.0004 0.0002 0.0003 0.0003 0.0005 0.0003 0.0004 0.0005 0.0004 0.0002 0.0003 0.0006 0.0002 0.0002 0.0004 0.0004 0.0002 0.0003 0.0004 0.0003 0.0003 0.0003 0.0003 0.0004 0.0005 0.0006 0.0003 0.0005 0.0002 0.0003 0.0005 0.0004 0.0003 0.0004 0.0003 0.0004 0.0005 0.0004 0.0003 0.0002 
0.0012 0.0009 0.0007 0.0004 0.0003 0.0008 0.0002 0.0002 0.0003 0.0003 0.0003 0.0005 0.0002 0.0010 0.0006 0.0009 0.0004 0.0006 0.0007 0.0006 0.0009 0.0003 0.0002 0.0002 0.0005 0.0002 0.0003 0.0006 0.0003 0.0004 0.0003 0.0004 0.0005 0.0005 0.0003 0.0002 0.0005 0.0002 0.0003 0.0002 0.0005 0.0002 0.0003 0.0005 0.0006 0.0002 0.0002 0.0004 0.0003 0.0003 0.0002 0.0002 0.0004 0.0004 0.0004 0.0003 0.0007 0.0004 0.0005 0.0002 0.0003 0.0002 0.0004 0.0002 
0.0007 0.0009 0.0013 0.0004 0.0006 0.0006 0.0004 0.0005 0.0003 0.0003 0.0003 0.0003 0.0004 0.0006 0.0004 0.0006 0.0003 0.0005 0.0005 0.0002 0.0006 0.0006 0.0004 0.0005 0.0005 0.0003 0.0005 0.0003 0.0003 0.0003 0.0002 0.0003 0.0001 0.0003 0.0001 0.0004 0.0004 0.0005 0.0003 0.0004 0.0003 0.0003 0.0004 0.0005 0.0003 0.0002 0.0005 0.0001 0.0004 0.0004 0.0006 0.0004 0.0002 0.0004 0.0002 0.0002 0.0004 0.0006 0.0002 0.0004 0.0004 0.0003 0.0002 0.0004 
0.0009 0.0008 0.0012 0.0005 0.0005 0.0005 0.0004 0.0004 0.0002 0.0006 0.0003 0.0004 0.0005 0.0007 0.0005 0.0002 0.0001 0.0002 0.0003 0.0002 0.0003 0.0004 0.0003 0.0003 0.0003 0.0005 0.0002 0.0003 0.0001 0.0002 0.0002 0.0003 0.0003 0.0001 0.0002 0.0003 0.0003 0.0005 0.0004 0.0004 0.0004 0.0002 0.0004 0.0003 0.0004 0.0003 0.0002 0.0001 0.0004 0.0004 0.0006 0.0004 0.0004 0.0004 0.0003 0.0008 0.0001 0.0004 0.0006 0.0003 0.0003 0.0003 0.0002 0.0003 
0.0004 0.0004 0.0002 0.0005 0.0005 0.0003 0.0002 0.0006 0.0003 0.0004 0.0006 0.0004 0.0003 0.0004 0.0005 0.0004 0.0004 0.0004 0.0004 0.0004 0.0004 0.0002 0.0005 0.0003 0.0002 0.0003 0.0007 0.0005 0.0001 0.0003 0.0004 0.0006 0.0005 0.0004 0.0003 0.0004 0.0004 0.0004 0.0003 0.0003 0.0002 0.0003 0.0004 0.0004 0.0002 0.0002 0.0001 0.0005 0.0004 0.0004 0.0004 0.0005 0.0000 0.0002 0.0003 0.0004 0.0002 0.0004 0.0003 0.0005 0.0004 0.0007 0.0002 0.0003 
0.0005 0.0006 0.0005 0.0002 0.0002 0.0005 0.0004 0.0004 0.0002 0.0002 0.0002 0.0006 0.0003 0.0004 0.0004 0.0005 0.0002 0.0003 0.0003 0.0004 0.0004 0.0005 0.0002 0.0002 0.0004 0.0003 0.0005 0.0002 0.0004 0.0002 0.0005 0.0005 0.0001 0.0003 0.0002 0.0001 0.0002 0.0005 0.0003 0.0002 0.0003 0.0004 0.0003 0.0005 0.0003 0.0003 0.0003 0.0002 0.0006 0.0006 0.0002 0.0002 0.0006 0.0004 0.0003 0.0003 0.0005 0.0003 0.0003 0.0003 0.0003 0.0004 0.0005 0.0002 
0.0003 0.0011 0.0004 0.0005 0.0003 0.0002 0.0003 0.0005 0.0004 0.0002 0.0003 0.0007 0.0005 0.0006 0.0003 0.0005 0.0004 0.0004 0.0004 0.0004 0.0003 0.0002 0.0001 0.0003 0.0001 0.0002 0.0005 0.0005 0.0003 0.0003 0.0005 0.0003 0.0003 0.0003 0.0001 0.0003 0.0003 0.0005 0.0002 0.0003 0.0004 0.0004 0.0004 0.0004 0.0002 0.0004 0.0002 0.0003 0.0003 0.0002 0.0006 0.0004 0.0003 0.0003 0.0002 0.0004 0.0002 0.0003 0.0003 0.0003 0.0002 0.0005 0.0004 0.0003 
0.0003 0.0009 0.0003 0.0001 0.0004 0.0003 0.0003 0.0003 0.0004 0.0005 0.0005 0.0009 0.0003 0.0006 0.0002 0.0003 0.0003 0.0005 0.0006 0.0003 0.0004 0.0005 0.0003 0.0003 0.0002 0.0002 0.0003 0.0002 0.0003 0.0006 0.0002 0.0004 0.0005 0.0003 0.0001 0.0003 0.0002 0.0004 0.0003 0.0003 0.0002 0.0002 0.0004 0.0002 0.0005 0.0002 0.0002 0.0002 0.0003 0.0007 0.0004 0.0004 0.0006 0.0004 0.0002 0.0003 0.0003 0.0005 0.0004 0.0006 0.0004 0.0003 0.0001 0.0003 
0.0004 0.0014 0.0002 0.0003 0.0005 0.0002 0.0003 0.0005 0.0003 0.0002 0.0003 0.0003 0.0006 0.0007 0.0003 0.0008 0.0007 0.0001 0.0003 0.0005 0.0003 0.0007 0.0002 0.0003 0.0006 0.0011 0.0003 0.0007 0.0006 0.0006 0.0006 0.0003 0.0004 0.0009 0.0003 0.0005 0.0006 0.0008 0.0004 0.0001 0.0003 0.0005 0.0004 0.0003 0.0005 0.0004 0.0004 0.0004 0.0004 0.0003 0.0004 0.0004 0.0005 0.0001 0.0006 0.0006 0.0005 0.0007 0.0008 0.0004 0.0006 0.0002 0.0004 0.0004 
0.0006 0.0013 0.0046 0.0055 0.0097 0.0101 0.0137 0.0126 0.0192 0.0063 0.0114 0.0109 0.0115 0.0259 0.0135 0.0102 0.0131 0.0029 0.0100 0.0077 0.0119 0.0144 0.0128 0.0177 0.0270 0.0198 0.0190 0.0361 0.0074 0.0284 0.0202 0.0162 0.0150 0.0333 0.0195 0.0231 0.0184 0.0199 0.0209 0.0034 0.0197 0.0140 0.0143 0.0116 0.0140 0.0191 0.0278 0.0188 0.0151 0.0191 0.0126 0.0132 0.0044 0.0134 0.0205 0.0040 0.0053 0.0056 0.0028 0.0029 0.0054 0.0027 0.0012 0.0011 
0.0007 0.0020 0.0017 0.0037 0.0046 0.0080 0.0069 0.0065 0.0083 0.0051 0.0032 0.0049 0.0134 0.0103 0.0095 0.0107 0.0100 0.0026 0.0027 0.0038 0.0030 0.0112 0.0055 0.0064 0.0133 0.0091 0.0066 0.0055 0.0108 0.0173 0.0217 0.0083 0.0189 0.0310 0.0079 0.0122 0.0158 0.0101 0.0123 0.0033 0.0122 0.0077 0.0209 0.0181 0.0102 0.0135 0.0157 0.0079 0.0133 0.0090 0.0088 0.0130 0.0086 0.0100 0.0067 0.0070 0.0030 0.0037 0.0045 0.0021 0.0039 0.0044 0.0032 0.0012 
0.0014 0.0025 0.0015 0.0029 0.0036 0.0037 0.0046 0.0032 0.0044 0.0030 0.0049 0.0070 0.0088 0.0106 0.0053 0.0050 0.0034 0.0010 0.0012 0.0020 0.0017 0.0051 0.0036 0.0031 0.0055 0.0025 0.0023 0.0029 0.0045 0.0070 0.0064 0.0124 0.0110 0.0223 0.0118 0.0077 0.0104 0.0021 0.0028 0.0037 0.0031 0.0069 0.0079 0.0042 0.0030 0.0077 0.0028 0.0022 0.0032 0.0046 0.0032 0.0033 0.0036 0.0040 0.0030 0.0065 0.0037 0.0017 0.0019 0.0018 0.0021 0.0029 0.0011 0.0009 
0.0007 0.0009 0.0013 0.0010 0.0004 0.0020 0.0019 0.0053 0.0026 0.0011 0.0027 0.0026 0.0164 0.0060 0.0045 0.0031 0.0054 0.0031 0.0016 0.0014 0.0022 0.0043 0.0022 0.0021 0.0025 0.0026 0.0026 0.0027 0.0028 0.0075 0.0119 0.0044 0.0075 0.0124 0.0022 0.0036 0.0034 0.0024 0.0029 0.0030 0.0042 0.0054 0.0027 0.0056 0.0023 0.0018 0.0029 0.0015 0.0031 0.0034 0.0010 0.0005 0.0009 0.0022 0.0016 0.0011 0.0023 0.0012 0.0006 0.0005 0.0007 0.0005 0.0005 0.0006 
0.0007 0.0016 0.0006 0.0005 0.0023 0.0015 0.0044 0.0021 0.0021 0.0021 0.0015 0.0021 0.0091 0.0035 0.0043 0.0016 0.0018 0.0014 0.0008 0.0008 0.0015 0.0013 0.0006 0.0014 0.0013 0.0020 0.0041 0.0024 0.0042 0.0062 0.0058 0.0051 0.0080 0.0034 0.0039 0.0023 0.0029 0.0015 0.0017 0.0018 0.0014 0.0028 0.0011 0.0031 0.0010 0.0011 0.0012 0.0016 0.0006 0.0007 0.0017 0.0014 0.0013 0.0014 0.0009 0.0012 0.0009 0.0006 0.0003 0.0003 0.0004 0.0003 0.0006 0.0004 
0.0010 0.0016 0.0010 0.0015 0.0008 0.0016 0.0039 0.0024 0.0024 0.0019 0.0019 0.0034 0.0085 0.0068 0.0053 0.0058 0.0012 0.0006 0.0013 0.0009 0.0010 0.0027 0.0015 0.0015 0.0014 0.0009 0.0012 0.0023 0.0024 0.0025 0.0057 0.0055 0.0059 0.0032 0.0016 0.0037 0.0018 0.0013 0.0010 0.0008 0.0028 0.0010 0.0011 0.0014 0.0005 0.0009 0.0011 0.0013 0.0007 0.0007 0.0010 0.0008 0.0012 0.0004 0.0012 0.0004 0.0005 0.0003 0.0002 0.0005 0.0005 0.0003 0.0004 0.0001 
0.0012 0.0015 0.0049 0.0052 0.0069 0.0054 0.0035 0.0058 0.0055 0.0010 0.0018 0.0019 0.0061 0.0080 0.0051 0.0078 0.0029 0.0011 0.0042 0.0053 0.0068 0.0064 0.0032 0.0017 0.0016 0.0012 0.0032 0.0020 0.0083 0.0060 0.0064 0.0014 0.0021 0.0028 0.0022 0.0033 0.0018 0.0009 0.0013 0.0018 0.0022 0.0025 0.0012 0.0017 0.0018 0.0013 0.0021 0.0023 0.0006 0.0039 0.0027 0.0048 0.0025 0.0044 0.0028 0.0016 0.0009 0.0004 0.0003 0.0003 0.0006 0.0005 0.0003 0.0004 
