0.0003 0.0002 0.0003 0.0002 0.0005 0.0001 0.0001 0.0001 0.0002 0.0001 0.0002 0.0002 0.0002 0.0002 0.0002 0.0002 0.0002 0.0003 0.0005 0.0004 0.0003 0.0001 0.0002 0.0003 0.0003 0.0003 0.0001 0.0003 0.0003 0.0003 0.0001 0.0002 0.0003 0.0002 0.0005 0.0006 0.0004 0.0002 0.0003 0.0003 0.0002 0.0004 0.0004 0.0004 0.0002 0.0006 0.0005 0.0006 0.0008 0.0004 0.0005 0.0003 0.0003 0.0002 0.0004 0.0005 0.0003 0.0002 0.0004 0.0003 0.0003 0.0003 0.0003 0.0004 
0.0004 0.0002 0.0001 0.0003 0.0003 0.0002 0.0002 0.0002 0.0002 0.0001 0.0001 0.0004 0.0002 0.0004 0.0004 0.0003 0.0002 0.0003 0.0003 0.0004 0.0001 0.0002 0.0001 0.0005 0.0002 0.0003 0.0001 0.0003 0.0007 0.0004 0.0004 0.0004 0.0005 0.0005 0.0002 0.0002 0.0005 0.0005 0.0002 0.0003 0.0002 0.0003 0.0003 0.0005 0.0004 0.0007 0.0005 0.0005 0.0007 0.0002 0.0006 0.0003 0.0003 0.0004 0.0004 0.0003 0.0002 0.0005 0.0005 0.0003 0.0004 0.0002 0.0002 0.0005 
0.0003 0.0002 0.0003 0.0004 0.0005 0.0001 0.0001 0.0002 0.0001 0.0003 0.0004 0.0005 0.0004 0.0002 0.0004 0.0002 0.0003 0.0002 0.0002 0.0002 0.0001 0.0001 0.0002 0.0004 0.0005 0.0003 0.0003 0.0002 0.0003 0.0003 0.0002 0.0005 0.0003 0.0003 0.0003 0.0004 0.0007 0.0002 0.0002 0.0002 0.0003 0.0002 0.0003 0.0002 0.0004 0.0003 0.0005 0.0002 0.0006 0.0005 0.0005 0.0003 0.0003 0.0003 0.0003 0.0003 0.0002 0.0003 0.0004 0.0006 0.0008 0.0002 0.0002 0.0002 
0.0002 0.0003 0.0002 0.0002 0.0002 0.0006 0.0010 0.0003 0.0004 0.0002 0.0004 0.0005 0.0002 0.0003 0.0003 0.0005 0.0003 0.0003 0.0003 0.0004 0.0005 0.0003 0.0005 0.0004 0.0003 0.0002 0.0002 0.0005 0.0002 0.0005 0.0002 0.0003 0.0006 0.0005 0.0003 0.0003 0.0002 0.0003 0.0002 0.0005 0.0003 0.0003 0.0003 0.0010 0.0005 0.0006 0.0003 0.0004 0.0004 0.0005 0.0002 0.0005 0.0003 0.0004 0.0003 0.0001 0.0003 0.0004 0.0002 0.0005 0.0003 0.0005 0.0001 0.0004 
0.0002 0.0002 0.0001 0.0002 0.0003 0.0006 0.0004 0.0003 0.0003 0.0002 0.0001 0.0002 0.0002 0.0004 0.0002 0.0003 0.0003 0.0001 0.0003 0.0004 0.0004 0.0004 0.0002 0.0004 0.0002 0.0003 0.0002 0.0002 0.0001 0.0001 0.0003 0.0001 0.0007 0.0003 0.0003 0.0005 0.0003 0.0005 0.0002 0.0004 0.0002 0.0002 0.0004 0.0005 0.0004 0.0004 0.0008 0.0003 0.0003 0.0003 0.0001 0.0003 0.0003 0.0009 0.0005 0.0004 0.0003 0.0004 0.0003 0.0003 0.0004 0.0006 0.0005 0.0004 
0.0003 0.0007 0.0001 0.0002 0.0001 0.0001 0.0003 0.0003 0.0002 0.0001 0.0002 0.0003 0.0001 0.0004 0.0006 0.0002 0.0002 0.0003 0.0003 0.0001 0.0002 0.0004 0.0002 0.0004 0.0001 0.0002 0.0003 0.0002 0.0004 0.0001 0.0003 0.0003 0.0005 0.0002 0.0003 0.0003 0.0002 0.0005 0.0004 0.0004 0.0003 0.0002 0.0002 0.0003 0.0004 0.0002 0.0003 0.0006 0.0004 0.0005 0.0004 0.0006 0.0001 0.0003 0.0002 0.0002 0.0004 0.0004 0.0005 0.0004 0.0005 0.0004 0.0003 0.0005 
0.0002 0.0003 0.0004 0.0003 0.0002 0.0002 0.0003 0.0001 0.0002 0.0001 0.0001 0.0002 0.0003 0.0002 0.0003 0.0003 0.0001 0.0003 0.0004 0.0003 0.0002 0.0003 0.0002 0.0003 0.0001 0.0003 0.0002 0.0002 0.0003 0.0003 0.0003 0.0005 0.0005 0.0002 0.0002 0.0003 0.0004 0.0004 0.0003 0.0003 0.0004 0.0004 0.0005 0.0003 0.0003 0.0006 0.0004 0.0006 0.0005 0.0008 0.0005 0.0003 0.0004 0.0006 0.0009 0.0004 0.0003 0.0006 0.0002 0.0003 0.0003 0.0002 0.0005 0.0002 
0.0004 0.0004 0.0002 0.0001 0.0003 0.0001 0.0001 0.0002 0.0002 0.0002 0.0001 0.0002 0.0002 0.0002 0.0002 0.0002 0.0003 0.0003 0.0003 0.0002 0.0003 0.0002 0.0003 0.0004 0.0002 0.0004 0.0002 0.0002 0.0003 0.0004 0.0004 0.0003 0.0003 0.0004 0.0005 0.0004 0.0011 0.0002 0.0004 0.0002 0.0002 0.0004 0.0006 0.0002 0.0002 0.0003 0.0002 0.0005 0.0003 0.0002 0.0005 0.0003 0.0002 0.0001 0.0003 0.0004 0.0005 0.0004 0.0001 0.0003 0.0006 0.0003 0.0004 0.0004 
0.0003 0.0007 0.0008 0.0007 0.0003 0.0004 0.0003 0.0004 0.0009 0.0003 0.0002 0.0001 0.0006 0.0005 0.0015 0.0011 0.0002 0.0005 0.0004 0.0005 0.0002 0.0009 0.0020 0.0008 0.0007 0.0013 0.0013 0.0008 0.0013 0.0019 0.0008 0.0003 0.0003 0.0019 0.0011 0.0004 0.0006 0.0006 0.0005 0.0004 0.0006 0.0008 0.0006 0.0006 0.0003 0.0003 0.0004 0.0003 0.0005 0.0005 0.0007 0.0001 0.0004 0.0005 0.0003 0.0006 0.0003 0.0003 0.0004 0.0003 0.0004 0.0003 0.0003 0.0002 
0.0003 0.0006 0.0003 0.0002 0.0002 0.0002 0.0004 0.0003 0.0004 0.0002 0.0001 0.0005 0.0005 0.0002 0.0006 0.0006 0.0004 0.0002 0.0003 0.0002 0.0003 0.0007 0.0006 0.0001 0.0004 0.0010 0.0003 0.0001 0.0006 0.0009 0.0003 0.0003 0.0003 0.0004 0.0005 0.0001 0.0007 0.0006 0.0001 0.0003 0.0003 0.0007 0.0006 0.0004 0.0002 0.0002 0.0004 0.0004 0.0004 0.0004 0.0004 0.0004 0.0004 0.0005 0.0004 0.0005 0.0004 0.0004 0.0004 0.0003 0.0003 0.0004 0.0003 0.0003 
0.0002 0.0001 0.0004 0.0008 0.0002 0.0002 0.0002 0.0003 0.0002 0.0002 0.0004 0.0003 0.0003 0.0001 0.0015 0.0007 0.0005 0.0004 0.0003 0.0001 0.0004 0.0007 0.0007 0.0011 0.0005 0.0004 0.0006 0.0006 0.0006 0.0006 0.0002 0.0004 0.0004 0.0003 0.0006 0.0006 0.0010 0.0004 0.0003 0.0005 0.0004 0.0007 0.0003 0.0006 0.0003 0.0002 0.0005 0.0002 0.0004 0.0003 0.0004 0.0001 0.0005 0.0005 0.0005 0.0005 0.0002 0.0004 0.0001 0.0003 0.0002 0.0005 0.0002 0.0004 
0.0002 0.0006 0.0005 0.0004 0.0001 0.0001 0.0001 0.0003 0.0002 0.0002 0.0002 0.0003 0.0004 0.0003 0.0005 0.0004 0.0004 0.0002 0.0002 0.0001 0.0003 0.0004 0.0003 0.0006 0.0006 0.0003 0.0005 0.0004 0.0003 0.0004 0.0004 0.0003 0.0004 0.0005 0.0004 0.0001 0.0003 0.0003 0.0002 0.0005 0.0002 0.0003 0.0003 0.0005 0.0003 0.0002 0.0002 0.0004 0.0004 0.0005 0.0005 0.0003 0.0003 0.0003 0.0003 0.0002 0.0002 0.0003 0.0004 0.0004 0.0002 0.0003 0.0003 0.0002 
0.0003 0.0003 0.0004 0.0002 0.0002 0.0001 0.0002 0.0001 0.0004 0.0001 0.0001 0.0002 0.0003 0.0002 0.0003 0.0003 0.0005 0.0002 0.0003 0.0002 0.0003 0.0002 0.0004 0.0003 0.0002 0.0002 0.0002 0.0005 0.0003 0.0007 0.0002 0.0001 0.0003 0.0004 0.0002 0.0004 0.0004 0.0003 0.0003 0.0003 0.0004 0.0002 0.0005 0.0003 0.0004 0.0003 0.0002 0.0005 0.0003 0.0004 0.0005 0.0004 0.0003 0.0002 0.0003 0.0003 0.0003 0.0003 0.0002 0.0004 0.0002 0.0002 0.0005 0.0003 
0.0002 0.0004 0.0007 0.0002 0.0001 0.0001 0.0002 0.0003 0.0003 0.0002 0.0002 0.0002 0.0000 0.0002 0.0004 0.0003 0.0001 0.0002 0.0003 0.0003 0.0002 0.0002 0.0003 0.0002 0.0003 0.0002 0.0002 0.0003 0.0001 0.0003 0.0002 0.0004 0.0005 0.0004 0.0002 0.0002 0.0002 0.0005 0.0001 0.0004 0.0004 0.0003 0.0004 0.0000 0.0005 0.0006 0.0003 0.0003 0.0005 0.0004 0.0005 0.0004 0.0003 0.0002 0.0005 0.0004 0.0005 0.0002 0.0002 0.0006 0.0002 0.0001 0.0002 0.0003 
0.0002 0.0010 0.0008 0.0002 0.0001 0.0001 0.0002 0.0003 0.0002 0.0002 0.0003 0.0002 0.0002 0.0003 0.0003 0.0002 0.0003 0.0002 0.0001 0.0003 0.0003 0.0004 0.0002 0.0002 0.0003 0.0001 0.0004 0.0003 0.0010 0.0005 0.0002 0.0002 0.0003 0.0003 0.0002 0.0001 0.0003 0.0001 0.0004 0.0006 0.0005 0.0007 0.0003 0.0006 0.0003 0.0004 0.0006 0.0003 0.0008 0.0004 0.0006 0.0002 0.0007 0.0001 0.0003 0.0004 0.0003 0.0001 0.0004 0.0004 0.0004 0.0001 0.0004 0.0004 
0.0002 0.0008 0.0003 0.0002 0.0002 0.0002 0.0001 0.0003 0.0002 0.0001 0.0002 0.0004 0.0002 0.0002 0.0001 0.0002 0.0002 0.0002 0.0002 0.0003 0.0002 0.0002 0.0002 0.0002 0.0002 0.0002 0.0002 0.0005 0.0005 0.0004 0.0004 0.0001 0.0004 0.0004 0.0003 0.0003 0.0004 0.0003 0.0002 0.0004 0.0003 0.0003 0.0006 0.0004 0.0004 0.0003 0.0005 0.0005 0.0005 0.0005 0.0002 0.0004 0.0004 0.0005 0.0002 0.0003 0.0001 0.0002 0.0003 0.0003 0.0004 0.0004 0.0002 0.0003 
0.0003 0.0004 0.0001 0.0001 0.0003 0.0001 0.0001 0.0004 0.0002 0.0002 0.0003 0.0002 0.0002 0.0005 0.0003 0.0001 0.0001 0.0003 0.0002 0.0002 0.0005 0.0002 0.0004 0.0001 0.0003 0.0005 0.0003 0.0002 0.0003 0.0001 0.0003 0.0005 0.0004 0.0002 0.0003 0.0002 0.0006 0.0003 0.0004 0.0003 0.0004 0.0008 0.0003 0.0005 0.0005 0.0003 0.0003 0.0006 0.0005 0.0003 0.0006 0.0003 0.0002 0.0002 0.0005 0.0003 0.0005 0.0003 0.0003 0.0002 0.0001 0.0002 0.0003 0.0004 
0.0002 0.0002 0.0001 0.0000 0.0002 0.0001 0.0002 0.0002 0.0001 0.0002 0.0001 0.0002 0.0002 0.0006 0.0003 0.0003 0.0004 0.0002 0.0002 0.0004 0.0002 0.0003 0.0002 0.0002 0.0004 0.0002 0.0002 0.0003 0.0002 0.0003 0.0003 0.0003 0.0002 0.0004 0.0002 0.0004 0.0005 0.0005 0.0005 0.0003 0.0004 0.0006 0.0003 0.0003 0.0002 0.0004 0.0005 0.0002 0.0007 0.0002 0.0004 0.0005 0.0003 0.0003 0.0003 0.0002 0.0004 0.0004 0.0002 0.0002 0.0003 0.0002 0.0004 0.0001 
0.0002 0.0003 0.0003 0.0001 0.0001 0.0002 0.0003 0.0002 0.0002 0.0001 0.0003 0.0002 0.0001 0.0002 0.0003 0.0002 0.0002 0.0003 0.0003 0.0003 0.0003 0.0003 0.0004 0.0004 0.0001 0.0004 0.0003 0.0003 0.0003 0.0003 0.0002 0.0002 0.0002 0.0001 0.0003 0.0003 0.0005 0.0003 0.0001 0.0002 0.0002 0.0005 0.0006 0.0004 0.0003 0.0002 0.0004 0.0006 0.0002 0.0002 0.0005 0.0005 0.0006 0.0001 0.0006 0.0003 0.0002 0.0003 0.0002 0.0003 0.0004 0.0004 0.0002 0.0003 
0.0003 0.0004 0.0001 0.0002 0.0001 0.0003 0.0001 0.0002 0.0001 0.0001 0.0003 0.0001 0.0001 0.0000 0.0002 0.0001 0.0003 0.0002 0.0002 0.0003 0.0003 0.0003 0.0003 0.0001 0.0003 0.0001 0.0002 0.0003 0.0002 0.0002 0.0003 0.0005 0.0006 0.0002 0.0004 0.0001 0.0004 0.0002 0.0003 0.0004 0.0003 0.0006 0.0004 0.0007 0.0003 0.0002 0.0002 0.0004 0.0004 0.0002 0.0004 0.0005 0.0004 0.0004 0.0005 0.0002 0.0002 0.0004 0.0002 0.0004 0.0002 0.0003 0.0002 0.0002 
0.0002 0.0006 0.0003 0.0001 0.0001 0.0001 0.0001 0.0003 0.0002 0.0000 0.0002 0.0001 0.0002 0.0001 0.0002 0.0002 0.0001 0.0001 0.0002 0.0002 0.0002 0.0002 0.0003 0.0002 0.0003 0.0003 0.0003 0.0001 0.0003 0.0002 0.0003 0.0003 0.0001 0.0004 0.0001 0.0003 0.0002 0.0002 0.0003 0.0002 0.0005 0.0005 0.0002 0.0006 0.0003 0.0003 0.0003 0.0004 0.0006 0.0004 0.0003 0.0010 0.0007 0.0004 0.0003 0.0004 0.0003 0.0002 0.0004 0.0002 0.0003 0.0003 0.0003 0.0003 
0.0002 0.0004 0.0002 0.0002 0.0001 0.0001 0.0002 0.0001 0.0003 0.0001 0.0002 0.0004 0.0003 0.0002 0.0002 0.0002 0.0002 0.0003 0.0002 0.0001 0.0002 0.0003 0.0001 0.0004 0.0004 0.0003 0.0003 0.0004 0.0003 0.0004 0.0003 0.0002 0.0003 0.0004 0.0003 0.0002 0.0002 0.0007 0.0004 0.0003 0.0005 0.0002 0.0001 0.0005 0.0004 0.0009 0.0003 0.0004 0.0005 0.0005 0.0002 0.0003 0.0002 0.0002 0.0004 0.0004 0.0003 0.0003 0.0001 0.0003 0.0005 0.0003 0.0006 0.0003 
0.0002 0.0004 0.0006 0.0004 0.0004 0.0004 0.0004 0.0001 0.0003 0.0001 0.0004 0.0002 0.0002 0.0003 0.0004 0.0003 0.0002 0.0003 0.0004 0.0003 0.0005 0.0006 0.0002 0.0001 0.0002 0.0003 0.0007 0.0001 0.0001 0.0007 0.0002 0.0003 0.0002 0.0004 0.0003 0.0004 0.0002 0.0002 0.0003 0.0003 0.0004 0.0001 0.0004 0.0004 0.0002 0.0006 0.0005 0.0001 0.0002 0.0005 0.0004 0.0005 0.0003 0.0003 0.0003 0.0005 0.0001 0.0002 0.0001 0.0003 0.0004 0.0003 0.0004 0.0002 
0.0071 0.0122 0.0030 0.0035 0.0008 0.0027 0.0010 0.0008 0.0005 0.0007 0.0007 0.0009 0.0007 0.0006 0.0007 0.0010 0.0003 0.0006 0.0009 0.0004 0.0011 0.0004 0.0002 0.0004 0.0004 0.0003 0.0005 0.0003 0.0002 0.0005 0.0003 0.0005 0.0002 0.0004 0.0004 0.0002 0.0003 0.0008 0.0002 0.0008 0.0008 0.0004 0.0001 0.0005 0.0005 0.0005 0.0001 0.0002 0.0006 0.0004 0.0005 0.0004 0.0001 0.0006 0.0004 0.0002 0.0003 0.0002 0.0003 0.0006 0.0003 0.0005 0.0002 0.0006 
0.0183 0.0612 0.0691 0.0380 0.0252 0.0022 0.0044 0.0016 0.0031 0.0036 0.0012 0.0045 0.0053 0.0067 0.0050 0.0055 0.0040 0.0013 0.0034 0.0111 0.0236 0.0160 0.0058 0.0025 0.0019 0.0015 0.0010 0.0012 0.0015 0.0009 0.0013 0.0009 0.0009 0.0006 0.0011 0.0007 0.0007 0.0006 0.0011 0.0012 0.0016 0.0004 0.0007 0.0007 0.0007 0.0004 0.0005 0.0010 0.0008 0.0007 0.0004 0.0006 0.0008 0.0003 0.0007 0.0005 0.0008 0.0005 0.0006 0.0007 0.0005 0.0004 0.0007 0.0006 
0.0057 0.0882 0.0961 0.0502 0.0311 0.0100 0.0048 0.0044 0.0073 0.0089 0.0059 0.0148 0.0113 0.0061 0.0136 0.0154 0.0076 0.0053 0.0137 0.0330 0.0494 0.0264 0.0162 0.0030 0.0037 0.0022 0.0018 0.0020 0.0015 0.0006 0.0010 0.0005 0.0007 0.0009 0.0006 0.0007 0.0009 0.0010 0.0011 0.0015 0.0009 0.0006 0.0004 0.0006 0.0005 0.0007 0.0009 0.0008 0.0006 0.0005 0.0002 0.0011 0.0008 0.0007 0.0011 0.0007 0.0003 0.0004 0.0003 0.0005 0.0005 0.0003 0.0004 0.0003 
0.0092 0.1004 0.0900 0.0731 0.0311 0.0094 0.0078 0.0137 0.0202 0.0317 0.0554 0.0769 0.0453 0.0362 0.0357 0.0325 0.0196 0.0146 0.0224 0.0453 0.0557 0.0141 0.0304 0.0052 0.0056 0.0043 0.0050 0.0020 0.0038 0.0030 0.0026 0.0031 0.0029 0.0029 0.0015 0.0019 0.0021 0.0032 0.0032 0.0035 0.0037 0.0018 0.0017 0.0017 0.0015 0.0017 0.0016 0.0016 0.0016 0.0014 0.0019 0.0019 0.0010 0.0014 0.0011 0.0010 0.0014 0.0011 0.0011 0.0012 0.0019 0.0010 0.0012 0.0013 
0.0089 0.1199 0.1403 0.1160 0.0668 0.0216 0.0119 0.0281 0.0529 0.1007 0.0971 0.0459 0.0444 0.0301 0.0354 0.0942 0.0852 0.0276 0.0085 0.0487 0.0638 0.1420 0.0733 0.0133 0.0282 0.0173 0.0173 0.0185 0.0100 0.0031 0.0090 0.0028 0.0027 0.0022 0.0019 0.0018 0.0017 0.0022 0.0038 0.0061 0.0044 0.0009 0.0013 0.0010 0.0012 0.0006 0.0018 0.0023 0.0007 0.0009 0.0027 0.0015 0.0012 0.0009 0.0023 0.0015 0.0007 0.0006 0.0006 0.0007 0.0010 0.0010 0.0009 0.0004 
0.0372 0.1433 0.1870 0.1622 0.0747 0.0262 0.0212 0.0395 0.1609 0.1087 0.0719 0.0278 0.0263 0.0304 0.0598 0.0410 0.0899 0.0952 0.0971 0.0262 0.0897 0.2048 0.1136 0.0453 0.0176 0.0503 0.0189 0.0392 0.0156 0.0111 0.0105 0.0042 0.0040 0.0039 0.0041 0.0037 0.0039 0.0053 0.0052 0.0033 0.0029 0.0037 0.0027 0.0039 0.0024 0.0029 0.0020 0.0067 0.0044 0.0039 0.0049 0.0010 0.0027 0.0034 0.0046 0.0022 0.0019 0.0024 0.0018 0.0025 0.0027 0.0024 0.0023 0.0023 
0.0703 0.1682 0.1911 0.2115 0.1163 0.0250 0.0222 0.0392 0.2533 0.1586 0.0467 0.0413 0.0372 0.0274 0.0670 0.0392 0.0360 0.0900 0.0925 0.0604 0.0551 0.2164 0.1613 0.0953 0.0502 0.0270 0.0452 0.0461 0.0140 0.0096 0.0139 0.0042 0.0054 0.0049 0.0043 0.0042 0.0040 0.0068 0.0059 0.0053 0.0034 0.0028 0.0030 0.0029 0.0036 0.0035 0.0029 0.0085 0.0013 0.0051 0.0065 0.0029 0.0014 0.0046 0.0038 0.0028 0.0030 0.0030 0.0027 0.0027 0.0025 0.0029 0.0026 0.0031 
0.0864 0.1915 0.1665 0.3263 0.1634 0.0779 0.0504 0.0599 0.1792 0.2227 0.0849 0.0219 0.0453 0.0232 0.0818 0.0646 0.0666 0.0824 0.0681 0.0661 0.0383 0.2448 0.1264 0.0832 0.0911 0.0942 0.0645 0.0161 0.0165 0.0038 0.0084 0.0085 0.0107 0.0097 0.0089 0.0088 0.0090 0.0080 0.0068 0.0081 0.0072 0.0074 0.0070 0.0069 0.0066 0.0066 0.0064 0.0070 0.0055 0.0047 0.0046 0.0061 0.0062 0.0097 0.0138 0.0101 0.0068 0.0062 0.0057 0.0061 0.0059 0.0057 0.0059 0.0057 
0.0156 0.1541 0.2043 0.4806 0.2486 0.0520 0.0888 0.1174 0.1728 0.2786 0.0715 0.0346 0.0641 0.0223 0.0697 0.0544 0.0171 0.0250 0.0783 0.1341 0.0907 0.2667 0.3065 0.1735 0.1223 0.0438 0.1131 0.0650 0.0291 0.0300 0.0250 0.0211 0.0198 0.0189 0.0177 0.0177 0.0163 0.0166 0.0144 0.0142 0.0147 0.0144 0.0136 0.0132 0.0131 0.0127 0.0119 0.0128 0.0115 0.0115 0.0124 0.0124 0.0087 0.0086 0.0129 0.0107 0.0115 0.0118 0.0118 0.0114 0.0115 0.0110 0.0114 0.0113 
0.0156 0.0803 0.1808 0.5650 0.2222 0.0864 0.0155 0.0730 0.1843 0.2445 0.1040 0.0557 0.0669 0.0545 0.0730 0.0618 0.0445 0.0564 0.0625 0.0632 0.0982 0.3641 0.4686 0.1950 0.3346 0.4907 0.1582 0.2321 0.1234 0.0405 0.0300 0.0460 0.0418 0.0183 0.0181 0.0140 0.0136 0.0131 0.0083 0.0109 0.0071 0.0077 0.0068 0.0060 0.0056 0.0052 0.0046 0.0043 0.0034 0.0029 0.0030 0.0056 0.0041 0.0051 0.0018 0.0036 0.0028 0.0024 0.0027 0.0017 0.0020 0.0018 0.0017 0.0018 
0.0176 0.0452 0.1369 0.3458 0.4452 0.1606 0.1311 0.0839 0.2738 0.2150 0.1289 0.0589 0.0700 0.0595 0.0362 0.0222 0.0429 0.0484 0.0422 0.0253 0.0373 0.2971 0.2822 0.1476 0.2129 0.3719 0.4668 0.3692 0.1206 0.2335 0.0486 0.0642 0.0275 0.0471 0.0164 0.0217 0.0189 0.0153 0.0159 0.0155 0.0143 0.0137 0.0130 0.0120 0.0135 0.0115 0.0138 0.0108 0.0143 0.0126 0.0137 0.0169 0.0072 0.0114 0.0125 0.0096 0.0109 0.0104 0.0109 0.0101 0.0109 0.0100 0.0099 0.0103 
0.0295 0.0455 0.0844 0.2432 0.5300 0.3245 0.1753 0.1146 0.1783 0.2118 0.2415 0.1065 0.0527 0.0626 0.0396 0.0503 0.0213 0.0243 0.0241 0.0493 0.0685 0.1327 0.2451 0.1065 0.1240 0.2456 0.3616 0.2380 0.1146 0.1636 0.1220 0.0943 0.0524 0.0567 0.0177 0.0236 0.0187 0.0188 0.0164 0.0151 0.0146 0.0153 0.0136 0.0128 0.0130 0.0135 0.0121 0.0118 0.0099 0.0119 0.0105 0.0169 0.0153 0.0080 0.0099 0.0086 0.0085 0.0085 0.0087 0.0090 0.0093 0.0096 0.0092 0.0093 
0.0372 0.0495 0.0596 0.2225 0.3823 0.4618 0.0742 0.1353 0.2532 0.2537 0.3009 0.1072 0.1015 0.0737 0.0866 0.0658 0.0376 0.0475 0.0603 0.0517 0.1332 0.2467 0.2241 0.2731 0.1500 0.1872 0.2926 0.2429 0.0498 0.1740 0.0900 0.1218 0.0240 0.0201 0.0252 0.0149 0.0057 0.0051 0.0053 0.0053 0.0045 0.0039 0.0069 0.0032 0.0022 0.0023 0.0026 0.0046 0.0031 0.0043 0.0034 0.0025 0.0042 0.0039 0.0017 0.0008 0.0012 0.0012 0.0011 0.0009 0.0007 0.0011 0.0012 0.0011 
0.0419 0.0423 0.0651 0.1387 0.1650 0.5262 0.1857 0.1815 0.3881 0.2944 0.3287 0.0958 0.0966 0.0569 0.0254 0.0556 0.0297 0.0283 0.0204 0.0113 0.0312 0.1800 0.3341 0.1586 0.1488 0.1573 0.2419 0.2332 0.0739 0.1159 0.1082 0.0789 0.0354 0.0189 0.0215 0.0133 0.0055 0.0073 0.0062 0.0056 0.0052 0.0043 0.0076 0.0056 0.0045 0.0053 0.0046 0.0041 0.0064 0.0046 0.0036 0.0018 0.0058 0.0044 0.0023 0.0036 0.0034 0.0035 0.0033 0.0031 0.0033 0.0030 0.0032 0.0031 
0.0406 0.0568 0.0514 0.0993 0.1060 0.5002 0.1962 0.1706 0.1990 0.4387 0.2378 0.0762 0.1488 0.0482 0.0683 0.0556 0.0509 0.0350 0.0346 0.0385 0.0838 0.1291 0.3419 0.1467 0.1173 0.1253 0.2358 0.1707 0.0990 0.1093 0.0615 0.0976 0.0105 0.0213 0.0349 0.0104 0.0079 0.0055 0.0041 0.0038 0.0037 0.0034 0.0043 0.0058 0.0026 0.0047 0.0033 0.0040 0.0032 0.0055 0.0026 0.0032 0.0017 0.0031 0.0030 0.0022 0.0022 0.0021 0.0023 0.0022 0.0021 0.0020 0.0022 0.0020 
0.0391 0.0531 0.0860 0.1003 0.1968 0.5622 0.1515 0.1823 0.1574 0.3675 0.1532 0.0640 0.1350 0.0664 0.0680 0.0816 0.0242 0.0387 0.0192 0.0308 0.0475 0.1532 0.2622 0.1345 0.1519 0.0975 0.1686 0.1635 0.1365 0.0924 0.1096 0.1095 0.0198 0.0415 0.0480 0.0105 0.0121 0.0083 0.0041 0.0035 0.0031 0.0033 0.0026 0.0075 0.0025 0.0032 0.0029 0.0016 0.0055 0.0030 0.0027 0.0025 0.0028 0.0020 0.0021 0.0018 0.0022 0.0022 0.0023 0.0022 0.0022 0.0020 0.0019 0.0022 
0.0222 0.0468 0.0338 0.0352 0.0549 0.3799 0.0968 0.0753 0.1387 0.2927 0.2365 0.1250 0.0914 0.0219 0.0663 0.0516 0.0203 0.0302 0.0130 0.0144 0.0257 0.1328 0.2339 0.1323 0.0910 0.1330 0.1811 0.1513 0.0896 0.1404 0.1369 0.1183 0.0334 0.0230 0.0196 0.0064 0.0060 0.0068 0.0023 0.0016 0.0020 0.0021 0.0029 0.0039 0.0029 0.0013 0.0018 0.0015 0.0077 0.0031 0.0015 0.0010 0.0011 0.0015 0.0016 0.0010 0.0008 0.0008 0.0010 0.0008 0.0008 0.0010 0.0010 0.0006 
0.0050 0.0499 0.0147 0.0177 0.0897 0.1970 0.0971 0.0378 0.1192 0.2368 0.0962 0.1343 0.0517 0.0255 0.0201 0.0258 0.0241 0.0153 0.0173 0.0072 0.0255 0.0547 0.0984 0.0970 0.0734 0.0719 0.0643 0.0442 0.0632 0.0623 0.0763 0.0731 0.0287 0.0140 0.0141 0.0130 0.0060 0.0123 0.0050 0.0040 0.0039 0.0028 0.0039 0.0043 0.0026 0.0029 0.0018 0.0037 0.0037 0.0015 0.0014 0.0017 0.0013 0.0015 0.0012 0.0013 0.0015 0.0013 0.0014 0.0010 0.0010 0.0015 0.0015 0.0015 
0.0032 0.0507 0.0315 0.0264 0.0238 0.0823 0.0933 0.0772 0.0409 0.1322 0.1178 0.0661 0.0415 0.0248 0.0255 0.0308 0.0114 0.0085 0.0141 0.0142 0.0237 0.0137 0.0600 0.0251 0.0199 0.0296 0.0207 0.0271 0.0191 0.0532 0.0240 0.0486 0.0175 0.0191 0.0109 0.0061 0.0078 0.0047 0.0038 0.0034 0.0036 0.0043 0.0029 0.0026 0.0016 0.0020 0.0018 0.0026 0.0023 0.0029 0.0022 0.0019 0.0021 0.0021 0.0020 0.0018 0.0020 0.0018 0.0015 0.0022 0.0020 0.0021 0.0018 0.0020 
0.0199 0.0480 0.0238 0.0481 0.0283 0.0748 0.0451 0.0689 0.0510 0.0854 0.0889 0.0251 0.0089 0.0309 0.0098 0.0115 0.0072 0.0067 0.0067 0.0092 0.0187 0.0112 0.0414 0.0070 0.0198 0.0180 0.0182 0.0195 0.0101 0.0266 0.0252 0.0195 0.0104 0.0098 0.0064 0.0035 0.0027 0.0032 0.0015 0.0018 0.0019 0.0021 0.0030 0.0025 0.0004 0.0005 0.0007 0.0005 0.0002 0.0013 0.0014 0.0005 0.0006 0.0010 0.0005 0.0006 0.0008 0.0005 0.0007 0.0004 0.0006 0.0006 0.0005 0.0007 
0.0047 0.0431 0.0160 0.0264 0.0091 0.0623 0.0257 0.0310 0.0241 0.0366 0.0377 0.0198 0.0241 0.0071 0.0100 0.0083 0.0019 0.0053 0.0039 0.0027 0.0039 0.0044 0.0150 0.0109 0.0117 0.0117 0.0102 0.0080 0.0104 0.0154 0.0106 0.0123 0.0084 0.0049 0.0056 0.0017 0.0025 0.0010 0.0015 0.0014 0.0015 0.0014 0.0026 0.0015 0.0010 0.0007 0.0005 0.0005 0.0008 0.0005 0.0009 0.0016 0.0011 0.0008 0.0008 0.0007 0.0006 0.0006 0.0007 0.0010 0.0006 0.0007 0.0008 0.0010 
0.0054 0.0405 0.0088 0.0087 0.0319 0.0264 0.0106 0.0395 0.0222 0.0374 0.0321 0.0099 0.0129 0.0093 0.0075 0.0081 0.0033 0.0030 0.0036 0.0015 0.0035 0.0094 0.0140 0.0054 0.0104 0.0097 0.0014 0.0123 0.0095 0.0150 0.0131 0.0113 0.0037 0.0033 0.0022 0.0022 0.0016 0.0011 0.0009 0.0013 0.0011 0.0010 0.0013 0.0009 0.0009 0.0008 0.0009 0.0009 0.0006 0.0010 0.0010 0.0010 0.0009 0.0010 0.0010 0.0008 0.0007 0.0010 0.0008 0.0007 0.0012 0.0008 0.0006 0.0008 
0.0091 0.0373 0.0061 0.0112 0.0125 0.0322 0.0141 0.0363 0.0122 0.0293 0.0163 0.0078 0.0072 0.0031 0.0023 0.0034 0.0009 0.0005 0.0015 0.0007 0.0022 0.0067 0.0088 0.0142 0.0054 0.0022 0.0022 0.0051 0.0029 0.0122 0.0068 0.0039 0.0024 0.0019 0.0019 0.0014 0.0010 0.0007 0.0006 0.0005 0.0009 0.0007 0.0011 0.0002 0.0005 0.0003 0.0007 0.0006 0.0007 0.0003 0.0005 0.0010 0.0004 0.0003 0.0005 0.0005 0.0004 0.0006 0.0006 0.0005 0.0002 0.0004 0.0006 0.0003 
0.0077 0.0322 0.0047 0.0089 0.0101 0.0465 0.0109 0.0203 0.0088 0.0077 0.0090 0.0189 0.0072 0.0042 0.0016 0.0019 0.0019 0.0022 0.0020 0.0021 0.0018 0.0033 0.0144 0.0047 0.0029 0.0023 0.0036 0.0046 0.0026 0.0028 0.0059 0.0039 0.0009 0.0016 0.0004 0.0009 0.0005 0.0007 0.0006 0.0005 0.0008 0.0007 0.0006 0.0008 0.0006 0.0005 0.0005 0.0006 0.0007 0.0007 0.0005 0.0007 0.0012 0.0006 0.0008 0.0005 0.0006 0.0007 0.0009 0.0006 0.0006 0.0007 0.0006 0.0004 
0.0026 0.0248 0.0055 0.0065 0.0198 0.0384 0.0056 0.0073 0.0096 0.0125 0.0067 0.0052 0.0026 0.0035 0.0010 0.0006 0.0003 0.0004 0.0005 0.0005 0.0018 0.0014 0.0060 0.0020 0.0013 0.0022 0.0029 0.0011 0.0028 0.0037 0.0034 0.0029 0.0005 0.0005 0.0002 0.0002 0.0011 0.0003 0.0002 0.0002 0.0002 0.0004 0.0002 0.0002 0.0002 0.0004 0.0005 0.0003 0.0003 0.0002 0.0003 0.0003 0.0003 0.0002 0.0004 0.0002 0.0003 0.0003 0.0003 0.0005 0.0002 0.0005 0.0003 0.0004 
0.0029 0.0157 0.0035 0.0019 0.0116 0.0155 0.0035 0.0084 0.0088 0.0104 0.0081 0.0038 0.0015 0.0026 0.0004 0.0009 0.0007 0.0009 0.0009 0.0014 0.0009 0.0015 0.0029 0.0024 0.0015 0.0013 0.0011 0.0016 0.0016 0.0004 0.0012 0.0013 0.0001 0.0004 0.0002 0.0001 0.0009 0.0003 0.0003 0.0002 0.0004 0.0002 0.0003 0.0003 0.0004 0.0005 0.0005 0.0003 0.0002 0.0002 0.0006 0.0005 0.0003 0.0002 0.0004 0.0002 0.0002 0.0003 0.0004 0.0003 0.0003 0.0002 0.0003 0.0004 
0.0032 0.0109 0.0021 0.0014 0.0058 0.0063 0.0054 0.0085 0.0033 0.0062 0.0073 0.0010 0.0009 0.0009 0.0009 0.0006 0.0006 0.0003 0.0004 0.0006 0.0005 0.0009 0.0016 0.0009 0.0003 0.0005 0.0006 0.0014 0.0007 0.0004 0.0008 0.0008 0.0002 0.0004 0.0002 0.0004 0.0007 0.0002 0.0002 0.0003 0.0003 0.0004 0.0004 0.0003 0.0002 0.0003 0.0002 0.0002 0.0004 0.0002 0.0002 0.0003 0.0002 0.0003 0.0002 0.0003 0.0004 0.0004 0.0005 0.0002 0.0004 0.0003 0.0003 0.0004 
0.0005 0.0042 0.0011 0.0017 0.0028 0.0039 0.0036 0.0022 0.0011 0.0052 0.0045 0.0021 0.0014 0.0009 0.0006 0.0006 0.0006 0.0004 0.0004 0.0004 0.0007 0.0005 0.0006 0.0003 0.0005 0.0005 0.0004 0.0006 0.0004 0.0008 0.0008 0.0009 0.0003 0.0003 0.0002 0.0003 0.0005 0.0004 0.0003 0.0003 0.0004 0.0003 0.0002 0.0003 0.0003 0.0001 0.0002 0.0004 0.0004 0.0003 0.0005 0.0003 0.0003 0.0004 0.0003 0.0004 0.0001 0.0004 0.0004 0.0003 0.0003 0.0004 0.0004 0.0005 
0.0007 0.0017 0.0008 0.0022 0.0042 0.0013 0.0061 0.0038 0.0006 0.0055 0.0025 0.0011 0.0003 0.0005 0.0004 0.0002 0.0001 0.0003 0.0001 0.0005 0.0002 0.0002 0.0003 0.0003 0.0004 0.0002 0.0005 0.0004 0.0003 0.0002 0.0001 0.0003 0.0002 0.0002 0.0001 0.0000 0.0003 0.0001 0.0004 0.0001 0.0002 0.0003 0.0004 0.0003 0.0003 0.0002 0.0003 0.0003 0.0003 0.0001 0.0006 0.0003 0.0007 0.0003 0.0003 0.0001 0.0002 0.0001 0.0005 0.0005 0.0003 0.0004 0.0002 0.0003 
0.0013 0.0019 0.0011 0.0015 0.0014 0.0039 0.0045 0.0027 0.0015 0.0014 0.0022 0.0016 0.0005 0.0002 0.0003 0.0003 0.0002 0.0001 0.0001 0.0004 0.0002 0.0003 0.0005 0.0006 0.0002 0.0002 0.0006 0.0003 0.0002 0.0003 0.0002 0.0003 0.0002 0.0002 0.0002 0.0003 0.0001 0.0004 0.0003 0.0001 0.0002 0.0002 0.0004 0.0002 0.0002 0.0004 0.0005 0.0006 0.0004 0.0003 0.0004 0.0006 0.0003 0.0004 0.0003 0.0002 0.0005 0.0003 0.0002 0.0004 0.0004 0.0002 0.0004 0.0002 
0.0007 0.0026 0.0006 0.0008 0.0010 0.0050 0.0038 0.0035 0.0016 0.0008 0.0023 0.0012 0.0005 0.0003 0.0002 0.0002 0.0002 0.0002 0.0001 0.0001 0.0002 0.0004 0.0006 0.0005 0.0002 0.0001 0.0002 0.0002 0.0002 0.0003 0.0002 0.0003 0.0007 0.0002 0.0001 0.0002 0.0004 0.0003 0.0002 0.0003 0.0003 0.0001 0.0002 0.0002 0.0003 0.0003 0.0002 0.0006 0.0004 0.0003 0.0003 0.0002 0.0004 0.0003 0.0003 0.0003 0.0002 0.0004 0.0002 0.0002 0.0002 0.0002 0.0004 0.0002 
0.0002 0.0018 0.0004 0.0007 0.0012 0.0054 0.0029 0.0017 0.0006 0.0007 0.0015 0.0010 0.0004 0.0004 0.0002 0.0004 0.0003 0.0000 0.0005 0.0004 0.0007 0.0019 0.0012 0.0016 0.0010 0.0019 0.0004 0.0017 0.0007 0.0005 0.0003 0.0003 0.0007 0.0003 0.0002 0.0004 0.0005 0.0006 0.0004 0.0006 0.0002 0.0007 0.0003 0.0002 0.0003 0.0003 0.0002 0.0006 0.0001 0.0003 0.0002 0.0003 0.0003 0.0001 0.0003 0.0003 0.0001 0.0003 0.0005 0.0002 0.0004 0.0006 0.0003 0.0003 
0.0007 0.0022 0.0005 0.0006 0.0007 0.0013 0.0012 0.0017 0.0004 0.0011 0.0010 0.0008 0.0006 0.0005 0.0003 0.0005 0.0002 0.0003 0.0003 0.0005 0.0007 0.0017 0.0013 0.0005 0.0004 0.0010 0.0004 0.0007 0.0004 0.0002 0.0002 0.0005 0.0002 0.0003 0.0001 0.0002 0.0003 0.0005 0.0004 0.0002 0.0004 0.0003 0.0004 0.0003 0.0002 0.0003 0.0006 0.0005 0.0005 0.0006 0.0004 0.0006 0.0003 0.0003 0.0005 0.0003 0.0003 0.0005 0.0003 0.0003 0.0004 0.0003 0.0003 0.0004 
0.0004 0.0021 0.0006 0.0006 0.0010 0.0025 0.0014 0.0011 0.0007 0.0022 0.0012 0.0008 0.0004 0.0003 0.0003 0.0001 0.0002 0.0001 0.0002 0.0002 0.0003 0.0005 0.0005 0.0003 0.0006 0.0004 0.0003 0.0004 0.0001 0.0003 0.0003 0.0002 0.0003 0.0002 0.0002 0.0002 0.0003 0.0004 0.0003 0.0003 0.0003 0.0007 0.0003 0.0002 0.0003 0.0001 0.0003 0.0002 0.0003 0.0001 0.0003 0.0003 0.0003 0.0002 0.0001 0.0003 0.0003 0.0003 0.0005 0.0002 0.0002 0.0002 0.0004 0.0005 
0.0002 0.0028 0.0007 0.0004 0.0009 0.0012 0.0006 0.0015 0.0007 0.0014 0.0016 0.0004 0.0004 0.0005 0.0002 0.0003 0.0002 0.0002 0.0002 0.0002 0.0002 0.0005 0.0003 0.0004 0.0005 0.0007 0.0002 0.0002 0.0002 0.0006 0.0003 0.0003 0.0004 0.0002 0.0001 0.0003 0.0003 0.0003 0.0008 0.0005 0.0002 0.0003 0.0002 0.0003 0.0005 0.0002 0.0004 0.0004 0.0006 0.0002 0.0002 0.0002 0.0007 0.0003 0.0003 0.0002 0.0002 0.0002 0.0004 0.0003 0.0003 0.0005 0.0002 0.0002 
0.0006 0.0026 0.0004 0.0002 0.0008 0.0015 0.0009 0.0009 0.0006 0.0007 0.0007 0.0005 0.0002 0.0001 0.0003 0.0002 0.0002 0.0001 0.0001 0.0002 0.0003 0.0002 0.0001 0.0003 0.0004 0.0003 0.0003 0.0003 0.0002 0.0001 0.0002 0.0002 0.0002 0.0002 0.0002 0.0001 0.0003 0.0002 0.0002 0.0006 0.0003 0.0003 0.0001 0.0002 0.0002 0.0003 0.0001 0.0002 0.0004 0.0002 0.0003 0.0003 0.0005 0.0003 0.0005 0.0002 0.0003 0.0002 0.0003 0.0004 0.0003 0.0004 0.0001 0.0005 
0.0004 0.0015 0.0004 0.0003 0.0007 0.0015 0.0006 0.0006 0.0004 0.0004 0.0004 0.0003 0.0001 0.0003 0.0003 0.0002 0.0002 0.0001 0.0002 0.0001 0.0003 0.0002 0.0001 0.0001 0.0002 0.0003 0.0003 0.0002 0.0002 0.0003 0.0003 0.0001 0.0003 0.0001 0.0002 0.0004 0.0004 0.0001 0.0002 0.0003 0.0002 0.0003 0.0005 0.0001 0.0004 0.0003 0.0002 0.0002 0.0003 0.0005 0.0004 0.0004 0.0003 0.0003 0.0003 0.0002 0.0004 0.0003 0.0003 0.0004 0.0002 0.0003 0.0005 0.0004 
0.0001 0.0010 0.0003 0.0002 0.0005 0.0010 0.0004 0.0005 0.0002 0.0001 0.0004 0.0001 0.0002 0.0003 0.0002 0.0002 0.0001 0.0002 0.0001 0.0004 0.0001 0.0002 0.0002 0.0004 0.0003 0.0002 0.0002 0.0002 0.0003 0.0002 0.0003 0.0001 0.0002 0.0003 0.0001 0.0003 0.0004 0.0005 0.0001 0.0003 0.0002 0.0002 0.0003 0.0002 0.0003 0.0003 0.0003 0.0003 0.0003 0.0006 0.0005 0.0003 0.0006 0.0002 0.0004 0.0001 0.0003 0.0003 0.0003 0.0003 0.0002 0.0003 0.0004 0.0004 
0.0003 0.0008 0.0002 0.0002 0.0007 0.0006 0.0004 0.0002 0.0003 0.0001 0.0002 0.0002 0.0002 0.0001 0.0002 0.0002 0.0004 0.0002 0.0001 0.0001 0.0002 0.0003 0.0004 0.0003 0.0002 0.0001 0.0003 0.0003 0.0001 0.0004 0.0003 0.0004 0.0004 0.0004 0.0003 0.0002 0.0002 0.0004 0.0002 0.0002 0.0002 0.0004 0.0001 0.0002 0.0002 0.0004 0.0004 0.0001 0.0004 0.0005 0.0003 0.0003 0.0003 0.0005 0.0004 0.0002 0.0001 0.0003 0.0002 0.0002 0.0002 0.0003 0.0003 0.0003 
0.0003 0.0010 0.0003 0.0001 0.0007 0.0006 0.0002 0.0004 0.0002 0.0001 0.0003 0.0002 0.0001 0.0002 0.0002 0.0001 0.0001 0.0002 0.0004 0.0001 0.0002 0.0002 0.0002 0.0001 0.0003 0.0001 0.0001 0.0002 0.0001 0.0002 0.0002 0.0001 0.0002 0.0001 0.0001 0.0002 0.0002 0.0004 0.0002 0.0004 0.0003 0.0005 0.0003 0.0004 0.0002 0.0003 0.0002 0.0004 0.0002 0.0001 0.0003 0.0001 0.0002 0.0003 0.0002 0.0004 0.0005 0.0003 0.0003 0.0002 0.0001 0.0004 0.0003 0.0005 
0.0003 0.0003 0.0001 0.0001 0.0004 0.0002 0.0002 0.0002 0.0002 0.0001 0.0001 0.0002 0.0002 0.0002 0.0001 0.0002 0.0001 0.0003 0.0001 0.0002 0.0002 0.0002 0.0002 0.0002 0.0003 0.0003 0.0003 0.0003 0.0002 0.0001 0.0003 0.0003 0.0001 0.0002 0.0006 0.0003 0.0004 0.0002 0.0001 0.0004 0.0004 0.0005 0.0003 0.0002 0.0002 0.0005 0.0003 0.0005 0.0003 0.0003 0.0003 0.0001 0.0003 0.0003 0.0002 0.0001 0.0004 0.0004 0.0003 0.0004 0.0004 0.0003 0.0004 0.0005 
