0.0003 0.0001 0.0002 0.0002 0.0002 0.0001 0.0002 0.0001 0.0002 0.0002 0.0002 0.0003 0.0001 0.0002 0.0006 0.0001 0.0004 0.0003 0.0003 0.0001 0.0003 0.0002 0.0000 0.0003 0.0004 0.0003 0.0003 0.0004 0.0005 0.0004 0.0003 0.0003 0.0003 0.0003 0.0001 0.0004 0.0002 0.0004 0.0003 0.0003 0.0004 0.0001 0.0004 0.0003 0.0003 0.0004 0.0003 0.0006 0.0006 0.0006 0.0005 0.0004 0.0002 0.0005 0.0002 0.0003 0.0004 0.0003 0.0004 0.0004 0.0005 0.0001 0.0003 0.0004 
0.0003 0.0002 0.0002 0.0001 0.0001 0.0002 0.0001 0.0002 0.0001 0.0004 0.0001 0.0001 0.0001 0.0002 0.0003 0.0003 0.0004 0.0001 0.0002 0.0002 0.0001 0.0001 0.0003 0.0002 0.0003 0.0001 0.0003 0.0003 0.0003 0.0003 0.0004 0.0002 0.0004 0.0001 0.0004 0.0001 0.0003 0.0003 0.0003 0.0002 0.0003 0.0002 0.0004 0.0001 0.0003 0.0004 0.0003 0.0004 0.0006 0.0004 0.0002 0.0005 0.0002 0.0005 0.0002 0.0004 0.0004 0.0002 0.0003 0.0006 0.0001 0.0002 0.0004 0.0005 
0.0003 0.0001 0.0001 0.0001 0.0002 0.0002 0.0001 0.0003 0.0002 0.0002 0.0002 0.0001 0.0003 0.0002 0.0001 0.0002 0.0002 0.0002 0.0001 0.0001 0.0003 0.0003 0.0003 0.0003 0.0001 0.0003 0.0002 0.0002 0.0004 0.0004 0.0004 0.0005 0.0004 0.0004 0.0003 0.0003 0.0002 0.0003 0.0002 0.0001 0.0003 0.0003 0.0004 0.0002 0.0004 0.0004 0.0004 0.0005 0.0004 0.0003 0.0004 0.0003 0.0010 0.0002 0.0005 0.0003 0.0003 0.0002 0.0004 0.0003 0.0003 0.0005 0.0003 0.0004 
0.0004 0.0002 0.0001 0.0001 0.0002 0.0002 0.0003 0.0003 0.0003 0.0003 0.0002 0.0002 0.0002 0.0001 0.0001 0.0004 0.0001 0.0002 0.0003 0.0004 0.0005 0.0003 0.0002 0.0002 0.0003 0.0003 0.0002 0.0001 0.0003 0.0002 0.0003 0.0005 0.0001 0.0002 0.0004 0.0004 0.0002 0.0004 0.0003 0.0001 0.0006 0.0002 0.0005 0.0003 0.0003 0.0004 0.0006 0.0002 0.0004 0.0002 0.0003 0.0007 0.0005 0.0004 0.0002 0.0003 0.0003 0.0005 0.0002 0.0003 0.0003 0.0003 0.0004 0.0003 
0.0002 0.0002 0.0001 0.0001 0.0002 0.0002 0.0003 0.0001 0.0002 0.0002 0.0001 0.0001 0.0002 0.0002 0.0002 0.0003 0.0002 0.0001 0.0001 0.0002 0.0003 0.0004 0.0002 0.0002 0.0003 0.0003 0.0004 0.0003 0.0002 0.0001 0.0003 0.0002 0.0002 0.0002 0.0001 0.0003 0.0002 0.0002 0.0003 0.0003 0.0007 0.0005 0.0002 0.0003 0.0003 0.0002 0.0005 0.0003 0.0004 0.0004 0.0007 0.0003 0.0004 0.0002 0.0004 0.0003 0.0004 0.0004 0.0003 0.0005 0.0003 0.0003 0.0003 0.0004 
0.0002 0.0002 0.0001 0.0001 0.0001 0.0001 0.0003 0.0001 0.0001 0.0002 0.0003 0.0001 0.0001 0.0002 0.0003 0.0001 0.0002 0.0003 0.0004 0.0003 0.0001 0.0003 0.0003 0.0004 0.0003 0.0002 0.0002 0.0002 0.0003 0.0003 0.0002 0.0003 0.0005 0.0003 0.0003 0.0004 0.0004 0.0006 0.0002 0.0008 0.0004 0.0003 0.0002 0.0004 0.0003 0.0004 0.0005 0.0004 0.0004 0.0001 0.0007 0.0005 0.0001 0.0002 0.0003 0.0002 0.0003 0.0003 0.0003 0.0005 0.0003 0.0002 0.0003 0.0003 
0.0002 0.0002 0.0001 0.0002 0.0001 0.0002 0.0004 0.0001 0.0001 0.0003 0.0002 0.0002 0.0002 0.0003 0.0001 0.0003 0.0003 0.0002 0.0002 0.0003 0.0002 0.0003 0.0002 0.0002 0.0003 0.0003 0.0002 0.0003 0.0003 0.0001 0.0003 0.0002 0.0004 0.0004 0.0004 0.0001 0.0007 0.0002 0.0003 0.0002 0.0007 0.0006 0.0002 0.0003 0.0002 0.0002 0.0004 0.0004 0.0003 0.0004 0.0002 0.0002 0.0005 0.0005 0.0004 0.0003 0.0004 0.0004 0.0004 0.0004 0.0003 0.0004 0.0003 0.0003 
0.0003 0.0002 0.0002 0.0000 0.0002 0.0002 0.0001 0.0001 0.0002 0.0004 0.0002 0.0001 0.0004 0.0004 0.0002 0.0002 0.0002 0.0002 0.0003 0.0001 0.0003 0.0002 0.0001 0.0001 0.0003 0.0004 0.0005 0.0001 0.0001 0.0003 0.0003 0.0002 0.0001 0.0005 0.0003 0.0005 0.0002 0.0003 0.0003 0.0002 0.0004 0.0007 0.0003 0.0003 0.0002 0.0005 0.0004 0.0007 0.0001 0.0003 0.0001 0.0005 0.0003 0.0003 0.0003 0.0005 0.0006 0.0004 0.0004 0.0005 0.0003 0.0004 0.0002 0.0004 
0.0004 0.0002 0.0002 0.0002 0.0001 0.0001 0.0003 0.0003 0.0001 0.0002 0.0001 0.0001 0.0002 0.0002 0.0001 0.0001 0.0003 0.0003 0.0001 0.0002 0.0001 0.0005 0.0001 0.0002 0.0003 0.0002 0.0002 0.0001 0.0003 0.0002 0.0002 0.0005 0.0003 0.0003 0.0002 0.0003 0.0005 0.0004 0.0003 0.0008 0.0006 0.0002 0.0003 0.0004 0.0002 0.0004 0.0004 0.0008 0.0008 0.0008 0.0009 0.0003 0.0003 0.0004 0.0003 0.0003 0.0002 0.0003 0.0003 0.0004 0.0002 0.0001 0.0004 0.0002 
0.0004 0.0004 0.0002 0.0003 0.0002 0.0002 0.0003 0.0002 0.0002 0.0001 0.0002 0.0002 0.0001 0.0002 0.0002 0.0002 0.0003 0.0004 0.0002 0.0002 0.0002 0.0004 0.0002 0.0003 0.0003 0.0003 0.0003 0.0002 0.0005 0.0003 0.0005 0.0002 0.0003 0.0001 0.0003 0.0002 0.0003 0.0004 0.0005 0.0003 0.0008 0.0004 0.0003 0.0002 0.0005 0.0002 0.0003 0.0005 0.0006 0.0007 0.0002 0.0003 0.0003 0.0002 0.0004 0.0002 0.0003 0.0003 0.0002 0.0003 0.0003 0.0005 0.0003 0.0002 
0.0007 0.0002 0.0001 0.0001 0.0002 0.0002 0.0001 0.0001 0.0001 0.0001 0.0001 0.0001 0.0002 0.0002 0.0002 0.0003 0.0003 0.0001 0.0002 0.0003 0.0002 0.0002 0.0001 0.0002 0.0002 0.0001 0.0002 0.0002 0.0002 0.0003 0.0001 0.0003 0.0004 0.0002 0.0003 0.0003 0.0005 0.0002 0.0005 0.0005 0.0010 0.0009 0.0003 0.0004 0.0007 0.0003 0.0003 0.0006 0.0002 0.0004 0.0003 0.0007 0.0002 0.0002 0.0006 0.0002 0.0004 0.0003 0.0003 0.0004 0.0006 0.0003 0.0003 0.0004 
0.0002 0.0002 0.0001 0.0002 0.0001 0.0001 0.0002 0.0002 0.0002 0.0001 0.0003 0.0001 0.0002 0.0001 0.0001 0.0001 0.0002 0.0001 0.0004 0.0004 0.0001 0.0001 0.0002 0.0002 0.0003 0.0003 0.0002 0.0002 0.0003 0.0003 0.0001 0.0005 0.0002 0.0002 0.0004 0.0003 0.0003 0.0004 0.0002 0.0003 0.0007 0.0005 0.0002 0.0005 0.0003 0.0004 0.0002 0.0004 0.0006 0.0002 0.0006 0.0002 0.0004 0.0002 0.0006 0.0002 0.0003 0.0003 0.0002 0.0004 0.0004 0.0003 0.0004 0.0005 
0.0003 0.0001 0.0003 0.0001 0.0002 0.0001 0.0003 0.0002 0.0001 0.0002 0.0001 0.0002 0.0002 0.0002 0.0003 0.0001 0.0003 0.0001 0.0003 0.0004 0.0002 0.0004 0.0005 0.0004 0.0002 0.0003 0.0002 0.0002 0.0001 0.0002 0.0002 0.0004 0.0002 0.0003 0.0003 0.0006 0.0006 0.0005 0.0003 0.0003 0.0007 0.0005 0.0008 0.0007 0.0002 0.0004 0.0005 0.0005 0.0003 0.0001 0.0007 0.0004 0.0006 0.0004 0.0005 0.0005 0.0003 0.0004 0.0002 0.0005 0.0004 0.0001 0.0002 0.0004 
0.0001 0.0002 0.0001 0.0002 0.0001 0.0002 0.0001 0.0003 0.0001 0.0003 0.0002 0.0002 0.0003 0.0002 0.0003 0.0003 0.0002 0.0003 0.0002 0.0001 0.0001 0.0003 0.0002 0.0001 0.0004 0.0002 0.0006 0.0002 0.0001 0.0004 0.0003 0.0008 0.0007 0.0003 0.0004 0.0001 0.0003 0.0005 0.0005 0.0005 0.0005 0.0005 0.0005 0.0006 0.0004 0.0002 0.0004 0.0004 0.0005 0.0007 0.0006 0.0002 0.0009 0.0005 0.0005 0.0003 0.0003 0.0002 0.0001 0.0004 0.0002 0.0003 0.0003 0.0003 
0.0018 0.0085 0.0055 0.0016 0.0006 0.0004 0.0001 0.0001 0.0002 0.0003 0.0003 0.0001 0.0002 0.0004 0.0004 0.0006 0.0002 0.0003 0.0002 0.0002 0.0002 0.0005 0.0003 0.0007 0.0003 0.0004 0.0008 0.0005 0.0005 0.0006 0.0009 0.0011 0.0010 0.0005 0.0004 0.0004 0.0001 0.0005 0.0002 0.0004 0.0003 0.0004 0.0005 0.0003 0.0003 0.0003 0.0004 0.0006 0.0003 0.0006 0.0003 0.0005 0.0004 0.0007 0.0006 0.0003 0.0001 0.0005 0.0002 0.0003 0.0003 0.0009 0.0003 0.0002 
0.0012 0.0174 0.0369 0.0093 0.0087 0.0010 0.0010 0.0008 0.0003 0.0005 0.0004 0.0004 0.0004 0.0006 0.0004 0.0003 0.0006 0.0002 0.0008 0.0004 0.0026 0.0012 0.0022 0.0031 0.0033 0.0158 0.0192 0.0131 0.0103 0.0146 0.0129 0.0209 0.0060 0.0090 0.0015 0.0036 0.0041 0.0009 0.0005 0.0005 0.0002 0.0003 0.0002 0.0006 0.0005 0.0004 0.0005 0.0003 0.0006 0.0007 0.0002 0.0005 0.0003 0.0003 0.0006 0.0006 0.0003 0.0005 0.0004 0.0004 0.0004 0.0003 0.0004 0.0004 
0.0077 0.0200 0.0419 0.0129 0.0176 0.0023 0.0026 0.0025 0.0022 0.0018 0.0012 0.0008 0.0012 0.0010 0.0023 0.0022 0.0012 0.0020 0.0032 0.0033 0.0013 0.0070 0.0056 0.0088 0.0222 0.0517 0.0348 0.0398 0.0313 0.0230 0.0417 0.0377 0.0281 0.0094 0.0043 0.0072 0.0092 0.0031 0.0018 0.0014 0.0021 0.0017 0.0015 0.0014 0.0011 0.0010 0.0013 0.0003 0.0019 0.0011 0.0009 0.0012 0.0008 0.0007 0.0008 0.0006 0.0010 0.0009 0.0010 0.0007 0.0005 0.0008 0.0012 0.0008 
0.0113 0.0080 0.0483 0.0228 0.0209 0.0044 0.0064 0.0037 0.0015 0.0016 0.0018 0.0029 0.0015 0.0009 0.0035 0.0035 0.0022 0.0044 0.0039 0.0022 0.0122 0.0074 0.0185 0.0113 0.0378 0.0268 0.0869 0.0221 0.0363 0.0123 0.0505 0.0138 0.0256 0.0060 0.0084 0.0081 0.0181 0.0062 0.0125 0.0082 0.0049 0.0029 0.0007 0.0004 0.0002 0.0006 0.0026 0.0013 0.0052 0.0010 0.0014 0.0014 0.0010 0.0004 0.0003 0.0002 0.0003 0.0005 0.0005 0.0006 0.0004 0.0002 0.0004 0.0003 
0.0180 0.0315 0.0495 0.0445 0.0360 0.0140 0.0098 0.0091 0.0082 0.0071 0.0071 0.0079 0.0043 0.0070 0.0146 0.0210 0.0250 0.0330 0.0085 0.0050 0.0234 0.0261 0.0317 0.1442 0.1464 0.1198 0.1375 0.0795 0.1002 0.1174 0.1178 0.0808 0.0608 0.0255 0.0141 0.0187 0.0322 0.0154 0.0202 0.0134 0.0051 0.0032 0.0016 0.0013 0.0015 0.0011 0.0045 0.0050 0.0066 0.0024 0.0013 0.0046 0.0011 0.0014 0.0014 0.0016 0.0015 0.0015 0.0021 0.0014 0.0015 0.0012 0.0015 0.0010 
0.0294 0.0748 0.1190 0.1459 0.0517 0.0241 0.0161 0.0104 0.0112 0.0145 0.0094 0.0148 0.0137 0.0187 0.0512 0.0777 0.1039 0.0744 0.0346 0.0126 0.0411 0.0957 0.0937 0.2350 0.2623 0.2027 0.0993 0.0844 0.1117 0.1347 0.1305 0.1348 0.0831 0.0461 0.0107 0.0221 0.0188 0.0287 0.0170 0.0168 0.0070 0.0052 0.0063 0.0062 0.0055 0.0053 0.0069 0.0064 0.0097 0.0054 0.0033 0.0083 0.0036 0.0046 0.0042 0.0046 0.0043 0.0041 0.0045 0.0047 0.0048 0.0044 0.0044 0.0043 
0.0340 0.0967 0.1484 0.1871 0.1057 0.0507 0.0329 0.0230 0.0295 0.0251 0.0365 0.0443 0.0430 0.0577 0.0843 0.1480 0.1779 0.0788 0.0301 0.0393 0.0641 0.1033 0.1554 0.3782 0.1397 0.1501 0.1190 0.1302 0.1546 0.1571 0.1056 0.1615 0.0895 0.0445 0.0254 0.0158 0.0141 0.0144 0.0144 0.0092 0.0083 0.0074 0.0067 0.0063 0.0065 0.0059 0.0062 0.0056 0.0059 0.0045 0.0039 0.0050 0.0037 0.0044 0.0048 0.0047 0.0047 0.0044 0.0051 0.0045 0.0044 0.0047 0.0045 0.0047 
0.0516 0.0681 0.1055 0.3043 0.1249 0.0553 0.0373 0.0295 0.0461 0.0252 0.0360 0.0379 0.0368 0.0494 0.0988 0.2717 0.2969 0.0639 0.0540 0.0344 0.0712 0.1248 0.2367 0.2902 0.1330 0.1731 0.0827 0.0949 0.0952 0.0956 0.1605 0.2157 0.0579 0.0624 0.0149 0.0152 0.0217 0.0033 0.0111 0.0084 0.0066 0.0042 0.0022 0.0018 0.0020 0.0019 0.0019 0.0027 0.0015 0.0028 0.0020 0.0021 0.0017 0.0011 0.0019 0.0018 0.0014 0.0016 0.0015 0.0015 0.0016 0.0015 0.0015 0.0016 
0.0287 0.0594 0.1207 0.2413 0.0851 0.0337 0.0179 0.0109 0.0238 0.0132 0.0320 0.0265 0.0175 0.0577 0.0949 0.2602 0.1982 0.0674 0.0354 0.0196 0.0440 0.1245 0.2111 0.2244 0.0951 0.1177 0.0672 0.0581 0.0761 0.0711 0.0928 0.1270 0.0759 0.0442 0.0106 0.0114 0.0115 0.0073 0.0150 0.0066 0.0038 0.0014 0.0010 0.0007 0.0004 0.0005 0.0008 0.0008 0.0005 0.0004 0.0005 0.0010 0.0005 0.0003 0.0006 0.0004 0.0004 0.0003 0.0004 0.0006 0.0005 0.0003 0.0006 0.0007 
0.0075 0.0528 0.0380 0.0398 0.0314 0.0137 0.0109 0.0071 0.0055 0.0082 0.0073 0.0067 0.0056 0.0093 0.0177 0.0287 0.0700 0.0119 0.0085 0.0053 0.0149 0.0078 0.0195 0.0196 0.0155 0.0061 0.0215 0.0112 0.0259 0.0114 0.0169 0.0225 0.0111 0.0097 0.0027 0.0017 0.0032 0.0026 0.0009 0.0027 0.0013 0.0016 0.0015 0.0014 0.0012 0.0012 0.0013 0.0016 0.0014 0.0010 0.0015 0.0007 0.0012 0.0012 0.0009 0.0010 0.0009 0.0011 0.0010 0.0008 0.0013 0.0011 0.0012 0.0008 
0.0062 0.0456 0.0431 0.0256 0.0114 0.0114 0.0072 0.0045 0.0032 0.0021 0.0044 0.0040 0.0026 0.0056 0.0104 0.0365 0.0374 0.0112 0.0143 0.0067 0.0100 0.0101 0.0140 0.0173 0.0270 0.0118 0.0064 0.0110 0.0113 0.0101 0.0148 0.0148 0.0078 0.0055 0.0033 0.0022 0.0036 0.0010 0.0008 0.0021 0.0006 0.0011 0.0005 0.0005 0.0001 0.0003 0.0005 0.0005 0.0004 0.0007 0.0006 0.0006 0.0003 0.0003 0.0005 0.0002 0.0001 0.0003 0.0005 0.0002 0.0004 0.0003 0.0004 0.0002 
0.0048 0.0264 0.0217 0.0193 0.0194 0.0084 0.0058 0.0033 0.0036 0.0016 0.0035 0.0044 0.0039 0.0028 0.0083 0.0119 0.0178 0.0098 0.0088 0.0079 0.0048 0.0074 0.0191 0.0056 0.0214 0.0125 0.0069 0.0054 0.0037 0.0040 0.0082 0.0119 0.0115 0.0049 0.0024 0.0023 0.0024 0.0016 0.0013 0.0014 0.0015 0.0011 0.0011 0.0011 0.0008 0.0007 0.0005 0.0006 0.0007 0.0007 0.0005 0.0009 0.0007 0.0003 0.0005 0.0007 0.0003 0.0007 0.0004 0.0009 0.0006 0.0002 0.0006 0.0007 
0.0098 0.0250 0.0200 0.0321 0.0208 0.0031 0.0017 0.0017 0.0019 0.0024 0.0008 0.0024 0.0027 0.0052 0.0064 0.0072 0.0198 0.0054 0.0037 0.0071 0.0131 0.0122 0.0123 0.0189 0.0080 0.0102 0.0057 0.0051 0.0038 0.0035 0.0038 0.0075 0.0104 0.0044 0.0018 0.0036 0.0019 0.0015 0.0017 0.0008 0.0007 0.0009 0.0006 0.0006 0.0010 0.0015 0.0010 0.0012 0.0006 0.0003 0.0004 0.0007 0.0006 0.0005 0.0003 0.0009 0.0003 0.0002 0.0004 0.0003 0.0004 0.0004 0.0003 0.0001 
0.0111 0.0829 0.0744 0.0731 0.0193 0.0089 0.0051 0.0049 0.0038 0.0046 0.0051 0.0056 0.0022 0.0128 0.0275 0.0259 0.0255 0.0068 0.0048 0.0205 0.0337 0.0442 0.0356 0.0099 0.0053 0.0058 0.0017 0.0029 0.0043 0.0025 0.0014 0.0022 0.0071 0.0056 0.0032 0.0074 0.0023 0.0013 0.0005 0.0019 0.0002 0.0004 0.0008 0.0005 0.0009 0.0009 0.0019 0.0009 0.0006 0.0003 0.0007 0.0005 0.0006 0.0004 0.0006 0.0003 0.0003 0.0003 0.0006 0.0005 0.0006 0.0003 0.0006 0.0003 
0.0073 0.0785 0.1101 0.0822 0.0518 0.0059 0.0090 0.0065 0.0095 0.0035 0.0045 0.0042 0.0037 0.0189 0.0694 0.0380 0.0197 0.0082 0.0036 0.0277 0.0536 0.0811 0.0565 0.0447 0.0089 0.0103 0.0044 0.0025 0.0026 0.0023 0.0031 0.0077 0.0050 0.0087 0.0097 0.0133 0.0080 0.0048 0.0016 0.0022 0.0017 0.0019 0.0012 0.0010 0.0024 0.0010 0.0017 0.0009 0.0018 0.0009 0.0013 0.0014 0.0009 0.0011 0.0011 0.0011 0.0012 0.0009 0.0011 0.0010 0.0014 0.0012 0.0008 0.0013 
0.0064 0.0752 0.1028 0.0625 0.0403 0.0111 0.0082 0.0052 0.0118 0.0108 0.0092 0.0026 0.0136 0.0490 0.0668 0.0378 0.0394 0.0125 0.0189 0.0255 0.0642 0.0615 0.0540 0.0391 0.0180 0.0068 0.0080 0.0048 0.0017 0.0012 0.0010 0.0063 0.0093 0.0140 0.0203 0.0144 0.0154 0.0040 0.0009 0.0011 0.0006 0.0004 0.0006 0.0013 0.0007 0.0008 0.0005 0.0006 0.0010 0.0015 0.0010 0.0007 0.0006 0.0004 0.0007 0.0005 0.0003 0.0005 0.0005 0.0004 0.0004 0.0002 0.0006 0.0007 
0.0050 0.0668 0.1114 0.0719 0.0331 0.0202 0.0166 0.0168 0.0086 0.0031 0.0078 0.0092 0.0276 0.0481 0.0656 0.0464 0.0282 0.0140 0.0162 0.0234 0.0557 0.0425 0.0534 0.0424 0.0264 0.0157 0.0069 0.0096 0.0097 0.0084 0.0060 0.0109 0.0208 0.0236 0.0195 0.0169 0.0099 0.0056 0.0034 0.0031 0.0033 0.0030 0.0034 0.0023 0.0035 0.0029 0.0027 0.0030 0.0028 0.0032 0.0026 0.0024 0.0028 0.0027 0.0031 0.0026 0.0027 0.0024 0.0026 0.0026 0.0022 0.0024 0.0024 0.0027 
0.0351 0.0803 0.1194 0.0430 0.0496 0.0244 0.0203 0.0092 0.0192 0.0129 0.0202 0.0323 0.0675 0.0665 0.0568 0.0666 0.0347 0.0305 0.0292 0.0402 0.0353 0.0517 0.0405 0.0561 0.0280 0.0138 0.0128 0.0052 0.0030 0.0041 0.0065 0.0092 0.0164 0.0249 0.0269 0.0228 0.0246 0.0039 0.0051 0.0053 0.0042 0.0038 0.0032 0.0028 0.0032 0.0024 0.0026 0.0025 0.0018 0.0020 0.0021 0.0024 0.0014 0.0021 0.0019 0.0020 0.0020 0.0018 0.0020 0.0016 0.0016 0.0017 0.0016 0.0016 
0.0314 0.0761 0.1150 0.0341 0.0623 0.0377 0.0188 0.0276 0.0117 0.0129 0.0113 0.0157 0.0796 0.0207 0.1034 0.0507 0.0343 0.0275 0.0191 0.0184 0.0609 0.0400 0.0486 0.0378 0.0236 0.0063 0.0070 0.0110 0.0026 0.0118 0.0190 0.0276 0.0453 0.0222 0.0377 0.0219 0.0258 0.0090 0.0067 0.0021 0.0021 0.0024 0.0021 0.0015 0.0013 0.0019 0.0017 0.0014 0.0016 0.0012 0.0023 0.0020 0.0016 0.0017 0.0018 0.0020 0.0016 0.0018 0.0015 0.0017 0.0022 0.0018 0.0019 0.0020 
0.0212 0.0690 0.1273 0.0498 0.0432 0.0667 0.0364 0.0441 0.1041 0.0378 0.1280 0.0926 0.3443 0.1392 0.2342 0.1723 0.0632 0.0429 0.0337 0.0128 0.0282 0.0372 0.0269 0.1481 0.1260 0.1085 0.0728 0.0599 0.0481 0.0706 0.1090 0.1408 0.0377 0.0464 0.0308 0.0605 0.0481 0.0136 0.0160 0.0047 0.0028 0.0019 0.0021 0.0025 0.0020 0.0020 0.0021 0.0016 0.0017 0.0028 0.0035 0.0097 0.0014 0.0014 0.0006 0.0004 0.0007 0.0009 0.0005 0.0008 0.0008 0.0008 0.0004 0.0008 
0.0121 0.0725 0.1526 0.0791 0.0541 0.1237 0.0236 0.1017 0.1162 0.0691 0.1927 0.2496 0.3653 0.3196 0.2916 0.1346 0.1235 0.0909 0.0415 0.0549 0.0443 0.0506 0.1325 0.1622 0.1514 0.1749 0.1076 0.0686 0.1233 0.1286 0.1918 0.1210 0.0562 0.0752 0.0249 0.0571 0.0299 0.0156 0.0134 0.0093 0.0092 0.0092 0.0096 0.0089 0.0080 0.0075 0.0070 0.0052 0.0049 0.0149 0.0320 0.0213 0.0154 0.0112 0.0079 0.0074 0.0076 0.0075 0.0070 0.0072 0.0070 0.0068 0.0071 0.0068 
0.0325 0.0670 0.1154 0.0771 0.0637 0.1055 0.0493 0.1020 0.2000 0.1544 0.2142 0.3718 0.4391 0.2434 0.2267 0.1589 0.1344 0.0394 0.0231 0.0292 0.0438 0.0521 0.0702 0.1469 0.1589 0.2060 0.1641 0.1302 0.1032 0.0816 0.1238 0.0795 0.0603 0.0313 0.0383 0.0059 0.0188 0.0197 0.0178 0.0099 0.0103 0.0108 0.0102 0.0104 0.0094 0.0085 0.0090 0.0096 0.0085 0.0286 0.0375 0.0213 0.0128 0.0073 0.0093 0.0083 0.0083 0.0081 0.0083 0.0081 0.0082 0.0079 0.0084 0.0079 
0.0166 0.0675 0.0650 0.0740 0.0677 0.0828 0.1001 0.1133 0.1830 0.1145 0.3353 0.3634 0.2807 0.1304 0.2610 0.1132 0.0695 0.0494 0.0391 0.0446 0.0264 0.0439 0.1212 0.2349 0.1998 0.1414 0.1079 0.1116 0.2015 0.1634 0.1279 0.0513 0.0184 0.0394 0.0395 0.0327 0.0055 0.0075 0.0053 0.0045 0.0036 0.0031 0.0053 0.0038 0.0031 0.0034 0.0036 0.0033 0.0080 0.0174 0.0212 0.0185 0.0092 0.0016 0.0025 0.0011 0.0016 0.0016 0.0017 0.0018 0.0018 0.0021 0.0021 0.0020 
0.0115 0.0746 0.0528 0.0953 0.0516 0.0963 0.0852 0.1170 0.1667 0.1574 0.3065 0.3362 0.1161 0.1413 0.1859 0.1332 0.0671 0.0459 0.0451 0.0311 0.0325 0.0289 0.0781 0.2040 0.1503 0.1845 0.1196 0.1336 0.1669 0.1860 0.1080 0.0173 0.0344 0.0237 0.0493 0.0189 0.0095 0.0043 0.0042 0.0042 0.0039 0.0040 0.0049 0.0038 0.0035 0.0038 0.0040 0.0025 0.0111 0.0134 0.0066 0.0090 0.0064 0.0040 0.0049 0.0032 0.0031 0.0034 0.0030 0.0029 0.0030 0.0030 0.0032 0.0028 
0.0378 0.0865 0.0555 0.0791 0.0524 0.0973 0.0575 0.0616 0.1810 0.1629 0.3482 0.4165 0.2578 0.0754 0.1297 0.0901 0.0824 0.0546 0.0352 0.0371 0.0191 0.0222 0.1010 0.1393 0.1160 0.0969 0.0842 0.0835 0.2092 0.1954 0.0941 0.0552 0.0211 0.0366 0.0415 0.0378 0.0126 0.0132 0.0126 0.0114 0.0107 0.0106 0.0105 0.0098 0.0091 0.0090 0.0093 0.0097 0.0084 0.0044 0.0077 0.0129 0.0160 0.0087 0.0091 0.0091 0.0088 0.0085 0.0083 0.0085 0.0084 0.0081 0.0083 0.0081 
0.0029 0.0909 0.0356 0.0323 0.0645 0.0596 0.1006 0.1003 0.0995 0.1450 0.3849 0.2515 0.1404 0.0747 0.1009 0.0728 0.0443 0.0492 0.0248 0.0292 0.0198 0.0144 0.0125 0.0692 0.1466 0.0765 0.1383 0.0927 0.1057 0.1716 0.0606 0.0520 0.0394 0.0210 0.0327 0.0154 0.0096 0.0075 0.0059 0.0052 0.0054 0.0048 0.0049 0.0044 0.0033 0.0030 0.0030 0.0034 0.0060 0.0045 0.0098 0.0065 0.0078 0.0041 0.0055 0.0039 0.0037 0.0033 0.0033 0.0032 0.0031 0.0031 0.0028 0.0031 
0.0072 0.0895 0.0401 0.0375 0.0366 0.0623 0.0991 0.1086 0.0730 0.1237 0.3316 0.1165 0.0942 0.0590 0.0824 0.0471 0.0155 0.0439 0.0120 0.0107 0.0105 0.0241 0.0617 0.0445 0.0647 0.0638 0.0511 0.0683 0.0841 0.0952 0.0292 0.0334 0.0105 0.0141 0.0061 0.0177 0.0041 0.0041 0.0037 0.0025 0.0024 0.0019 0.0026 0.0026 0.0022 0.0022 0.0017 0.0022 0.0034 0.0063 0.0048 0.0044 0.0028 0.0010 0.0024 0.0015 0.0013 0.0007 0.0009 0.0009 0.0005 0.0011 0.0007 0.0012 
0.0190 0.0637 0.0581 0.0242 0.0353 0.0652 0.0646 0.0714 0.0555 0.0807 0.1611 0.1277 0.0802 0.0597 0.0362 0.0197 0.0319 0.0185 0.0111 0.0104 0.0095 0.0089 0.0220 0.0264 0.0194 0.0528 0.0112 0.0229 0.0601 0.0617 0.0187 0.0236 0.0058 0.0189 0.0156 0.0103 0.0060 0.0039 0.0030 0.0019 0.0018 0.0023 0.0027 0.0014 0.0017 0.0017 0.0014 0.0015 0.0013 0.0050 0.0027 0.0046 0.0030 0.0025 0.0014 0.0009 0.0012 0.0009 0.0008 0.0010 0.0008 0.0005 0.0006 0.0007 
0.0115 0.0598 0.0383 0.0142 0.0134 0.0192 0.0274 0.0524 0.0522 0.0541 0.0579 0.1018 0.0509 0.0374 0.0125 0.0297 0.0132 0.0134 0.0101 0.0072 0.0083 0.0060 0.0170 0.0160 0.0323 0.0513 0.0220 0.0241 0.0367 0.0166 0.0175 0.0105 0.0137 0.0156 0.0095 0.0050 0.0026 0.0020 0.0019 0.0020 0.0019 0.0022 0.0016 0.0017 0.0019 0.0015 0.0015 0.0021 0.0026 0.0036 0.0024 0.0067 0.0030 0.0018 0.0010 0.0016 0.0015 0.0016 0.0015 0.0017 0.0014 0.0013 0.0015 0.0013 
0.0058 0.0451 0.0355 0.0235 0.0150 0.0124 0.0145 0.0233 0.0175 0.0139 0.0583 0.0590 0.0154 0.0118 0.0176 0.0089 0.0114 0.0069 0.0060 0.0072 0.0047 0.0017 0.0025 0.0079 0.0133 0.0165 0.0072 0.0105 0.0199 0.0112 0.0093 0.0062 0.0065 0.0080 0.0130 0.0107 0.0032 0.0035 0.0033 0.0027 0.0028 0.0027 0.0025 0.0021 0.0018 0.0022 0.0015 0.0021 0.0017 0.0023 0.0013 0.0025 0.0015 0.0020 0.0018 0.0013 0.0014 0.0017 0.0014 0.0013 0.0015 0.0014 0.0019 0.0015 
0.0035 0.0358 0.0233 0.0157 0.0093 0.0068 0.0127 0.0113 0.0198 0.0143 0.0328 0.0093 0.0213 0.0144 0.0125 0.0082 0.0030 0.0034 0.0034 0.0042 0.0007 0.0026 0.0025 0.0056 0.0105 0.0081 0.0059 0.0063 0.0082 0.0054 0.0054 0.0059 0.0041 0.0054 0.0067 0.0074 0.0038 0.0019 0.0007 0.0010 0.0004 0.0013 0.0008 0.0002 0.0006 0.0004 0.0004 0.0003 0.0006 0.0011 0.0011 0.0009 0.0011 0.0004 0.0002 0.0006 0.0004 0.0002 0.0003 0.0004 0.0003 0.0001 0.0004 0.0007 
0.0141 0.0273 0.0180 0.0053 0.0061 0.0082 0.0152 0.0153 0.0119 0.0093 0.0431 0.0140 0.0107 0.0047 0.0044 0.0042 0.0006 0.0034 0.0007 0.0027 0.0011 0.0010 0.0015 0.0020 0.0032 0.0031 0.0034 0.0004 0.0049 0.0037 0.0019 0.0012 0.0023 0.0022 0.0025 0.0015 0.0009 0.0008 0.0004 0.0004 0.0004 0.0006 0.0007 0.0010 0.0001 0.0003 0.0005 0.0005 0.0008 0.0011 0.0005 0.0004 0.0003 0.0003 0.0010 0.0003 0.0002 0.0006 0.0004 0.0003 0.0002 0.0005 0.0002 0.0005 
0.0084 0.0357 0.0124 0.0043 0.0016 0.0073 0.0185 0.0130 0.0078 0.0023 0.0096 0.0096 0.0071 0.0045 0.0013 0.0015 0.0023 0.0012 0.0012 0.0006 0.0003 0.0003 0.0009 0.0026 0.0034 0.0019 0.0016 0.0006 0.0030 0.0027 0.0020 0.0005 0.0005 0.0011 0.0007 0.0017 0.0009 0.0011 0.0002 0.0003 0.0002 0.0009 0.0009 0.0005 0.0003 0.0003 0.0004 0.0004 0.0006 0.0007 0.0004 0.0008 0.0007 0.0004 0.0003 0.0004 0.0001 0.0003 0.0002 0.0002 0.0003 0.0002 0.0004 0.0004 
0.0044 0.0375 0.0081 0.0033 0.0031 0.0047 0.0086 0.0094 0.0043 0.0039 0.0065 0.0144 0.0038 0.0002 0.0033 0.0011 0.0019 0.0023 0.0010 0.0009 0.0007 0.0004 0.0009 0.0014 0.0023 0.0016 0.0006 0.0004 0.0006 0.0008 0.0007 0.0004 0.0006 0.0010 0.0013 0.0007 0.0002 0.0005 0.0002 0.0003 0.0004 0.0003 0.0005 0.0005 0.0004 0.0002 0.0004 0.0001 0.0002 0.0013 0.0008 0.0010 0.0006 0.0009 0.0004 0.0004 0.0003 0.0003 0.0002 0.0003 0.0001 0.0002 0.0004 0.0002 
0.0021 0.0271 0.0064 0.0032 0.0044 0.0033 0.0052 0.0081 0.0064 0.0038 0.0090 0.0047 0.0015 0.0014 0.0011 0.0003 0.0009 0.0007 0.0003 0.0005 0.0005 0.0007 0.0002 0.0016 0.0008 0.0004 0.0006 0.0002 0.0017 0.0007 0.0005 0.0006 0.0005 0.0010 0.0011 0.0005 0.0007 0.0005 0.0003 0.0002 0.0004 0.0004 0.0005 0.0005 0.0002 0.0005 0.0003 0.0003 0.0007 0.0004 0.0004 0.0005 0.0003 0.0007 0.0005 0.0004 0.0003 0.0004 0.0004 0.0001 0.0005 0.0004 0.0002 0.0006 
0.0030 0.0200 0.0060 0.0036 0.0017 0.0028 0.0036 0.0021 0.0021 0.0033 0.0038 0.0067 0.0013 0.0005 0.0007 0.0004 0.0006 0.0009 0.0006 0.0006 0.0006 0.0001 0.0003 0.0004 0.0006 0.0004 0.0003 0.0002 0.0006 0.0006 0.0005 0.0005 0.0005 0.0005 0.0004 0.0005 0.0002 0.0004 0.0004 0.0003 0.0005 0.0004 0.0003 0.0003 0.0005 0.0003 0.0011 0.0003 0.0003 0.0003 0.0002 0.0006 0.0004 0.0002 0.0004 0.0003 0.0003 0.0004 0.0004 0.0006 0.0005 0.0003 0.0003 0.0006 
0.0051 0.0120 0.0058 0.0016 0.0015 0.0019 0.0009 0.0035 0.0019 0.0011 0.0046 0.0048 0.0008 0.0006 0.0005 0.0004 0.0005 0.0003 0.0001 0.0003 0.0003 0.0004 0.0002 0.0004 0.0004 0.0002 0.0003 0.0005 0.0006 0.0005 0.0006 0.0002 0.0004 0.0004 0.0003 0.0003 0.0003 0.0003 0.0004 0.0003 0.0002 0.0002 0.0003 0.0002 0.0004 0.0003 0.0004 0.0003 0.0002 0.0005 0.0006 0.0010 0.0004 0.0003 0.0003 0.0002 0.0003 0.0004 0.0002 0.0005 0.0003 0.0004 0.0005 0.0003 
0.0016 0.0123 0.0039 0.0006 0.0013 0.0008 0.0027 0.0021 0.0012 0.0009 0.0036 0.0023 0.0008 0.0005 0.0004 0.0006 0.0002 0.0002 0.0003 0.0004 0.0002 0.0002 0.0003 0.0004 0.0004 0.0003 0.0003 0.0002 0.0003 0.0004 0.0003 0.0003 0.0005 0.0003 0.0005 0.0002 0.0004 0.0004 0.0004 0.0005 0.0003 0.0003 0.0002 0.0005 0.0007 0.0003 0.0003 0.0003 0.0002 0.0003 0.0002 0.0004 0.0004 0.0003 0.0003 0.0004 0.0002 0.0002 0.0002 0.0002 0.0002 0.0004 0.0005 0.0004 
0.0020 0.0115 0.0024 0.0007 0.0005 0.0005 0.0016 0.0025 0.0009 0.0007 0.0016 0.0018 0.0004 0.0004 0.0002 0.0003 0.0001 0.0004 0.0001 0.0003 0.0001 0.0005 0.0002 0.0004 0.0003 0.0003 0.0003 0.0004 0.0005 0.0003 0.0002 0.0004 0.0003 0.0005 0.0003 0.0004 0.0004 0.0003 0.0004 0.0006 0.0005 0.0003 0.0004 0.0002 0.0001 0.0002 0.0003 0.0002 0.0003 0.0003 0.0004 0.0006 0.0002 0.0003 0.0003 0.0002 0.0003 0.0003 0.0003 0.0003 0.0003 0.0004 0.0002 0.0002 
0.0008 0.0108 0.0017 0.0006 0.0006 0.0008 0.0014 0.0006 0.0002 0.0004 0.0012 0.0015 0.0004 0.0003 0.0003 0.0005 0.0003 0.0002 0.0004 0.0002 0.0002 0.0002 0.0004 0.0003 0.0003 0.0003 0.0004 0.0003 0.0003 0.0002 0.0002 0.0001 0.0004 0.0002 0.0003 0.0009 0.0003 0.0004 0.0002 0.0008 0.0003 0.0001 0.0003 0.0003 0.0004 0.0004 0.0003 0.0005 0.0001 0.0003 0.0004 0.0005 0.0003 0.0003 0.0004 0.0003 0.0002 0.0001 0.0003 0.0003 0.0002 0.0004 0.0005 0.0005 
0.0013 0.0070 0.0006 0.0013 0.0005 0.0006 0.0009 0.0009 0.0003 0.0008 0.0011 0.0012 0.0004 0.0004 0.0002 0.0003 0.0004 0.0006 0.0004 0.0003 0.0002 0.0004 0.0003 0.0002 0.0004 0.0001 0.0003 0.0003 0.0003 0.0002 0.0003 0.0004 0.0003 0.0002 0.0004 0.0003 0.0004 0.0003 0.0003 0.0004 0.0007 0.0002 0.0004 0.0005 0.0008 0.0005 0.0004 0.0005 0.0003 0.0004 0.0004 0.0006 0.0004 0.0002 0.0004 0.0005 0.0003 0.0002 0.0004 0.0003 0.0005 0.0003 0.0001 0.0002 
0.0007 0.0063 0.0013 0.0006 0.0001 0.0007 0.0004 0.0004 0.0004 0.0005 0.0005 0.0004 0.0004 0.0002 0.0002 0.0002 0.0002 0.0004 0.0003 0.0002 0.0002 0.0002 0.0003 0.0003 0.0003 0.0003 0.0002 0.0004 0.0003 0.0001 0.0002 0.0002 0.0002 0.0001 0.0002 0.0005 0.0003 0.0003 0.0003 0.0005 0.0012 0.0002 0.0002 0.0004 0.0007 0.0001 0.0002 0.0003 0.0005 0.0005 0.0005 0.0003 0.0003 0.0007 0.0003 0.0006 0.0003 0.0002 0.0002 0.0002 0.0004 0.0002 0.0004 0.0002 
0.0025 0.0064 0.0007 0.0002 0.0002 0.0005 0.0006 0.0003 0.0002 0.0003 0.0006 0.0001 0.0001 0.0002 0.0003 0.0001 0.0003 0.0003 0.0001 0.0001 0.0002 0.0003 0.0005 0.0004 0.0002 0.0002 0.0002 0.0004 0.0001 0.0004 0.0003 0.0002 0.0003 0.0003 0.0002 0.0003 0.0003 0.0004 0.0004 0.0001 0.0004 0.0003 0.0004 0.0002 0.0004 0.0003 0.0005 0.0003 0.0005 0.0007 0.0006 0.0004 0.0006 0.0004 0.0003 0.0004 0.0002 0.0002 0.0005 0.0003 0.0002 0.0003 0.0004 0.0002 
0.0007 0.0060 0.0006 0.0003 0.0002 0.0002 0.0005 0.0003 0.0002 0.0004 0.0003 0.0004 0.0001 0.0001 0.0001 0.0002 0.0001 0.0002 0.0002 0.0004 0.0002 0.0005 0.0004 0.0003 0.0003 0.0003 0.0004 0.0004 0.0001 0.0002 0.0003 0.0004 0.0003 0.0001 0.0002 0.0001 0.0002 0.0003 0.0006 0.0002 0.0001 0.0003 0.0002 0.0005 0.0002 0.0002 0.0005 0.0004 0.0003 0.0005 0.0003 0.0005 0.0004 0.0006 0.0004 0.0003 0.0002 0.0002 0.0005 0.0001 0.0004 0.0004 0.0003 0.0004 
0.0009 0.0043 0.0001 0.0003 0.0004 0.0002 0.0002 0.0001 0.0003 0.0003 0.0002 0.0003 0.0002 0.0002 0.0001 0.0002 0.0001 0.0001 0.0003 0.0001 0.0002 0.0005 0.0005 0.0003 0.0002 0.0003 0.0003 0.0007 0.0003 0.0003 0.0004 0.0003 0.0003 0.0006 0.0002 0.0003 0.0002 0.0004 0.0006 0.0002 0.0005 0.0008 0.0005 0.0003 0.0004 0.0004 0.0003 0.0003 0.0003 0.0004 0.0005 0.0004 0.0005 0.0003 0.0004 0.0005 0.0004 0.0004 0.0006 0.0004 0.0004 0.0004 0.0002 0.0004 
0.0002 0.0028 0.0002 0.0002 0.0004 0.0002 0.0002 0.0002 0.0002 0.0003 0.0006 0.0004 0.0002 0.0002 0.0002 0.0003 0.0002 0.0003 0.0002 0.0001 0.0002 0.0003 0.0006 0.0001 0.0003 0.0002 0.0003 0.0002 0.0001 0.0004 0.0002 0.0005 0.0003 0.0004 0.0003 0.0002 0.0004 0.0001 0.0005 0.0004 0.0004 0.0002 0.0002 0.0005 0.0002 0.0005 0.0003 0.0004 0.0004 0.0003 0.0003 0.0004 0.0006 0.0006 0.0007 0.0004 0.0005 0.0002 0.0005 0.0002 0.0005 0.0002 0.0005 0.0003 
0.0005 0.0032 0.0005 0.0002 0.0004 0.0004 0.0002 0.0002 0.0001 0.0003 0.0001 0.0005 0.0003 0.0001 0.0002 0.0002 0.0002 0.0003 0.0003 0.0002 0.0003 0.0002 0.0003 0.0002 0.0002 0.0002 0.0002 0.0004 0.0003 0.0006 0.0003 0.0003 0.0004 0.0002 0.0004 0.0004 0.0002 0.0004 0.0005 0.0001 0.0004 0.0007 0.0002 0.0003 0.0003 0.0004 0.0002 0.0005 0.0010 0.0007 0.0004 0.0003 0.0004 0.0004 0.0002 0.0003 0.0003 0.0004 0.0002 0.0003 0.0003 0.0002 0.0005 0.0005 
0.0009 0.0023 0.0004 0.0002 0.0001 0.0001 0.0002 0.0002 0.0002 0.0002 0.0004 0.0003 0.0003 0.0002 0.0001 0.0003 0.0001 0.0003 0.0002 0.0002 0.0002 0.0001 0.0004 0.0003 0.0002 0.0003 0.0002 0.0005 0.0002 0.0005 0.0002 0.0002 0.0002 0.0007 0.0005 0.0002 0.0003 0.0004 0.0005 0.0002 0.0003 0.0003 0.0003 0.0002 0.0007 0.0003 0.0002 0.0002 0.0005 0.0005 0.0002 0.0004 0.0003 0.0004 0.0005 0.0004 0.0003 0.0004 0.0002 0.0004 0.0002 0.0003 0.0003 0.0005 
0.0010 0.0021 0.0002 0.0004 0.0002 0.0002 0.0001 0.0002 0.0003 0.0002 0.0002 0.0001 0.0001 0.0001 0.0001 0.0001 0.0001 0.0002 0.0002 0.0003 0.0002 0.0002 0.0002 0.0001 0.0002 0.0002 0.0005 0.0004 0.0002 0.0002 0.0002 0.0003 0.0005 0.0003 0.0006 0.0004 0.0002 0.0001 0.0002 0.0004 0.0004 0.0003 0.0003 0.0008 0.0008 0.0001 0.0001 0.0006 0.0003 0.0003 0.0002 0.0007 0.0004 0.0004 0.0001 0.0002 0.0003 0.0002 0.0004 0.0003 0.0004 0.0002 0.0003 0.0004 
0.0004 0.0004 0.0002 0.0002 0.0003 0.0004 0.0001 0.0001 0.0003 0.0002 0.0003 0.0002 0.0001 0.0002 0.0001 0.0002 0.0002 0.0004 0.0001 0.0002 0.0003 0.0002 0.0002 0.0001 0.0003 0.0005 0.0002 0.0002 0.0003 0.0004 0.0005 0.0004 0.0002 0.0004 0.0005 0.0004 0.0005 0.0003 0.0005 0.0002 0.0003 0.0002 0.0004 0.0004 0.0002 0.0003 0.0004 0.0003 0.0004 0.0002 0.0005 0.0006 0.0003 0.0004 0.0003 0.0004 0.0003 0.0004 0.0003 0.0003 0.0005 0.0001 0.0003 0.0004 
