0.0004 0.0003 0.0002 0.0003 0.0003 0.0002 0.0002 0.0001 0.0002 0.0003 0.0002 0.0001 0.0005 0.0003 0.0003 0.0003 0.0002 0.0005 0.0002 0.0003 0.0001 0.0002 0.0003 0.0004 0.0002 0.0002 0.0002 0.0004 0.0002 0.0004 0.0004 0.0004 0.0002 0.0005 0.0003 0.0006 0.0003 0.0005 0.0006 0.0002 0.0006 0.0006 0.0003 0.0003 0.0004 0.0004 0.0003 0.0004 0.0003 0.0005 0.0002 0.0006 0.0006 0.0004 0.0005 0.0004 0.0003 0.0003 0.0001 0.0002 0.0004 0.0003 0.0002 0.0004 
0.0005 0.0002 0.0001 0.0002 0.0001 0.0002 0.0003 0.0002 0.0001 0.0003 0.0002 0.0001 0.0001 0.0003 0.0004 0.0003 0.0002 0.0005 0.0003 0.0002 0.0001 0.0002 0.0004 0.0001 0.0003 0.0002 0.0002 0.0005 0.0003 0.0002 0.0001 0.0002 0.0003 0.0004 0.0003 0.0005 0.0004 0.0003 0.0007 0.0005 0.0003 0.0007 0.0003 0.0005 0.0005 0.0005 0.0002 0.0004 0.0003 0.0005 0.0004 0.0005 0.0001 0.0003 0.0003 0.0003 0.0002 0.0003 0.0003 0.0002 0.0002 0.0004 0.0003 0.0005 
0.0004 0.0003 0.0001 0.0001 0.0002 0.0001 0.0002 0.0001 0.0001 0.0002 0.0002 0.0001 0.0003 0.0002 0.0006 0.0003 0.0003 0.0004 0.0001 0.0002 0.0003 0.0003 0.0004 0.0004 0.0003 0.0004 0.0005 0.0001 0.0002 0.0002 0.0001 0.0004 0.0002 0.0003 0.0005 0.0002 0.0004 0.0004 0.0002 0.0003 0.0006 0.0002 0.0004 0.0003 0.0005 0.0008 0.0003 0.0006 0.0005 0.0002 0.0003 0.0003 0.0002 0.0004 0.0004 0.0005 0.0002 0.0004 0.0005 0.0002 0.0006 0.0003 0.0004 0.0003 
0.0005 0.0001 0.0002 0.0001 0.0001 0.0001 0.0001 0.0001 0.0004 0.0003 0.0001 0.0002 0.0002 0.0002 0.0003 0.0002 0.0003 0.0002 0.0001 0.0002 0.0002 0.0002 0.0003 0.0002 0.0003 0.0003 0.0005 0.0003 0.0003 0.0002 0.0004 0.0002 0.0001 0.0001 0.0002 0.0003 0.0003 0.0007 0.0002 0.0003 0.0003 0.0005 0.0004 0.0001 0.0002 0.0001 0.0006 0.0008 0.0007 0.0003 0.0002 0.0002 0.0006 0.0006 0.0004 0.0002 0.0003 0.0003 0.0003 0.0003 0.0004 0.0006 0.0004 0.0006 
0.0007 0.0004 0.0005 0.0002 0.0002 0.0002 0.0002 0.0005 0.0004 0.0004 0.0006 0.0004 0.0002 0.0002 0.0008 0.0008 0.0012 0.0006 0.0007 0.0002 0.0002 0.0003 0.0003 0.0002 0.0013 0.0003 0.0012 0.0007 0.0007 0.0007 0.0010 0.0003 0.0004 0.0003 0.0002 0.0006 0.0005 0.0006 0.0003 0.0006 0.0004 0.0002 0.0005 0.0005 0.0006 0.0001 0.0010 0.0007 0.0008 0.0004 0.0003 0.0003 0.0005 0.0001 0.0005 0.0004 0.0003 0.0003 0.0003 0.0003 0.0004 0.0002 0.0001 0.0004 
0.0008 0.0001 0.0004 0.0002 0.0002 0.0001 0.0001 0.0001 0.0002 0.0001 0.0003 0.0003 0.0004 0.0005 0.0006 0.0009 0.0009 0.0008 0.0008 0.0006 0.0003 0.0003 0.0002 0.0003 0.0008 0.0003 0.0008 0.0005 0.0005 0.0005 0.0005 0.0006 0.0003 0.0002 0.0004 0.0007 0.0004 0.0005 0.0004 0.0003 0.0007 0.0004 0.0001 0.0005 0.0003 0.0002 0.0004 0.0010 0.0004 0.0004 0.0006 0.0005 0.0004 0.0005 0.0008 0.0003 0.0005 0.0003 0.0003 0.0004 0.0003 0.0003 0.0002 0.0002 
0.0004 0.0003 0.0004 0.0002 0.0003 0.0001 0.0001 0.0001 0.0003 0.0002 0.0002 0.0003 0.0002 0.0003 0.0002 0.0003 0.0002 0.0002 0.0003 0.0002 0.0001 0.0002 0.0002 0.0005 0.0003 0.0002 0.0004 0.0003 0.0005 0.0003 0.0002 0.0003 0.0002 0.0003 0.0004 0.0005 0.0004 0.0003 0.0004 0.0004 0.0005 0.0005 0.0002 0.0001 0.0001 0.0003 0.0003 0.0007 0.0004 0.0003 0.0005 0.0003 0.0003 0.0002 0.0002 0.0006 0.0003 0.0002 0.0002 0.0003 0.0002 0.0003 0.0004 0.0003 
0.0002 0.0002 0.0003 0.0002 0.0002 0.0001 0.0002 0.0003 0.0003 0.0001 0.0002 0.0002 0.0001 0.0003 0.0002 0.0003 0.0002 0.0002 0.0002 0.0002 0.0003 0.0004 0.0010 0.0003 0.0005 0.0006 0.0006 0.0007 0.0010 0.0003 0.0003 0.0003 0.0002 0.0001 0.0002 0.0004 0.0023 0.0008 0.0010 0.0004 0.0006 0.0009 0.0019 0.0011 0.0007 0.0003 0.0004 0.0004 0.0004 0.0005 0.0008 0.0006 0.0005 0.0008 0.0005 0.0004 0.0004 0.0005 0.0003 0.0004 0.0001 0.0003 0.0002 0.0004 
0.0003 0.0004 0.0002 0.0002 0.0001 0.0001 0.0002 0.0001 0.0002 0.0003 0.0001 0.0001 0.0002 0.0001 0.0002 0.0004 0.0002 0.0002 0.0004 0.0006 0.0004 0.0002 0.0005 0.0003 0.0005 0.0002 0.0005 0.0004 0.0003 0.0002 0.0002 0.0003 0.0002 0.0001 0.0002 0.0002 0.0004 0.0005 0.0004 0.0005 0.0004 0.0006 0.0010 0.0004 0.0005 0.0001 0.0006 0.0005 0.0003 0.0004 0.0005 0.0004 0.0003 0.0004 0.0003 0.0002 0.0002 0.0003 0.0001 0.0003 0.0003 0.0005 0.0005 0.0001 
0.0004 0.0005 0.0001 0.0003 0.0002 0.0001 0.0001 0.0002 0.0002 0.0002 0.0004 0.0001 0.0001 0.0001 0.0003 0.0001 0.0002 0.0002 0.0002 0.0002 0.0003 0.0003 0.0005 0.0003 0.0003 0.0007 0.0004 0.0002 0.0005 0.0003 0.0004 0.0004 0.0002 0.0002 0.0004 0.0003 0.0002 0.0002 0.0006 0.0003 0.0005 0.0003 0.0005 0.0004 0.0003 0.0003 0.0003 0.0004 0.0005 0.0003 0.0007 0.0002 0.0004 0.0001 0.0002 0.0004 0.0004 0.0001 0.0003 0.0003 0.0003 0.0004 0.0002 0.0002 
0.0003 0.0002 0.0003 0.0001 0.0002 0.0001 0.0001 0.0002 0.0001 0.0006 0.0004 0.0002 0.0001 0.0003 0.0002 0.0002 0.0001 0.0002 0.0003 0.0001 0.0001 0.0002 0.0006 0.0002 0.0004 0.0004 0.0003 0.0002 0.0004 0.0001 0.0004 0.0004 0.0004 0.0004 0.0002 0.0004 0.0002 0.0006 0.0003 0.0003 0.0004 0.0004 0.0009 0.0006 0.0004 0.0004 0.0003 0.0005 0.0006 0.0002 0.0002 0.0002 0.0002 0.0003 0.0002 0.0003 0.0005 0.0003 0.0003 0.0005 0.0003 0.0003 0.0003 0.0001 
0.0004 0.0001 0.0001 0.0003 0.0002 0.0003 0.0003 0.0002 0.0001 0.0004 0.0002 0.0001 0.0004 0.0001 0.0002 0.0002 0.0001 0.0003 0.0003 0.0001 0.0003 0.0001 0.0003 0.0001 0.0003 0.0004 0.0003 0.0001 0.0002 0.0002 0.0005 0.0002 0.0003 0.0004 0.0004 0.0003 0.0002 0.0004 0.0003 0.0005 0.0005 0.0004 0.0010 0.0005 0.0002 0.0007 0.0002 0.0002 0.0004 0.0003 0.0003 0.0003 0.0002 0.0003 0.0002 0.0003 0.0004 0.0004 0.0003 0.0003 0.0004 0.0003 0.0003 0.0003 
0.0005 0.0002 0.0001 0.0002 0.0001 0.0001 0.0002 0.0002 0.0001 0.0003 0.0002 0.0001 0.0001 0.0002 0.0001 0.0003 0.0002 0.0003 0.0002 0.0002 0.0002 0.0003 0.0002 0.0004 0.0004 0.0002 0.0004 0.0002 0.0004 0.0004 0.0005 0.0003 0.0003 0.0003 0.0002 0.0001 0.0004 0.0002 0.0003 0.0003 0.0004 0.0004 0.0003 0.0008 0.0006 0.0008 0.0003 0.0004 0.0004 0.0002 0.0008 0.0003 0.0002 0.0003 0.0004 0.0003 0.0001 0.0003 0.0003 0.0005 0.0002 0.0003 0.0003 0.0003 
0.0003 0.0001 0.0001 0.0002 0.0001 0.0002 0.0004 0.0002 0.0002 0.0002 0.0003 0.0001 0.0002 0.0002 0.0001 0.0001 0.0002 0.0004 0.0002 0.0003 0.0002 0.0001 0.0002 0.0002 0.0001 0.0001 0.0002 0.0002 0.0002 0.0003 0.0004 0.0003 0.0003 0.0002 0.0002 0.0003 0.0004 0.0003 0.0006 0.0003 0.0003 0.0004 0.0002 0.0003 0.0007 0.0003 0.0003 0.0006 0.0004 0.0002 0.0003 0.0003 0.0004 0.0005 0.0002 0.0003 0.0004 0.0005 0.0002 0.0002 0.0004 0.0003 0.0002 0.0002 
0.0001 0.0002 0.0000 0.0002 0.0002 0.0002 0.0002 0.0001 0.0003 0.0002 0.0001 0.0002 0.0002 0.0002 0.0001 0.0002 0.0001 0.0002 0.0002 0.0002 0.0002 0.0002 0.0002 0.0001 0.0002 0.0005 0.0002 0.0002 0.0002 0.0003 0.0003 0.0006 0.0002 0.0003 0.0004 0.0002 0.0003 0.0004 0.0001 0.0003 0.0005 0.0002 0.0002 0.0004 0.0004 0.0004 0.0005 0.0007 0.0002 0.0003 0.0003 0.0003 0.0004 0.0003 0.0004 0.0003 0.0004 0.0003 0.0003 0.0001 0.0002 0.0004 0.0003 0.0003 
0.0002 0.0002 0.0001 0.0002 0.0002 0.0001 0.0002 0.0001 0.0001 0.0001 0.0002 0.0001 0.0002 0.0001 0.0002 0.0003 0.0002 0.0002 0.0002 0.0003 0.0002 0.0003 0.0003 0.0005 0.0002 0.0002 0.0003 0.0002 0.0001 0.0002 0.0005 0.0006 0.0003 0.0006 0.0002 0.0004 0.0003 0.0002 0.0002 0.0002 0.0003 0.0002 0.0003 0.0003 0.0002 0.0004 0.0003 0.0004 0.0002 0.0005 0.0003 0.0003 0.0002 0.0002 0.0004 0.0003 0.0001 0.0001 0.0001 0.0004 0.0003 0.0004 0.0003 0.0005 
0.0002 0.0002 0.0001 0.0001 0.0001 0.0001 0.0001 0.0002 0.0002 0.0002 0.0002 0.0003 0.0003 0.0003 0.0005 0.0003 0.0003 0.0003 0.0005 0.0002 0.0002 0.0003 0.0001 0.0003 0.0005 0.0002 0.0002 0.0002 0.0003 0.0002 0.0003 0.0004 0.0002 0.0003 0.0004 0.0002 0.0003 0.0002 0.0005 0.0003 0.0002 0.0003 0.0002 0.0004 0.0005 0.0006 0.0004 0.0004 0.0004 0.0006 0.0005 0.0002 0.0002 0.0002 0.0002 0.0003 0.0002 0.0003 0.0003 0.0002 0.0004 0.0004 0.0003 0.0001 
0.0001 0.0001 0.0001 0.0002 0.0001 0.0002 0.0003 0.0001 0.0001 0.0003 0.0003 0.0003 0.0002 0.0001 0.0004 0.0002 0.0001 0.0002 0.0002 0.0003 0.0003 0.0001 0.0002 0.0002 0.0002 0.0002 0.0002 0.0003 0.0001 0.0004 0.0002 0.0002 0.0005 0.0002 0.0002 0.0007 0.0004 0.0003 0.0003 0.0002 0.0004 0.0006 0.0003 0.0003 0.0005 0.0005 0.0004 0.0004 0.0008 0.0005 0.0006 0.0001 0.0002 0.0003 0.0003 0.0004 0.0004 0.0003 0.0002 0.0003 0.0003 0.0004 0.0004 0.0003 
0.0001 0.0002 0.0002 0.0002 0.0001 0.0002 0.0003 0.0003 0.0001 0.0003 0.0002 0.0002 0.0004 0.0002 0.0002 0.0001 0.0002 0.0001 0.0003 0.0002 0.0003 0.0003 0.0002 0.0002 0.0002 0.0002 0.0004 0.0001 0.0003 0.0001 0.0003 0.0003 0.0002 0.0003 0.0004 0.0004 0.0003 0.0001 0.0003 0.0004 0.0004 0.0002 0.0004 0.0003 0.0002 0.0005 0.0002 0.0004 0.0004 0.0002 0.0003 0.0003 0.0003 0.0003 0.0004 0.0003 0.0003 0.0001 0.0002 0.0003 0.0003 0.0003 0.0004 0.0004 
0.0001 0.0001 0.0002 0.0004 0.0004 0.0001 0.0001 0.0003 0.0001 0.0003 0.0002 0.0002 0.0001 0.0004 0.0006 0.0003 0.0002 0.0003 0.0001 0.0002 0.0004 0.0004 0.0003 0.0007 0.0004 0.0002 0.0002 0.0004 0.0007 0.0004 0.0006 0.0004 0.0004 0.0004 0.0004 0.0002 0.0008 0.0008 0.0004 0.0003 0.0003 0.0005 0.0002 0.0004 0.0004 0.0004 0.0004 0.0005 0.0007 0.0004 0.0005 0.0005 0.0005 0.0002 0.0002 0.0004 0.0005 0.0002 0.0003 0.0005 0.0003 0.0003 0.0005 0.0001 
0.0043 0.0070 0.0039 0.0021 0.0016 0.0011 0.0007 0.0005 0.0006 0.0003 0.0006 0.0005 0.0002 0.0004 0.0006 0.0002 0.0002 0.0010 0.0003 0.0005 0.0007 0.0003 0.0007 0.0009 0.0009 0.0009 0.0005 0.0009 0.0023 0.0009 0.0014 0.0012 0.0014 0.0011 0.0014 0.0009 0.0013 0.0008 0.0006 0.0006 0.0006 0.0008 0.0009 0.0007 0.0003 0.0008 0.0006 0.0004 0.0006 0.0002 0.0004 0.0005 0.0005 0.0003 0.0002 0.0003 0.0002 0.0004 0.0005 0.0003 0.0004 0.0003 0.0005 0.0003 
0.0020 0.0436 0.0484 0.0138 0.0161 0.0032 0.0035 0.0028 0.0026 0.0021 0.0023 0.0032 0.0028 0.0035 0.0029 0.0050 0.0049 0.0069 0.0211 0.0116 0.0089 0.0102 0.0073 0.0091 0.0228 0.0227 0.0336 0.0906 0.0522 0.0257 0.0516 0.0229 0.0306 0.0067 0.0059 0.0084 0.0062 0.0082 0.0052 0.0037 0.0033 0.0051 0.0049 0.0032 0.0024 0.0050 0.0028 0.0032 0.0027 0.0026 0.0021 0.0016 0.0019 0.0018 0.0020 0.0026 0.0020 0.0018 0.0024 0.0021 0.0021 0.0020 0.0020 0.0019 
0.0081 0.0817 0.1217 0.0248 0.0424 0.0195 0.0038 0.0116 0.0083 0.0097 0.0037 0.0045 0.0052 0.0061 0.0088 0.0258 0.0247 0.0777 0.0957 0.0357 0.0092 0.0303 0.0582 0.0351 0.1599 0.2311 0.1541 0.2626 0.1353 0.1317 0.0833 0.0988 0.0424 0.0412 0.0176 0.0212 0.0053 0.0141 0.0203 0.0071 0.0126 0.0122 0.0112 0.0144 0.0095 0.0123 0.0045 0.0107 0.0010 0.0033 0.0057 0.0031 0.0024 0.0039 0.0066 0.0046 0.0051 0.0033 0.0045 0.0036 0.0026 0.0028 0.0028 0.0027 
0.0296 0.0771 0.2060 0.0873 0.0916 0.0260 0.0165 0.0097 0.0239 0.0150 0.0147 0.0080 0.0042 0.0078 0.0292 0.0594 0.1275 0.2183 0.2821 0.0975 0.0725 0.0949 0.1845 0.1325 0.4406 0.3186 0.2505 0.3010 0.2870 0.2286 0.1625 0.2102 0.1487 0.0518 0.0186 0.0282 0.0196 0.0156 0.0180 0.0066 0.0045 0.0079 0.0086 0.0043 0.0054 0.0036 0.0027 0.0058 0.0046 0.0018 0.0027 0.0020 0.0016 0.0026 0.0045 0.0056 0.0058 0.0033 0.0049 0.0023 0.0016 0.0016 0.0019 0.0018 
0.0312 0.1151 0.2199 0.1035 0.1567 0.0568 0.0185 0.0296 0.0378 0.0275 0.0395 0.0199 0.0066 0.0326 0.0953 0.1287 0.4988 0.5136 0.2611 0.1139 0.0533 0.0850 0.4465 0.2661 0.6628 0.2849 0.2065 0.2328 0.2932 0.2142 0.4080 0.2022 0.2818 0.0556 0.0465 0.0398 0.0185 0.0204 0.0098 0.0230 0.0190 0.0196 0.0183 0.0196 0.0135 0.0141 0.0121 0.0121 0.0117 0.0100 0.0165 0.0130 0.0129 0.0113 0.0150 0.0143 0.0136 0.0125 0.0081 0.0112 0.0104 0.0104 0.0102 0.0107 
0.1275 0.1780 0.2064 0.1607 0.3025 0.0634 0.0216 0.0238 0.0366 0.0274 0.0615 0.0135 0.0092 0.0580 0.1217 0.1377 0.5547 0.5196 0.2110 0.0768 0.0232 0.1864 0.4675 0.1563 0.5469 0.2823 0.2207 0.1896 0.1817 0.1880 0.2964 0.1713 0.1870 0.0776 0.0376 0.0289 0.0191 0.0244 0.0231 0.0281 0.0256 0.0148 0.0158 0.0195 0.0141 0.0189 0.0186 0.0129 0.0145 0.0125 0.0223 0.0146 0.0146 0.0125 0.0161 0.0164 0.0139 0.0143 0.0124 0.0121 0.0126 0.0124 0.0126 0.0130 
0.0503 0.1410 0.2037 0.2636 0.1614 0.0712 0.0262 0.0309 0.0294 0.0270 0.0416 0.0248 0.0180 0.0377 0.0793 0.2800 0.3707 0.2022 0.1526 0.0831 0.0483 0.0822 0.2031 0.1068 0.2221 0.1986 0.1878 0.1842 0.1383 0.0750 0.1702 0.1129 0.1459 0.0442 0.0178 0.0309 0.0164 0.0110 0.0126 0.0126 0.0152 0.0039 0.0089 0.0075 0.0072 0.0082 0.0083 0.0090 0.0061 0.0080 0.0069 0.0054 0.0060 0.0058 0.0050 0.0046 0.0067 0.0065 0.0062 0.0050 0.0061 0.0057 0.0053 0.0059 
0.0231 0.1515 0.0896 0.0892 0.0938 0.0207 0.0175 0.0156 0.0189 0.0112 0.0237 0.0133 0.0170 0.0310 0.0239 0.0448 0.0740 0.0770 0.0413 0.0208 0.0239 0.0395 0.0598 0.0561 0.1094 0.0319 0.0527 0.0394 0.0259 0.0356 0.0194 0.0226 0.0219 0.0182 0.0047 0.0042 0.0011 0.0015 0.0026 0.0009 0.0012 0.0012 0.0021 0.0007 0.0009 0.0014 0.0012 0.0011 0.0017 0.0014 0.0006 0.0008 0.0006 0.0006 0.0009 0.0006 0.0006 0.0007 0.0005 0.0009 0.0006 0.0002 0.0003 0.0003 
0.0141 0.1301 0.1253 0.0888 0.0703 0.0175 0.0114 0.0069 0.0133 0.0119 0.0224 0.0100 0.0125 0.0147 0.0191 0.0604 0.0442 0.0491 0.0218 0.0276 0.0327 0.0380 0.0658 0.0825 0.0315 0.0356 0.0134 0.0103 0.0422 0.0481 0.0181 0.0213 0.0104 0.0136 0.0034 0.0050 0.0049 0.0058 0.0047 0.0044 0.0044 0.0045 0.0050 0.0045 0.0044 0.0043 0.0047 0.0043 0.0046 0.0036 0.0045 0.0039 0.0043 0.0039 0.0038 0.0039 0.0034 0.0037 0.0038 0.0038 0.0036 0.0039 0.0036 0.0038 
0.0373 0.1424 0.0552 0.0311 0.0313 0.0283 0.0104 0.0040 0.0151 0.0027 0.0062 0.0070 0.0071 0.0156 0.0221 0.0282 0.0233 0.0433 0.0096 0.0235 0.0236 0.0212 0.0249 0.0521 0.0276 0.0390 0.0209 0.0106 0.0145 0.0140 0.0160 0.0120 0.0096 0.0071 0.0028 0.0027 0.0023 0.0022 0.0021 0.0018 0.0017 0.0018 0.0012 0.0016 0.0013 0.0013 0.0016 0.0019 0.0006 0.0013 0.0015 0.0014 0.0009 0.0014 0.0014 0.0013 0.0017 0.0013 0.0011 0.0010 0.0010 0.0011 0.0012 0.0011 
0.0269 0.0899 0.1052 0.0557 0.0196 0.0203 0.0106 0.0088 0.0104 0.0072 0.0024 0.0019 0.0046 0.0054 0.0038 0.0296 0.0243 0.0330 0.0099 0.0129 0.0070 0.0078 0.0252 0.0180 0.0109 0.0230 0.0127 0.0126 0.0127 0.0165 0.0208 0.0093 0.0070 0.0015 0.0016 0.0021 0.0016 0.0016 0.0018 0.0009 0.0010 0.0010 0.0011 0.0013 0.0012 0.0012 0.0009 0.0015 0.0009 0.0007 0.0016 0.0012 0.0015 0.0009 0.0009 0.0008 0.0007 0.0009 0.0013 0.0009 0.0010 0.0009 0.0011 0.0011 
0.0102 0.0326 0.1544 0.0278 0.0302 0.0232 0.0122 0.0099 0.0130 0.0057 0.0042 0.0078 0.0040 0.0039 0.0072 0.0214 0.0261 0.0270 0.0152 0.0076 0.0111 0.0130 0.0048 0.0152 0.0106 0.0105 0.0046 0.0040 0.0072 0.0072 0.0101 0.0097 0.0068 0.0044 0.0039 0.0033 0.0029 0.0010 0.0033 0.0033 0.0044 0.0020 0.0018 0.0018 0.0020 0.0021 0.0019 0.0026 0.0017 0.0019 0.0019 0.0021 0.0018 0.0014 0.0020 0.0017 0.0018 0.0019 0.0017 0.0017 0.0022 0.0015 0.0019 0.0020 
0.0093 0.0575 0.1618 0.0437 0.0505 0.0259 0.0112 0.0107 0.0137 0.0100 0.0063 0.0097 0.0054 0.0055 0.0163 0.0325 0.0234 0.0261 0.0167 0.0085 0.0124 0.0171 0.0199 0.0158 0.0097 0.0071 0.0026 0.0039 0.0073 0.0042 0.0046 0.0075 0.0036 0.0060 0.0050 0.0047 0.0047 0.0062 0.0035 0.0036 0.0038 0.0017 0.0019 0.0016 0.0018 0.0020 0.0018 0.0021 0.0016 0.0016 0.0026 0.0016 0.0022 0.0020 0.0023 0.0020 0.0021 0.0020 0.0018 0.0019 0.0019 0.0019 0.0021 0.0019 
0.0493 0.0792 0.1918 0.0325 0.0486 0.0122 0.0177 0.0109 0.0195 0.0171 0.0143 0.0107 0.0182 0.0237 0.0666 0.0556 0.0133 0.0292 0.0244 0.0119 0.0147 0.0264 0.0355 0.0367 0.0202 0.0122 0.0074 0.0062 0.0056 0.0062 0.0055 0.0054 0.0029 0.0033 0.0028 0.0025 0.0032 0.0072 0.0028 0.0058 0.0039 0.0041 0.0031 0.0034 0.0029 0.0028 0.0027 0.0023 0.0026 0.0021 0.0027 0.0022 0.0020 0.0024 0.0026 0.0022 0.0022 0.0019 0.0020 0.0023 0.0021 0.0022 0.0020 0.0023 
0.0369 0.1097 0.1384 0.0444 0.0542 0.0107 0.0135 0.0095 0.0175 0.0112 0.0147 0.0077 0.0096 0.0228 0.0984 0.0259 0.0392 0.0196 0.0247 0.0055 0.0161 0.0255 0.0490 0.0479 0.0101 0.0039 0.0079 0.0067 0.0045 0.0031 0.0060 0.0036 0.0025 0.0075 0.0087 0.0043 0.0062 0.0054 0.0070 0.0021 0.0030 0.0030 0.0024 0.0023 0.0026 0.0022 0.0024 0.0022 0.0022 0.0028 0.0024 0.0021 0.0021 0.0022 0.0025 0.0020 0.0019 0.0019 0.0021 0.0021 0.0020 0.0021 0.0020 0.0025 
0.0027 0.0992 0.1128 0.0358 0.0407 0.0130 0.0084 0.0068 0.0130 0.0087 0.0102 0.0081 0.0094 0.0269 0.0531 0.0474 0.0373 0.0480 0.0222 0.0192 0.0200 0.0210 0.0332 0.0385 0.0154 0.0123 0.0041 0.0049 0.0043 0.0056 0.0039 0.0012 0.0023 0.0081 0.0049 0.0093 0.0062 0.0164 0.0145 0.0024 0.0013 0.0014 0.0008 0.0011 0.0008 0.0011 0.0004 0.0008 0.0011 0.0003 0.0007 0.0005 0.0006 0.0007 0.0005 0.0007 0.0005 0.0005 0.0004 0.0006 0.0005 0.0005 0.0003 0.0005 
0.0037 0.0685 0.1359 0.0278 0.0502 0.0147 0.0224 0.0152 0.0256 0.0508 0.0384 0.0223 0.0753 0.1795 0.1885 0.2177 0.1324 0.0705 0.0434 0.0468 0.0173 0.0480 0.1380 0.1046 0.0590 0.0491 0.0760 0.1128 0.1296 0.1192 0.0779 0.0483 0.0186 0.0426 0.0265 0.0396 0.0140 0.0193 0.0290 0.0058 0.0018 0.0004 0.0032 0.0017 0.0027 0.0023 0.0012 0.0020 0.0018 0.0007 0.0013 0.0013 0.0015 0.0015 0.0020 0.0008 0.0007 0.0020 0.0018 0.0009 0.0008 0.0009 0.0010 0.0011 
0.0283 0.0350 0.1530 0.0417 0.0576 0.2341 0.0809 0.2031 0.1363 0.2292 0.1281 0.0800 0.1604 0.4549 0.6474 0.5788 0.5292 0.2172 0.1359 0.0827 0.0428 0.1229 0.1525 0.3055 0.2375 0.3087 0.3707 0.4156 0.4854 0.4623 0.3324 0.1418 0.1047 0.0510 0.0462 0.0719 0.1373 0.0529 0.0302 0.0078 0.0093 0.0115 0.0087 0.0076 0.0071 0.0064 0.0069 0.0141 0.0042 0.0068 0.0073 0.0067 0.0056 0.0085 0.0090 0.0061 0.0075 0.0083 0.0066 0.0064 0.0076 0.0072 0.0069 0.0070 
0.0390 0.0595 0.1035 0.0387 0.1489 0.0814 0.0924 0.4263 0.2977 0.4800 0.1602 0.2280 0.4394 1.0788 0.4555 0.4791 0.5965 0.1883 0.1413 0.0660 0.0774 0.1119 0.1547 0.2914 0.4842 0.3553 0.3408 0.3585 0.4518 0.3767 0.2875 0.1858 0.0104 0.0462 0.1100 0.0734 0.0366 0.0302 0.0147 0.0159 0.0099 0.0112 0.0115 0.0112 0.0103 0.0104 0.0118 0.0070 0.0076 0.0098 0.0125 0.0092 0.0126 0.0067 0.0133 0.0111 0.0103 0.0088 0.0103 0.0105 0.0098 0.0097 0.0097 0.0098 
0.0850 0.0670 0.1904 0.1389 0.0634 0.1925 0.2364 0.2424 0.3956 0.4879 0.1790 0.2957 0.3650 0.7159 0.4559 0.2733 0.1936 0.1436 0.0481 0.0644 0.0184 0.0316 0.2497 0.1264 0.4487 0.3729 0.4131 0.4673 0.4129 0.3735 0.2588 0.2490 0.0708 0.0848 0.0461 0.0376 0.0707 0.0194 0.0212 0.0068 0.0093 0.0126 0.0136 0.0106 0.0081 0.0065 0.0054 0.0078 0.0079 0.0098 0.0060 0.0082 0.0134 0.0066 0.0072 0.0058 0.0059 0.0061 0.0060 0.0051 0.0050 0.0051 0.0049 0.0051 
0.0538 0.0929 0.1502 0.0799 0.0854 0.2392 0.2591 0.3671 0.3663 0.2722 0.2590 0.3571 0.4256 0.4262 0.2658 0.2063 0.1250 0.1189 0.0464 0.0541 0.0171 0.0548 0.1649 0.1401 0.3560 0.3267 0.3372 0.3597 0.3342 0.2107 0.1957 0.1434 0.1125 0.1104 0.0549 0.0640 0.0259 0.0499 0.0386 0.0434 0.0394 0.0372 0.0279 0.0272 0.0251 0.0240 0.0227 0.0232 0.0207 0.0210 0.0174 0.0297 0.0197 0.0244 0.0217 0.0206 0.0201 0.0198 0.0199 0.0199 0.0200 0.0200 0.0202 0.0200 
0.0550 0.0751 0.0905 0.0320 0.0985 0.1994 0.2153 0.3625 0.2846 0.2298 0.2441 0.3018 0.2356 0.3389 0.2056 0.1705 0.1126 0.0690 0.0500 0.0595 0.0159 0.0265 0.1527 0.0547 0.2388 0.2953 0.3170 0.3314 0.3123 0.3035 0.1855 0.1698 0.1509 0.1678 0.1318 0.1342 0.0803 0.0913 0.0561 0.0569 0.0523 0.0465 0.0451 0.0457 0.0451 0.0439 0.0431 0.0423 0.0391 0.0402 0.0356 0.0428 0.0387 0.0388 0.0383 0.0373 0.0371 0.0366 0.0361 0.0358 0.0354 0.0356 0.0352 0.0350 
0.0248 0.0414 0.0851 0.0535 0.0498 0.0953 0.0780 0.2054 0.2758 0.2301 0.1655 0.1803 0.1845 0.1044 0.0390 0.0804 0.0418 0.0286 0.0092 0.0306 0.0213 0.0398 0.0565 0.0467 0.1214 0.1621 0.0802 0.1157 0.0667 0.0913 0.1050 0.1147 0.0987 0.0357 0.0389 0.0125 0.0620 0.0292 0.0377 0.0301 0.0303 0.0346 0.0304 0.0282 0.0282 0.0266 0.0257 0.0240 0.0245 0.0230 0.0221 0.0259 0.0219 0.0231 0.0221 0.0222 0.0221 0.0214 0.0210 0.0211 0.0208 0.0205 0.0208 0.0205 
0.0023 0.0248 0.0444 0.0147 0.0281 0.0769 0.0397 0.0633 0.1028 0.1367 0.1344 0.1248 0.0572 0.0855 0.0165 0.0246 0.0214 0.0222 0.0195 0.0087 0.0108 0.0160 0.0302 0.0202 0.0487 0.0716 0.0446 0.0196 0.0465 0.0130 0.0376 0.0106 0.0072 0.0214 0.0254 0.0351 0.0499 0.0192 0.0089 0.0071 0.0069 0.0062 0.0136 0.0102 0.0073 0.0060 0.0055 0.0059 0.0058 0.0059 0.0061 0.0055 0.0036 0.0065 0.0062 0.0062 0.0044 0.0051 0.0048 0.0046 0.0049 0.0049 0.0047 0.0048 
0.0030 0.0126 0.0354 0.0063 0.0287 0.0434 0.0245 0.0516 0.0407 0.0547 0.0857 0.0579 0.0620 0.0552 0.0290 0.0187 0.0172 0.0128 0.0074 0.0042 0.0104 0.0147 0.0042 0.0261 0.0160 0.0350 0.0241 0.0521 0.0145 0.0338 0.0275 0.0180 0.0080 0.0147 0.0215 0.0207 0.0190 0.0141 0.0072 0.0080 0.0056 0.0106 0.0059 0.0067 0.0052 0.0042 0.0046 0.0046 0.0034 0.0045 0.0040 0.0038 0.0030 0.0049 0.0041 0.0049 0.0050 0.0025 0.0034 0.0038 0.0037 0.0036 0.0033 0.0032 
0.0041 0.0211 0.0338 0.0029 0.0160 0.0352 0.0328 0.0359 0.1027 0.0223 0.0436 0.0712 0.0283 0.0474 0.0230 0.0134 0.0101 0.0093 0.0045 0.0059 0.0044 0.0035 0.0093 0.0108 0.0058 0.0209 0.0099 0.0335 0.0087 0.0266 0.0166 0.0190 0.0089 0.0067 0.0116 0.0119 0.0097 0.0051 0.0017 0.0017 0.0032 0.0020 0.0018 0.0034 0.0020 0.0014 0.0009 0.0012 0.0007 0.0006 0.0011 0.0024 0.0014 0.0019 0.0010 0.0032 0.0033 0.0017 0.0007 0.0010 0.0006 0.0009 0.0008 0.0011 
0.0062 0.0309 0.0216 0.0081 0.0106 0.0124 0.0141 0.0417 0.0531 0.0322 0.0236 0.0616 0.0388 0.0269 0.0151 0.0090 0.0142 0.0075 0.0042 0.0015 0.0039 0.0017 0.0019 0.0097 0.0028 0.0113 0.0111 0.0191 0.0037 0.0131 0.0051 0.0100 0.0042 0.0043 0.0043 0.0076 0.0060 0.0031 0.0021 0.0012 0.0009 0.0026 0.0009 0.0008 0.0009 0.0011 0.0010 0.0007 0.0006 0.0007 0.0013 0.0017 0.0008 0.0007 0.0009 0.0003 0.0017 0.0006 0.0005 0.0004 0.0010 0.0008 0.0007 0.0003 
0.0032 0.0313 0.0132 0.0069 0.0121 0.0094 0.0166 0.0356 0.0348 0.0269 0.0152 0.0368 0.0131 0.0098 0.0052 0.0068 0.0041 0.0087 0.0048 0.0027 0.0031 0.0014 0.0025 0.0013 0.0029 0.0064 0.0105 0.0091 0.0051 0.0132 0.0053 0.0058 0.0010 0.0018 0.0030 0.0022 0.0033 0.0043 0.0017 0.0009 0.0012 0.0012 0.0008 0.0009 0.0010 0.0009 0.0008 0.0007 0.0014 0.0005 0.0007 0.0008 0.0009 0.0010 0.0006 0.0008 0.0008 0.0008 0.0008 0.0007 0.0007 0.0008 0.0007 0.0009 
0.0016 0.0164 0.0096 0.0018 0.0073 0.0057 0.0101 0.0429 0.0208 0.0194 0.0234 0.0285 0.0123 0.0047 0.0048 0.0026 0.0018 0.0069 0.0020 0.0017 0.0017 0.0006 0.0028 0.0023 0.0030 0.0041 0.0043 0.0071 0.0033 0.0010 0.0046 0.0035 0.0012 0.0015 0.0012 0.0030 0.0011 0.0008 0.0006 0.0008 0.0012 0.0006 0.0006 0.0009 0.0007 0.0006 0.0007 0.0009 0.0008 0.0005 0.0005 0.0004 0.0005 0.0007 0.0007 0.0005 0.0006 0.0007 0.0007 0.0008 0.0010 0.0008 0.0007 0.0010 
0.0031 0.0026 0.0125 0.0022 0.0036 0.0024 0.0021 0.0375 0.0171 0.0109 0.0143 0.0209 0.0208 0.0050 0.0016 0.0014 0.0015 0.0028 0.0015 0.0008 0.0010 0.0006 0.0022 0.0011 0.0015 0.0013 0.0027 0.0036 0.0030 0.0047 0.0017 0.0012 0.0008 0.0007 0.0006 0.0010 0.0010 0.0007 0.0006 0.0007 0.0006 0.0007 0.0006 0.0003 0.0005 0.0003 0.0004 0.0007 0.0007 0.0003 0.0006 0.0004 0.0005 0.0002 0.0004 0.0004 0.0004 0.0006 0.0005 0.0005 0.0003 0.0005 0.0006 0.0005 
0.0006 0.0035 0.0087 0.0016 0.0040 0.0037 0.0078 0.0233 0.0187 0.0058 0.0109 0.0134 0.0127 0.0089 0.0057 0.0032 0.0015 0.0021 0.0012 0.0013 0.0015 0.0013 0.0010 0.0008 0.0010 0.0013 0.0009 0.0024 0.0011 0.0012 0.0010 0.0015 0.0008 0.0008 0.0009 0.0011 0.0007 0.0008 0.0008 0.0010 0.0009 0.0011 0.0009 0.0009 0.0008 0.0007 0.0006 0.0007 0.0007 0.0007 0.0004 0.0009 0.0007 0.0009 0.0006 0.0007 0.0005 0.0006 0.0008 0.0006 0.0007 0.0006 0.0003 0.0008 
0.0007 0.0038 0.0075 0.0016 0.0029 0.0034 0.0072 0.0106 0.0104 0.0072 0.0097 0.0129 0.0064 0.0128 0.0052 0.0027 0.0024 0.0015 0.0015 0.0014 0.0013 0.0016 0.0014 0.0008 0.0013 0.0009 0.0010 0.0015 0.0010 0.0008 0.0007 0.0008 0.0009 0.0010 0.0011 0.0008 0.0009 0.0007 0.0009 0.0008 0.0009 0.0009 0.0007 0.0009 0.0008 0.0005 0.0004 0.0007 0.0004 0.0006 0.0008 0.0006 0.0009 0.0005 0.0006 0.0006 0.0006 0.0005 0.0007 0.0007 0.0007 0.0006 0.0005 0.0005 
0.0009 0.0056 0.0040 0.0010 0.0008 0.0034 0.0045 0.0123 0.0049 0.0049 0.0074 0.0117 0.0074 0.0063 0.0027 0.0022 0.0011 0.0012 0.0010 0.0010 0.0007 0.0007 0.0007 0.0007 0.0008 0.0006 0.0006 0.0002 0.0004 0.0006 0.0005 0.0004 0.0003 0.0007 0.0003 0.0004 0.0003 0.0003 0.0002 0.0003 0.0006 0.0004 0.0006 0.0003 0.0005 0.0005 0.0004 0.0005 0.0002 0.0006 0.0008 0.0006 0.0006 0.0004 0.0005 0.0005 0.0004 0.0002 0.0004 0.0002 0.0004 0.0001 0.0005 0.0004 
0.0008 0.0062 0.0031 0.0010 0.0012 0.0018 0.0034 0.0080 0.0103 0.0020 0.0059 0.0074 0.0055 0.0022 0.0017 0.0012 0.0008 0.0004 0.0008 0.0005 0.0006 0.0004 0.0005 0.0006 0.0005 0.0002 0.0005 0.0003 0.0006 0.0004 0.0002 0.0004 0.0004 0.0005 0.0003 0.0005 0.0005 0.0004 0.0001 0.0003 0.0006 0.0002 0.0006 0.0003 0.0004 0.0006 0.0005 0.0005 0.0003 0.0006 0.0007 0.0005 0.0003 0.0005 0.0004 0.0006 0.0004 0.0004 0.0002 0.0003 0.0002 0.0006 0.0005 0.0003 
0.0009 0.0044 0.0030 0.0007 0.0015 0.0025 0.0021 0.0045 0.0088 0.0015 0.0052 0.0038 0.0043 0.0004 0.0009 0.0004 0.0002 0.0003 0.0004 0.0004 0.0005 0.0002 0.0004 0.0002 0.0004 0.0002 0.0004 0.0003 0.0005 0.0003 0.0001 0.0004 0.0001 0.0004 0.0002 0.0001 0.0002 0.0003 0.0002 0.0002 0.0004 0.0002 0.0002 0.0003 0.0001 0.0004 0.0002 0.0003 0.0002 0.0004 0.0003 0.0003 0.0007 0.0003 0.0003 0.0003 0.0004 0.0002 0.0003 0.0003 0.0002 0.0003 0.0004 0.0003 
0.0004 0.0037 0.0013 0.0010 0.0014 0.0025 0.0019 0.0048 0.0057 0.0011 0.0055 0.0023 0.0024 0.0009 0.0010 0.0004 0.0003 0.0001 0.0003 0.0002 0.0003 0.0002 0.0002 0.0003 0.0002 0.0001 0.0002 0.0002 0.0003 0.0002 0.0001 0.0003 0.0001 0.0002 0.0003 0.0002 0.0002 0.0003 0.0001 0.0001 0.0002 0.0003 0.0005 0.0003 0.0001 0.0002 0.0002 0.0003 0.0004 0.0002 0.0003 0.0003 0.0002 0.0004 0.0004 0.0004 0.0003 0.0005 0.0003 0.0003 0.0003 0.0003 0.0004 0.0003 
0.0013 0.0023 0.0018 0.0005 0.0010 0.0033 0.0026 0.0044 0.0041 0.0015 0.0020 0.0020 0.0019 0.0015 0.0009 0.0003 0.0006 0.0005 0.0004 0.0003 0.0004 0.0003 0.0001 0.0003 0.0004 0.0004 0.0003 0.0001 0.0002 0.0004 0.0002 0.0001 0.0002 0.0003 0.0002 0.0002 0.0003 0.0002 0.0002 0.0003 0.0003 0.0004 0.0002 0.0004 0.0003 0.0003 0.0003 0.0001 0.0004 0.0003 0.0002 0.0004 0.0002 0.0004 0.0002 0.0004 0.0005 0.0004 0.0004 0.0002 0.0002 0.0004 0.0003 0.0003 
0.0004 0.0027 0.0003 0.0006 0.0004 0.0015 0.0015 0.0018 0.0020 0.0015 0.0018 0.0015 0.0024 0.0008 0.0002 0.0002 0.0006 0.0003 0.0002 0.0002 0.0002 0.0002 0.0002 0.0003 0.0002 0.0002 0.0004 0.0003 0.0003 0.0004 0.0004 0.0003 0.0002 0.0001 0.0002 0.0003 0.0002 0.0011 0.0003 0.0011 0.0004 0.0003 0.0004 0.0008 0.0005 0.0005 0.0004 0.0006 0.0003 0.0004 0.0001 0.0004 0.0002 0.0004 0.0003 0.0003 0.0002 0.0002 0.0003 0.0003 0.0003 0.0003 0.0004 0.0002 
0.0005 0.0023 0.0002 0.0002 0.0003 0.0005 0.0003 0.0011 0.0016 0.0013 0.0008 0.0011 0.0019 0.0004 0.0002 0.0001 0.0002 0.0002 0.0001 0.0002 0.0001 0.0002 0.0002 0.0001 0.0002 0.0002 0.0001 0.0002 0.0003 0.0002 0.0002 0.0002 0.0002 0.0002 0.0003 0.0003 0.0003 0.0003 0.0003 0.0006 0.0003 0.0001 0.0003 0.0006 0.0003 0.0005 0.0003 0.0005 0.0004 0.0006 0.0003 0.0002 0.0002 0.0003 0.0003 0.0001 0.0001 0.0003 0.0003 0.0003 0.0004 0.0004 0.0003 0.0005 
0.0004 0.0009 0.0002 0.0002 0.0006 0.0002 0.0004 0.0012 0.0012 0.0004 0.0002 0.0006 0.0005 0.0003 0.0001 0.0002 0.0002 0.0002 0.0001 0.0001 0.0001 0.0002 0.0002 0.0003 0.0001 0.0002 0.0002 0.0002 0.0003 0.0002 0.0003 0.0002 0.0002 0.0003 0.0003 0.0002 0.0003 0.0001 0.0002 0.0002 0.0005 0.0004 0.0002 0.0003 0.0002 0.0002 0.0003 0.0006 0.0001 0.0005 0.0004 0.0005 0.0004 0.0007 0.0002 0.0003 0.0003 0.0004 0.0002 0.0005 0.0004 0.0001 0.0003 0.0004 
0.0001 0.0006 0.0001 0.0000 0.0002 0.0003 0.0004 0.0011 0.0011 0.0004 0.0006 0.0004 0.0007 0.0003 0.0002 0.0002 0.0001 0.0001 0.0001 0.0002 0.0002 0.0003 0.0002 0.0001 0.0002 0.0003 0.0002 0.0001 0.0001 0.0003 0.0002 0.0002 0.0002 0.0003 0.0003 0.0003 0.0004 0.0002 0.0003 0.0004 0.0004 0.0001 0.0003 0.0002 0.0001 0.0001 0.0002 0.0005 0.0001 0.0003 0.0005 0.0003 0.0003 0.0003 0.0002 0.0002 0.0002 0.0002 0.0003 0.0004 0.0002 0.0003 0.0004 0.0002 
0.0001 0.0004 0.0002 0.0001 0.0001 0.0001 0.0002 0.0004 0.0002 0.0006 0.0009 0.0003 0.0007 0.0002 0.0004 0.0000 0.0003 0.0001 0.0002 0.0003 0.0003 0.0002 0.0002 0.0002 0.0001 0.0002 0.0003 0.0002 0.0001 0.0004 0.0002 0.0004 0.0005 0.0003 0.0001 0.0003 0.0003 0.0003 0.0002 0.0003 0.0002 0.0004 0.0005 0.0002 0.0003 0.0004 0.0003 0.0002 0.0003 0.0003 0.0003 0.0005 0.0004 0.0006 0.0003 0.0003 0.0004 0.0002 0.0004 0.0001 0.0003 0.0002 0.0002 0.0004 
0.0002 0.0004 0.0001 0.0000 0.0001 0.0002 0.0003 0.0008 0.0003 0.0004 0.0002 0.0001 0.0004 0.0001 0.0003 0.0001 0.0003 0.0002 0.0002 0.0001 0.0002 0.0002 0.0001 0.0002 0.0002 0.0002 0.0002 0.0000 0.0001 0.0001 0.0004 0.0003 0.0003 0.0003 0.0004 0.0002 0.0002 0.0003 0.0004 0.0004 0.0002 0.0001 0.0004 0.0003 0.0004 0.0002 0.0001 0.0003 0.0007 0.0004 0.0003 0.0004 0.0002 0.0003 0.0002 0.0002 0.0002 0.0003 0.0005 0.0005 0.0002 0.0002 0.0004 0.0004 
0.0001 0.0007 0.0001 0.0003 0.0001 0.0002 0.0001 0.0009 0.0002 0.0002 0.0001 0.0002 0.0004 0.0002 0.0002 0.0002 0.0003 0.0001 0.0001 0.0002 0.0002 0.0002 0.0001 0.0003 0.0002 0.0001 0.0001 0.0001 0.0003 0.0002 0.0001 0.0001 0.0002 0.0002 0.0003 0.0005 0.0003 0.0003 0.0002 0.0004 0.0004 0.0004 0.0003 0.0002 0.0003 0.0004 0.0003 0.0003 0.0005 0.0004 0.0001 0.0003 0.0002 0.0005 0.0003 0.0002 0.0002 0.0002 0.0003 0.0003 0.0002 0.0003 0.0003 0.0002 
