0.0002 0.0002 0.0002 0.0002 0.0001 0.0002 0.0003 0.0004 0.0002 0.0002 0.0004 0.0003 0.0001 0.0002 0.0001 0.0001 0.0001 0.0002 0.0001 0.0004 0.0005 0.0006 0.0003 0.0003 0.0002 0.0003 0.0003 0.0003 0.0003 0.0003 0.0002 0.0006 0.0004 0.0004 0.0003 0.0004 0.0004 0.0003 0.0006 0.0003 0.0002 0.0002 0.0004 0.0004 0.0005 0.0005 0.0001 0.0003 0.0003 0.0004 0.0002 0.0006 0.0003 0.0004 0.0002 0.0003 0.0003 0.0008 0.0004 0.0003 0.0006 0.0003 0.0004 0.0004 
0.0002 0.0002 0.0002 0.0001 0.0001 0.0002 0.0002 0.0002 0.0002 0.0004 0.0003 0.0002 0.0002 0.0003 0.0001 0.0003 0.0004 0.0004 0.0003 0.0001 0.0005 0.0002 0.0003 0.0002 0.0003 0.0002 0.0002 0.0002 0.0003 0.0002 0.0003 0.0002 0.0004 0.0002 0.0004 0.0003 0.0004 0.0003 0.0005 0.0001 0.0002 0.0002 0.0002 0.0002 0.0004 0.0002 0.0004 0.0006 0.0004 0.0004 0.0002 0.0004 0.0007 0.0003 0.0003 0.0003 0.0002 0.0002 0.0005 0.0004 0.0004 0.0004 0.0004 0.0002 
0.0002 0.0001 0.0001 0.0001 0.0001 0.0002 0.0001 0.0003 0.0001 0.0001 0.0003 0.0004 0.0003 0.0002 0.0002 0.0003 0.0002 0.0002 0.0002 0.0002 0.0004 0.0003 0.0001 0.0003 0.0003 0.0002 0.0004 0.0003 0.0003 0.0004 0.0003 0.0001 0.0004 0.0003 0.0005 0.0004 0.0003 0.0008 0.0004 0.0007 0.0007 0.0005 0.0003 0.0001 0.0002 0.0003 0.0004 0.0004 0.0006 0.0006 0.0002 0.0004 0.0003 0.0004 0.0004 0.0003 0.0002 0.0004 0.0003 0.0003 0.0005 0.0002 0.0002 0.0002 
0.0001 0.0001 0.0001 0.0002 0.0001 0.0002 0.0002 0.0001 0.0002 0.0003 0.0008 0.0007 0.0010 0.0018 0.0027 0.0019 0.0009 0.0006 0.0002 0.0002 0.0005 0.0008 0.0004 0.0004 0.0003 0.0004 0.0004 0.0004 0.0004 0.0005 0.0004 0.0006 0.0003 0.0001 0.0004 0.0004 0.0005 0.0005 0.0002 0.0007 0.0003 0.0008 0.0005 0.0005 0.0005 0.0002 0.0001 0.0007 0.0004 0.0005 0.0002 0.0003 0.0007 0.0004 0.0002 0.0001 0.0003 0.0004 0.0003 0.0001 0.0005 0.0001 0.0005 0.0004 
0.0001 0.0000 0.0001 0.0001 0.0001 0.0001 0.0001 0.0003 0.0002 0.0003 0.0005 0.0003 0.0005 0.0005 0.0011 0.0013 0.0008 0.0003 0.0004 0.0001 0.0004 0.0004 0.0002 0.0004 0.0005 0.0003 0.0003 0.0003 0.0003 0.0004 0.0002 0.0002 0.0004 0.0003 0.0002 0.0001 0.0003 0.0002 0.0005 0.0002 0.0007 0.0004 0.0003 0.0004 0.0001 0.0005 0.0007 0.0003 0.0003 0.0003 0.0004 0.0002 0.0006 0.0004 0.0003 0.0003 0.0001 0.0003 0.0003 0.0004 0.0003 0.0003 0.0004 0.0004 
0.0001 0.0001 0.0000 0.0002 0.0002 0.0001 0.0003 0.0003 0.0003 0.0004 0.0001 0.0001 0.0002 0.0004 0.0007 0.0005 0.0005 0.0006 0.0002 0.0002 0.0004 0.0002 0.0004 0.0002 0.0002 0.0002 0.0005 0.0004 0.0003 0.0003 0.0003 0.0004 0.0004 0.0002 0.0002 0.0005 0.0003 0.0006 0.0003 0.0006 0.0004 0.0003 0.0001 0.0003 0.0001 0.0008 0.0003 0.0003 0.0003 0.0007 0.0008 0.0004 0.0002 0.0003 0.0002 0.0004 0.0003 0.0003 0.0006 0.0004 0.0005 0.0004 0.0001 0.0003 
0.0002 0.0001 0.0001 0.0001 0.0001 0.0001 0.0001 0.0003 0.0002 0.0002 0.0001 0.0001 0.0002 0.0004 0.0006 0.0003 0.0002 0.0003 0.0002 0.0004 0.0003 0.0004 0.0003 0.0002 0.0003 0.0002 0.0002 0.0003 0.0003 0.0001 0.0002 0.0004 0.0001 0.0002 0.0003 0.0004 0.0002 0.0005 0.0002 0.0004 0.0002 0.0002 0.0004 0.0003 0.0003 0.0002 0.0003 0.0001 0.0004 0.0003 0.0004 0.0001 0.0004 0.0003 0.0005 0.0001 0.0004 0.0003 0.0006 0.0002 0.0004 0.0004 0.0002 0.0004 
0.0001 0.0001 0.0002 0.0002 0.0002 0.0001 0.0003 0.0003 0.0002 0.0003 0.0003 0.0005 0.0003 0.0004 0.0005 0.0001 0.0002 0.0003 0.0004 0.0002 0.0002 0.0002 0.0003 0.0003 0.0003 0.0002 0.0002 0.0003 0.0002 0.0003 0.0004 0.0006 0.0002 0.0001 0.0003 0.0001 0.0003 0.0002 0.0003 0.0003 0.0003 0.0002 0.0002 0.0003 0.0003 0.0004 0.0004 0.0004 0.0002 0.0007 0.0003 0.0004 0.0004 0.0002 0.0003 0.0004 0.0003 0.0005 0.0002 0.0003 0.0002 0.0004 0.0003 0.0004 
0.0001 0.0002 0.0001 0.0002 0.0002 0.0002 0.0002 0.0003 0.0002 0.0001 0.0003 0.0005 0.0004 0.0003 0.0005 0.0001 0.0004 0.0002 0.0001 0.0001 0.0002 0.0002 0.0004 0.0002 0.0002 0.0003 0.0001 0.0001 0.0003 0.0002 0.0002 0.0006 0.0003 0.0006 0.0009 0.0005 0.0003 0.0002 0.0002 0.0002 0.0004 0.0003 0.0002 0.0004 0.0005 0.0004 0.0002 0.0003 0.0004 0.0004 0.0004 0.0003 0.0006 0.0003 0.0002 0.0003 0.0004 0.0003 0.0006 0.0004 0.0007 0.0002 0.0006 0.0003 
0.0001 0.0001 0.0002 0.0001 0.0003 0.0001 0.0002 0.0002 0.0003 0.0003 0.0002 0.0001 0.0001 0.0003 0.0003 0.0003 0.0002 0.0003 0.0002 0.0002 0.0002 0.0003 0.0002 0.0001 0.0002 0.0003 0.0005 0.0004 0.0003 0.0006 0.0003 0.0002 0.0001 0.0006 0.0003 0.0003 0.0003 0.0003 0.0003 0.0002 0.0005 0.0003 0.0002 0.0003 0.0002 0.0005 0.0005 0.0006 0.0003 0.0005 0.0008 0.0005 0.0003 0.0004 0.0004 0.0002 0.0002 0.0001 0.0005 0.0005 0.0004 0.0004 0.0004 0.0002 
0.0001 0.0002 0.0002 0.0001 0.0001 0.0003 0.0002 0.0002 0.0002 0.0002 0.0002 0.0001 0.0004 0.0003 0.0002 0.0005 0.0003 0.0003 0.0004 0.0002 0.0003 0.0002 0.0003 0.0001 0.0004 0.0003 0.0004 0.0003 0.0003 0.0003 0.0004 0.0002 0.0003 0.0001 0.0003 0.0007 0.0004 0.0004 0.0003 0.0005 0.0003 0.0003 0.0006 0.0003 0.0005 0.0004 0.0007 0.0005 0.0002 0.0006 0.0008 0.0003 0.0003 0.0005 0.0004 0.0005 0.0003 0.0004 0.0005 0.0003 0.0002 0.0004 0.0003 0.0002 
0.0001 0.0002 0.0002 0.0002 0.0001 0.0001 0.0002 0.0002 0.0003 0.0003 0.0003 0.0001 0.0002 0.0002 0.0002 0.0002 0.0002 0.0003 0.0003 0.0001 0.0001 0.0002 0.0002 0.0002 0.0003 0.0001 0.0002 0.0002 0.0003 0.0004 0.0002 0.0003 0.0004 0.0002 0.0003 0.0005 0.0002 0.0003 0.0002 0.0004 0.0003 0.0004 0.0002 0.0004 0.0003 0.0003 0.0004 0.0002 0.0004 0.0004 0.0003 0.0003 0.0003 0.0003 0.0003 0.0004 0.0001 0.0004 0.0006 0.0003 0.0002 0.0005 0.0003 0.0005 
0.0001 0.0003 0.0002 0.0001 0.0004 0.0001 0.0001 0.0002 0.0004 0.0004 0.0002 0.0002 0.0002 0.0002 0.0003 0.0001 0.0003 0.0003 0.0002 0.0003 0.0002 0.0003 0.0001 0.0002 0.0002 0.0004 0.0002 0.0003 0.0002 0.0002 0.0003 0.0004 0.0007 0.0003 0.0002 0.0005 0.0002 0.0003 0.0002 0.0005 0.0004 0.0003 0.0004 0.0005 0.0003 0.0006 0.0003 0.0004 0.0004 0.0005 0.0003 0.0009 0.0003 0.0004 0.0002 0.0002 0.0004 0.0003 0.0004 0.0002 0.0003 0.0002 0.0008 0.0002 
0.0002 0.0002 0.0002 0.0001 0.0002 0.0001 0.0001 0.0001 0.0002 0.0001 0.0001 0.0004 0.0004 0.0002 0.0003 0.0002 0.0004 0.0002 0.0004 0.0002 0.0002 0.0004 0.0001 0.0001 0.0002 0.0003 0.0002 0.0002 0.0003 0.0002 0.0002 0.0003 0.0004 0.0003 0.0004 0.0002 0.0006 0.0010 0.0003 0.0005 0.0003 0.0001 0.0003 0.0004 0.0005 0.0004 0.0004 0.0003 0.0002 0.0002 0.0004 0.0008 0.0005 0.0003 0.0001 0.0002 0.0002 0.0003 0.0002 0.0002 0.0003 0.0004 0.0005 0.0001 
0.0002 0.0002 0.0000 0.0002 0.0002 0.0002 0.0002 0.0002 0.0002 0.0002 0.0002 0.0002 0.0003 0.0002 0.0002 0.0003 0.0002 0.0003 0.0002 0.0004 0.0001 0.0002 0.0002 0.0002 0.0002 0.0002 0.0002 0.0005 0.0002 0.0002 0.0001 0.0002 0.0003 0.0006 0.0004 0.0003 0.0004 0.0002 0.0003 0.0001 0.0002 0.0008 0.0003 0.0005 0.0003 0.0005 0.0004 0.0001 0.0005 0.0003 0.0003 0.0004 0.0004 0.0002 0.0002 0.0003 0.0003 0.0003 0.0002 0.0002 0.0003 0.0002 0.0002 0.0006 
0.0001 0.0002 0.0001 0.0001 0.0001 0.0001 0.0001 0.0002 0.0002 0.0001 0.0002 0.0002 0.0001 0.0003 0.0004 0.0004 0.0005 0.0001 0.0003 0.0002 0.0002 0.0003 0.0003 0.0003 0.0003 0.0003 0.0002 0.0003 0.0003 0.0003 0.0002 0.0003 0.0002 0.0004 0.0004 0.0003 0.0001 0.0004 0.0003 0.0006 0.0002 0.0003 0.0007 0.0004 0.0004 0.0005 0.0008 0.0006 0.0004 0.0003 0.0006 0.0003 0.0002 0.0002 0.0001 0.0001 0.0003 0.0004 0.0001 0.0003 0.0005 0.0004 0.0003 0.0003 
0.0001 0.0001 0.0001 0.0001 0.0001 0.0002 0.0001 0.0001 0.0001 0.0002 0.0002 0.0004 0.0002 0.0004 0.0002 0.0005 0.0002 0.0003 0.0003 0.0002 0.0002 0.0003 0.0003 0.0005 0.0003 0.0003 0.0004 0.0004 0.0003 0.0002 0.0002 0.0003 0.0003 0.0004 0.0003 0.0002 0.0004 0.0002 0.0002 0.0001 0.0005 0.0003 0.0009 0.0005 0.0003 0.0005 0.0009 0.0006 0.0005 0.0006 0.0005 0.0004 0.0003 0.0004 0.0004 0.0003 0.0003 0.0003 0.0005 0.0004 0.0003 0.0005 0.0004 0.0006 
0.0002 0.0003 0.0003 0.0001 0.0001 0.0001 0.0001 0.0002 0.0001 0.0001 0.0001 0.0002 0.0001 0.0004 0.0003 0.0003 0.0002 0.0002 0.0002 0.0003 0.0003 0.0004 0.0002 0.0002 0.0002 0.0004 0.0002 0.0002 0.0001 0.0001 0.0002 0.0004 0.0003 0.0002 0.0004 0.0003 0.0003 0.0001 0.0004 0.0005 0.0003 0.0003 0.0007 0.0004 0.0004 0.0003 0.0003 0.0004 0.0003 0.0009 0.0004 0.0003 0.0002 0.0003 0.0003 0.0002 0.0004 0.0007 0.0004 0.0003 0.0005 0.0004 0.0003 0.0004 
0.0010 0.0073 0.0047 0.0018 0.0009 0.0007 0.0005 0.0005 0.0003 0.0003 0.0003 0.0004 0.0003 0.0003 0.0004 0.0004 0.0004 0.0003 0.0002 0.0003 0.0001 0.0004 0.0002 0.0003 0.0002 0.0003 0.0002 0.0002 0.0002 0.0005 0.0003 0.0001 0.0002 0.0005 0.0003 0.0003 0.0002 0.0001 0.0004 0.0005 0.0005 0.0003 0.0006 0.0006 0.0004 0.0005 0.0007 0.0002 0.0004 0.0003 0.0003 0.0004 0.0004 0.0003 0.0003 0.0003 0.0003 0.0003 0.0003 0.0004 0.0002 0.0003 0.0004 0.0003 
0.0013 0.0212 0.0093 0.0069 0.0031 0.0025 0.0006 0.0004 0.0002 0.0004 0.0007 0.0005 0.0007 0.0013 0.0029 0.0021 0.0010 0.0004 0.0001 0.0004 0.0007 0.0013 0.0002 0.0012 0.0003 0.0014 0.0013 0.0009 0.0015 0.0009 0.0021 0.0027 0.0009 0.0015 0.0011 0.0011 0.0010 0.0017 0.0010 0.0010 0.0007 0.0010 0.0004 0.0007 0.0004 0.0003 0.0006 0.0005 0.0003 0.0004 0.0002 0.0005 0.0002 0.0004 0.0009 0.0005 0.0001 0.0006 0.0003 0.0002 0.0004 0.0003 0.0002 0.0002 
0.0046 0.0162 0.0152 0.0105 0.0046 0.0035 0.0016 0.0005 0.0004 0.0007 0.0012 0.0008 0.0004 0.0012 0.0022 0.0004 0.0002 0.0003 0.0002 0.0002 0.0007 0.0009 0.0003 0.0010 0.0009 0.0005 0.0006 0.0004 0.0005 0.0010 0.0008 0.0016 0.0006 0.0008 0.0004 0.0009 0.0006 0.0009 0.0009 0.0005 0.0003 0.0006 0.0007 0.0005 0.0004 0.0003 0.0004 0.0004 0.0005 0.0007 0.0004 0.0003 0.0004 0.0003 0.0007 0.0003 0.0008 0.0005 0.0002 0.0003 0.0003 0.0004 0.0001 0.0003 
0.0190 0.0157 0.0261 0.0131 0.0159 0.0099 0.0069 0.0077 0.0054 0.0072 0.0356 0.0271 0.0102 0.0168 0.0450 0.0163 0.0043 0.0077 0.0043 0.0048 0.0228 0.0282 0.0130 0.0163 0.0267 0.0274 0.0091 0.0073 0.0047 0.0020 0.0035 0.0035 0.0019 0.0019 0.0003 0.0011 0.0009 0.0010 0.0010 0.0010 0.0015 0.0017 0.0019 0.0015 0.0013 0.0014 0.0028 0.0032 0.0022 0.0008 0.0008 0.0004 0.0009 0.0007 0.0010 0.0009 0.0011 0.0010 0.0009 0.0008 0.0008 0.0007 0.0007 0.0008 
0.0140 0.0437 0.0339 0.0289 0.0166 0.0083 0.0088 0.0105 0.0093 0.0076 0.0177 0.0292 0.0267 0.0239 0.0223 0.0040 0.0046 0.0044 0.0042 0.0068 0.0178 0.0040 0.0170 0.0100 0.0183 0.0254 0.0106 0.0215 0.0082 0.0051 0.0089 0.0026 0.0014 0.0023 0.0017 0.0016 0.0020 0.0012 0.0026 0.0019 0.0018 0.0019 0.0013 0.0014 0.0012 0.0012 0.0023 0.0040 0.0022 0.0014 0.0029 0.0020 0.0016 0.0015 0.0007 0.0010 0.0016 0.0008 0.0008 0.0005 0.0008 0.0011 0.0007 0.0006 
0.0088 0.0409 0.0422 0.0198 0.0067 0.0069 0.0112 0.0088 0.0192 0.0106 0.0285 0.0400 0.0301 0.0158 0.0100 0.0145 0.0044 0.0077 0.0018 0.0058 0.0120 0.0176 0.0098 0.0062 0.0120 0.0131 0.0175 0.0129 0.0111 0.0039 0.0077 0.0037 0.0020 0.0026 0.0010 0.0014 0.0032 0.0023 0.0045 0.0015 0.0017 0.0016 0.0010 0.0009 0.0011 0.0007 0.0021 0.0026 0.0020 0.0013 0.0017 0.0012 0.0016 0.0006 0.0002 0.0006 0.0003 0.0008 0.0006 0.0006 0.0007 0.0006 0.0007 0.0004 
0.0070 0.0457 0.0330 0.0216 0.0074 0.0055 0.0126 0.0114 0.0150 0.0109 0.0317 0.0360 0.0156 0.0077 0.0016 0.0119 0.0035 0.0066 0.0019 0.0021 0.0080 0.0044 0.0082 0.0099 0.0089 0.0119 0.0138 0.0158 0.0125 0.0017 0.0051 0.0020 0.0012 0.0017 0.0010 0.0017 0.0015 0.0018 0.0019 0.0004 0.0018 0.0013 0.0012 0.0011 0.0012 0.0011 0.0012 0.0006 0.0021 0.0015 0.0017 0.0013 0.0010 0.0010 0.0006 0.0002 0.0009 0.0006 0.0004 0.0007 0.0008 0.0007 0.0008 0.0007 
0.0145 0.0230 0.0177 0.0251 0.0127 0.0059 0.0066 0.0088 0.0103 0.0097 0.0246 0.0091 0.0127 0.0060 0.0052 0.0081 0.0023 0.0033 0.0023 0.0021 0.0065 0.0018 0.0034 0.0029 0.0058 0.0063 0.0135 0.0061 0.0085 0.0047 0.0032 0.0009 0.0010 0.0012 0.0006 0.0014 0.0013 0.0018 0.0012 0.0007 0.0011 0.0009 0.0008 0.0005 0.0007 0.0008 0.0011 0.0025 0.0020 0.0014 0.0008 0.0008 0.0006 0.0007 0.0009 0.0007 0.0004 0.0004 0.0005 0.0002 0.0007 0.0005 0.0005 0.0005 
0.0071 0.0372 0.0247 0.0245 0.0140 0.0055 0.0036 0.0064 0.0127 0.0146 0.0093 0.0049 0.0104 0.0077 0.0067 0.0062 0.0042 0.0026 0.0024 0.0021 0.0100 0.0059 0.0021 0.0009 0.0042 0.0093 0.0121 0.0137 0.0098 0.0039 0.0020 0.0024 0.0006 0.0009 0.0014 0.0013 0.0063 0.0066 0.0066 0.0032 0.0036 0.0034 0.0012 0.0005 0.0010 0.0020 0.0054 0.0064 0.0069 0.0025 0.0023 0.0026 0.0015 0.0017 0.0014 0.0007 0.0004 0.0006 0.0009 0.0013 0.0010 0.0007 0.0007 0.0005 
0.0090 0.0547 0.0431 0.0360 0.0119 0.0011 0.0123 0.0202 0.0420 0.0398 0.0297 0.0249 0.0147 0.0112 0.0117 0.0066 0.0090 0.0069 0.0050 0.0072 0.0143 0.0234 0.0217 0.0100 0.0126 0.0062 0.0191 0.0228 0.0206 0.0072 0.0122 0.0135 0.0017 0.0039 0.0037 0.0032 0.0343 0.0173 0.0360 0.0267 0.0368 0.0165 0.0025 0.0010 0.0024 0.0093 0.0165 0.0141 0.0130 0.0129 0.0245 0.0051 0.0047 0.0042 0.0033 0.0014 0.0022 0.0020 0.0013 0.0024 0.0020 0.0017 0.0017 0.0015 
0.0612 0.0497 0.0420 0.1101 0.0728 0.0335 0.0217 0.0417 0.1535 0.0747 0.0368 0.0361 0.0259 0.0086 0.0197 0.0093 0.0112 0.0086 0.0090 0.0063 0.0738 0.0796 0.0593 0.0199 0.0256 0.0451 0.0361 0.0362 0.0604 0.0281 0.0281 0.0181 0.0040 0.0072 0.0094 0.0062 0.0169 0.0064 0.0131 0.0090 0.0136 0.0043 0.0039 0.0044 0.0053 0.0106 0.0177 0.0128 0.0174 0.0027 0.0105 0.0070 0.0049 0.0058 0.0024 0.0049 0.0044 0.0042 0.0044 0.0040 0.0041 0.0040 0.0044 0.0043 
0.0427 0.0598 0.1253 0.2879 0.3116 0.1860 0.0530 0.1845 0.4017 0.2651 0.1959 0.1220 0.0685 0.0803 0.0713 0.0438 0.0342 0.0425 0.0227 0.0369 0.1085 0.3372 0.1091 0.1370 0.0765 0.1152 0.1003 0.1545 0.1217 0.0758 0.0743 0.0342 0.0101 0.0109 0.0121 0.0295 0.0346 0.0228 0.0098 0.0049 0.0038 0.0048 0.0039 0.0048 0.0060 0.0096 0.0078 0.0060 0.0059 0.0046 0.0028 0.0041 0.0053 0.0052 0.0040 0.0040 0.0045 0.0040 0.0041 0.0045 0.0045 0.0040 0.0040 0.0041 
0.0025 0.0541 0.0911 0.2450 0.2968 0.3488 0.0628 0.2069 0.5107 0.3939 0.1644 0.1280 0.0479 0.0431 0.0886 0.0756 0.0440 0.0279 0.0050 0.0278 0.1371 0.2814 0.1742 0.1373 0.1040 0.1270 0.1807 0.1553 0.1805 0.0774 0.0831 0.0412 0.0116 0.0153 0.0120 0.0127 0.0158 0.0078 0.0020 0.0058 0.0048 0.0043 0.0036 0.0022 0.0022 0.0023 0.0043 0.0040 0.0066 0.0026 0.0017 0.0030 0.0026 0.0024 0.0008 0.0007 0.0015 0.0020 0.0021 0.0008 0.0004 0.0009 0.0015 0.0012 
0.0345 0.0355 0.0372 0.2056 0.2456 0.3465 0.1362 0.1882 0.5923 0.3221 0.3081 0.0669 0.0900 0.0746 0.0729 0.0664 0.0416 0.0484 0.0214 0.0398 0.0998 0.3399 0.2909 0.2010 0.0883 0.1762 0.1138 0.1806 0.1423 0.1597 0.0710 0.0535 0.0145 0.0175 0.0116 0.0215 0.0142 0.0096 0.0098 0.0029 0.0032 0.0039 0.0029 0.0022 0.0036 0.0049 0.0037 0.0035 0.0052 0.0008 0.0027 0.0027 0.0010 0.0023 0.0019 0.0013 0.0018 0.0016 0.0019 0.0012 0.0018 0.0014 0.0013 0.0015 
0.0227 0.0613 0.0421 0.1808 0.1460 0.1476 0.1187 0.2429 0.4951 0.3431 0.2255 0.1170 0.0684 0.0401 0.0628 0.0527 0.0391 0.0485 0.0198 0.0247 0.1041 0.2312 0.2911 0.1169 0.1070 0.1247 0.1684 0.1275 0.1938 0.1283 0.0831 0.0533 0.0158 0.0216 0.0060 0.0080 0.0049 0.0050 0.0025 0.0051 0.0043 0.0046 0.0041 0.0042 0.0037 0.0059 0.0034 0.0047 0.0038 0.0035 0.0039 0.0033 0.0029 0.0035 0.0033 0.0033 0.0033 0.0035 0.0031 0.0032 0.0027 0.0033 0.0033 0.0030 
0.0069 0.0449 0.0473 0.1516 0.1143 0.1373 0.1296 0.2904 0.6255 0.4300 0.3047 0.1218 0.0972 0.0485 0.0602 0.0688 0.0309 0.0414 0.0314 0.0290 0.1027 0.2280 0.2978 0.2433 0.1385 0.1591 0.1660 0.1753 0.1540 0.1380 0.1093 0.0547 0.0150 0.0246 0.0077 0.0134 0.0136 0.0063 0.0088 0.0048 0.0040 0.0042 0.0042 0.0040 0.0034 0.0059 0.0020 0.0030 0.0033 0.0034 0.0031 0.0030 0.0027 0.0029 0.0030 0.0032 0.0029 0.0028 0.0027 0.0029 0.0029 0.0027 0.0028 0.0032 
0.0066 0.0549 0.0324 0.1035 0.1687 0.1359 0.1249 0.2310 0.5029 0.3235 0.2323 0.1041 0.0970 0.0582 0.0511 0.0421 0.0315 0.0192 0.0142 0.0089 0.0876 0.1023 0.2764 0.1609 0.1253 0.1373 0.1191 0.1012 0.1629 0.1656 0.0882 0.0536 0.0451 0.0277 0.0174 0.0153 0.0118 0.0126 0.0125 0.0112 0.0110 0.0103 0.0098 0.0096 0.0093 0.0082 0.0101 0.0092 0.0090 0.0091 0.0086 0.0083 0.0083 0.0083 0.0081 0.0079 0.0081 0.0077 0.0077 0.0076 0.0076 0.0076 0.0078 0.0075 
0.0085 0.0646 0.0523 0.0912 0.1066 0.1762 0.1166 0.1949 0.3638 0.2262 0.2172 0.1062 0.0873 0.0692 0.0767 0.0624 0.0604 0.0488 0.0398 0.0426 0.0524 0.1055 0.1729 0.0939 0.0806 0.0726 0.0832 0.0622 0.1164 0.1373 0.0961 0.0776 0.0491 0.0460 0.0368 0.0378 0.0375 0.0345 0.0329 0.0316 0.0303 0.0294 0.0286 0.0278 0.0271 0.0266 0.0259 0.0254 0.0252 0.0246 0.0242 0.0237 0.0239 0.0236 0.0230 0.0229 0.0226 0.0228 0.0225 0.0224 0.0223 0.0221 0.0223 0.0218 
0.0440 0.0455 0.0452 0.0762 0.0778 0.0962 0.1124 0.1914 0.3964 0.2857 0.2056 0.1486 0.0609 0.0455 0.0348 0.0409 0.0319 0.0253 0.0304 0.0173 0.0307 0.0776 0.1524 0.1460 0.0760 0.0557 0.0713 0.0426 0.1033 0.1411 0.1281 0.0699 0.0400 0.0345 0.0253 0.0340 0.0258 0.0210 0.0203 0.0193 0.0184 0.0174 0.0173 0.0170 0.0159 0.0158 0.0149 0.0148 0.0151 0.0147 0.0144 0.0142 0.0143 0.0142 0.0141 0.0138 0.0135 0.0132 0.0131 0.0131 0.0132 0.0131 0.0132 0.0133 
0.0167 0.0456 0.0298 0.0464 0.0522 0.1000 0.0997 0.1539 0.2593 0.1795 0.1562 0.0663 0.0356 0.0089 0.0232 0.0195 0.0132 0.0126 0.0075 0.0083 0.0131 0.0274 0.0697 0.0717 0.0473 0.0489 0.0578 0.0318 0.0573 0.0587 0.0532 0.0170 0.0149 0.0116 0.0074 0.0061 0.0051 0.0023 0.0020 0.0016 0.0017 0.0016 0.0016 0.0015 0.0017 0.0022 0.0026 0.0022 0.0017 0.0018 0.0014 0.0016 0.0015 0.0015 0.0013 0.0012 0.0015 0.0017 0.0014 0.0014 0.0014 0.0014 0.0013 0.0015 
0.0097 0.0333 0.0101 0.0328 0.0290 0.0715 0.0580 0.0651 0.1089 0.0646 0.0693 0.0474 0.0103 0.0132 0.0136 0.0116 0.0045 0.0048 0.0111 0.0071 0.0171 0.0233 0.0224 0.0483 0.0283 0.0131 0.0230 0.0155 0.0305 0.0454 0.0249 0.0124 0.0038 0.0124 0.0138 0.0056 0.0028 0.0039 0.0036 0.0031 0.0028 0.0027 0.0030 0.0028 0.0032 0.0030 0.0026 0.0037 0.0023 0.0027 0.0027 0.0027 0.0028 0.0025 0.0024 0.0025 0.0026 0.0026 0.0026 0.0023 0.0023 0.0027 0.0022 0.0025 
0.0029 0.0416 0.0178 0.0207 0.0230 0.0605 0.0460 0.0246 0.0284 0.0235 0.0469 0.0191 0.0203 0.0089 0.0071 0.0119 0.0084 0.0044 0.0118 0.0048 0.0193 0.0215 0.0145 0.0152 0.0127 0.0176 0.0024 0.0179 0.0162 0.0187 0.0089 0.0056 0.0034 0.0039 0.0078 0.0045 0.0015 0.0017 0.0015 0.0022 0.0036 0.0052 0.0024 0.0019 0.0014 0.0016 0.0014 0.0019 0.0015 0.0012 0.0017 0.0010 0.0014 0.0017 0.0014 0.0014 0.0014 0.0016 0.0013 0.0013 0.0014 0.0013 0.0009 0.0014 
0.0049 0.0331 0.0109 0.0101 0.0134 0.0483 0.0152 0.0330 0.0517 0.0179 0.0156 0.0091 0.0086 0.0035 0.0068 0.0070 0.0044 0.0014 0.0039 0.0070 0.0097 0.0106 0.0092 0.0053 0.0095 0.0117 0.0103 0.0117 0.0029 0.0064 0.0143 0.0063 0.0022 0.0028 0.0047 0.0031 0.0016 0.0010 0.0013 0.0050 0.0132 0.0116 0.0019 0.0006 0.0001 0.0012 0.0005 0.0008 0.0008 0.0005 0.0004 0.0003 0.0007 0.0004 0.0004 0.0004 0.0006 0.0002 0.0004 0.0004 0.0003 0.0005 0.0006 0.0005 
0.0031 0.0248 0.0049 0.0110 0.0119 0.0428 0.0100 0.0153 0.0225 0.0136 0.0211 0.0062 0.0090 0.0036 0.0051 0.0013 0.0028 0.0017 0.0031 0.0025 0.0092 0.0055 0.0042 0.0042 0.0055 0.0027 0.0042 0.0091 0.0069 0.0049 0.0049 0.0017 0.0015 0.0025 0.0033 0.0010 0.0004 0.0006 0.0004 0.0029 0.0005 0.0047 0.0010 0.0004 0.0003 0.0011 0.0003 0.0004 0.0003 0.0006 0.0003 0.0002 0.0005 0.0005 0.0008 0.0005 0.0001 0.0004 0.0003 0.0004 0.0004 0.0004 0.0004 0.0003 
0.0040 0.0172 0.0023 0.0083 0.0104 0.0302 0.0143 0.0088 0.0095 0.0102 0.0220 0.0038 0.0046 0.0029 0.0051 0.0030 0.0006 0.0014 0.0028 0.0021 0.0054 0.0028 0.0022 0.0020 0.0013 0.0056 0.0021 0.0029 0.0035 0.0078 0.0020 0.0014 0.0007 0.0015 0.0038 0.0032 0.0008 0.0005 0.0006 0.0012 0.0018 0.0015 0.0009 0.0006 0.0003 0.0009 0.0005 0.0001 0.0002 0.0001 0.0003 0.0002 0.0005 0.0004 0.0003 0.0005 0.0002 0.0002 0.0002 0.0003 0.0001 0.0003 0.0004 0.0005 
0.0028 0.0202 0.0040 0.0100 0.0081 0.0127 0.0064 0.0203 0.0178 0.0086 0.0110 0.0041 0.0013 0.0024 0.0016 0.0025 0.0008 0.0011 0.0013 0.0018 0.0017 0.0010 0.0025 0.0021 0.0008 0.0020 0.0012 0.0033 0.0019 0.0044 0.0006 0.0007 0.0003 0.0008 0.0007 0.0022 0.0010 0.0004 0.0003 0.0016 0.0008 0.0003 0.0003 0.0002 0.0005 0.0006 0.0003 0.0003 0.0004 0.0002 0.0002 0.0003 0.0005 0.0005 0.0005 0.0004 0.0003 0.0002 0.0003 0.0002 0.0002 0.0004 0.0001 0.0003 
0.0048 0.0144 0.0016 0.0060 0.0080 0.0101 0.0079 0.0181 0.0120 0.0045 0.0071 0.0025 0.0023 0.0014 0.0023 0.0010 0.0007 0.0005 0.0004 0.0005 0.0009 0.0003 0.0022 0.0017 0.0003 0.0006 0.0015 0.0027 0.0021 0.0013 0.0012 0.0007 0.0004 0.0004 0.0007 0.0005 0.0005 0.0005 0.0004 0.0006 0.0004 0.0010 0.0002 0.0004 0.0005 0.0002 0.0002 0.0003 0.0002 0.0005 0.0002 0.0004 0.0004 0.0002 0.0005 0.0004 0.0006 0.0005 0.0003 0.0003 0.0002 0.0004 0.0002 0.0004 
0.0013 0.0148 0.0027 0.0046 0.0068 0.0044 0.0010 0.0088 0.0044 0.0032 0.0045 0.0026 0.0008 0.0010 0.0005 0.0005 0.0007 0.0002 0.0008 0.0003 0.0010 0.0006 0.0008 0.0007 0.0003 0.0005 0.0010 0.0024 0.0019 0.0023 0.0004 0.0003 0.0001 0.0004 0.0006 0.0003 0.0002 0.0001 0.0003 0.0003 0.0003 0.0005 0.0002 0.0005 0.0002 0.0003 0.0003 0.0002 0.0002 0.0002 0.0005 0.0003 0.0003 0.0002 0.0003 0.0004 0.0003 0.0004 0.0002 0.0004 0.0004 0.0003 0.0006 0.0002 
0.0030 0.0100 0.0016 0.0039 0.0033 0.0020 0.0017 0.0028 0.0070 0.0030 0.0035 0.0024 0.0018 0.0012 0.0009 0.0008 0.0004 0.0003 0.0004 0.0002 0.0005 0.0002 0.0008 0.0006 0.0004 0.0005 0.0005 0.0024 0.0010 0.0010 0.0006 0.0003 0.0005 0.0002 0.0005 0.0003 0.0004 0.0006 0.0004 0.0002 0.0001 0.0004 0.0006 0.0004 0.0003 0.0001 0.0004 0.0003 0.0004 0.0001 0.0003 0.0005 0.0003 0.0006 0.0003 0.0002 0.0004 0.0003 0.0004 0.0004 0.0006 0.0002 0.0003 0.0005 
0.0018 0.0095 0.0012 0.0034 0.0027 0.0011 0.0022 0.0051 0.0078 0.0034 0.0013 0.0017 0.0005 0.0002 0.0005 0.0002 0.0003 0.0003 0.0002 0.0002 0.0004 0.0003 0.0004 0.0003 0.0002 0.0005 0.0007 0.0009 0.0004 0.0006 0.0003 0.0002 0.0002 0.0005 0.0003 0.0003 0.0004 0.0002 0.0002 0.0004 0.0002 0.0003 0.0002 0.0002 0.0003 0.0004 0.0004 0.0003 0.0001 0.0005 0.0003 0.0002 0.0003 0.0003 0.0002 0.0003 0.0001 0.0003 0.0003 0.0003 0.0004 0.0003 0.0004 0.0003 
0.0014 0.0082 0.0010 0.0014 0.0017 0.0018 0.0011 0.0035 0.0042 0.0021 0.0013 0.0016 0.0002 0.0002 0.0002 0.0002 0.0003 0.0003 0.0002 0.0002 0.0005 0.0005 0.0004 0.0004 0.0002 0.0002 0.0001 0.0004 0.0004 0.0003 0.0002 0.0002 0.0001 0.0004 0.0001 0.0001 0.0002 0.0004 0.0003 0.0003 0.0003 0.0004 0.0002 0.0003 0.0003 0.0005 0.0004 0.0003 0.0002 0.0004 0.0006 0.0003 0.0001 0.0003 0.0002 0.0002 0.0002 0.0001 0.0001 0.0002 0.0005 0.0002 0.0003 0.0001 
0.0009 0.0072 0.0004 0.0015 0.0019 0.0018 0.0002 0.0025 0.0035 0.0011 0.0004 0.0009 0.0003 0.0006 0.0003 0.0003 0.0002 0.0001 0.0001 0.0002 0.0009 0.0004 0.0003 0.0002 0.0004 0.0001 0.0002 0.0003 0.0002 0.0002 0.0003 0.0003 0.0003 0.0003 0.0002 0.0003 0.0002 0.0001 0.0001 0.0002 0.0002 0.0003 0.0002 0.0002 0.0002 0.0004 0.0004 0.0004 0.0005 0.0004 0.0004 0.0004 0.0003 0.0006 0.0002 0.0003 0.0002 0.0003 0.0002 0.0003 0.0001 0.0003 0.0004 0.0005 
0.0021 0.0069 0.0008 0.0007 0.0003 0.0021 0.0016 0.0021 0.0022 0.0006 0.0008 0.0006 0.0003 0.0001 0.0002 0.0004 0.0002 0.0002 0.0002 0.0003 0.0006 0.0004 0.0002 0.0002 0.0001 0.0002 0.0004 0.0002 0.0002 0.0004 0.0001 0.0003 0.0001 0.0002 0.0003 0.0002 0.0003 0.0004 0.0004 0.0003 0.0004 0.0002 0.0003 0.0003 0.0004 0.0002 0.0004 0.0003 0.0003 0.0003 0.0003 0.0001 0.0003 0.0003 0.0002 0.0001 0.0003 0.0002 0.0003 0.0003 0.0002 0.0005 0.0004 0.0003 
0.0002 0.0057 0.0007 0.0005 0.0005 0.0022 0.0010 0.0011 0.0020 0.0006 0.0007 0.0003 0.0006 0.0004 0.0004 0.0006 0.0002 0.0001 0.0003 0.0002 0.0002 0.0002 0.0003 0.0005 0.0003 0.0002 0.0006 0.0003 0.0003 0.0001 0.0002 0.0002 0.0004 0.0002 0.0004 0.0005 0.0004 0.0003 0.0002 0.0002 0.0002 0.0004 0.0002 0.0004 0.0004 0.0005 0.0002 0.0003 0.0003 0.0002 0.0001 0.0002 0.0001 0.0002 0.0003 0.0006 0.0002 0.0004 0.0002 0.0002 0.0006 0.0003 0.0005 0.0002 
0.0007 0.0042 0.0006 0.0004 0.0005 0.0006 0.0004 0.0011 0.0020 0.0010 0.0004 0.0004 0.0002 0.0002 0.0001 0.0002 0.0002 0.0002 0.0002 0.0002 0.0002 0.0001 0.0003 0.0001 0.0003 0.0002 0.0003 0.0001 0.0004 0.0002 0.0005 0.0003 0.0002 0.0004 0.0002 0.0004 0.0001 0.0002 0.0003 0.0003 0.0003 0.0002 0.0003 0.0002 0.0004 0.0002 0.0007 0.0003 0.0005 0.0004 0.0002 0.0002 0.0004 0.0003 0.0002 0.0005 0.0002 0.0003 0.0002 0.0004 0.0003 0.0003 0.0003 0.0004 
0.0007 0.0038 0.0001 0.0002 0.0003 0.0004 0.0002 0.0005 0.0012 0.0003 0.0002 0.0003 0.0002 0.0001 0.0003 0.0003 0.0003 0.0001 0.0002 0.0001 0.0002 0.0003 0.0001 0.0002 0.0004 0.0004 0.0003 0.0002 0.0002 0.0002 0.0002 0.0003 0.0002 0.0002 0.0004 0.0004 0.0001 0.0002 0.0001 0.0003 0.0003 0.0003 0.0003 0.0003 0.0004 0.0006 0.0006 0.0004 0.0002 0.0003 0.0002 0.0002 0.0003 0.0004 0.0003 0.0003 0.0002 0.0002 0.0003 0.0003 0.0002 0.0004 0.0003 0.0002 
0.0010 0.0032 0.0004 0.0002 0.0002 0.0005 0.0002 0.0006 0.0006 0.0003 0.0003 0.0003 0.0003 0.0002 0.0002 0.0002 0.0003 0.0001 0.0002 0.0001 0.0002 0.0004 0.0001 0.0002 0.0001 0.0001 0.0003 0.0002 0.0001 0.0002 0.0002 0.0002 0.0001 0.0004 0.0007 0.0002 0.0002 0.0004 0.0001 0.0003 0.0003 0.0003 0.0002 0.0001 0.0005 0.0004 0.0004 0.0003 0.0006 0.0004 0.0003 0.0004 0.0004 0.0004 0.0004 0.0003 0.0003 0.0006 0.0005 0.0002 0.0003 0.0003 0.0004 0.0002 
0.0001 0.0020 0.0001 0.0001 0.0002 0.0001 0.0002 0.0001 0.0006 0.0002 0.0002 0.0003 0.0002 0.0004 0.0002 0.0001 0.0002 0.0002 0.0002 0.0002 0.0002 0.0002 0.0001 0.0003 0.0002 0.0003 0.0004 0.0004 0.0003 0.0002 0.0004 0.0002 0.0004 0.0004 0.0003 0.0002 0.0004 0.0004 0.0002 0.0003 0.0003 0.0004 0.0004 0.0003 0.0005 0.0004 0.0003 0.0002 0.0005 0.0004 0.0003 0.0003 0.0005 0.0003 0.0002 0.0002 0.0003 0.0003 0.0004 0.0002 0.0003 0.0003 0.0004 0.0004 
0.0002 0.0019 0.0002 0.0001 0.0004 0.0002 0.0001 0.0004 0.0005 0.0005 0.0002 0.0002 0.0001 0.0002 0.0003 0.0001 0.0001 0.0001 0.0002 0.0001 0.0003 0.0003 0.0002 0.0001 0.0002 0.0001 0.0001 0.0004 0.0002 0.0002 0.0003 0.0003 0.0001 0.0008 0.0004 0.0004 0.0003 0.0003 0.0003 0.0004 0.0002 0.0004 0.0005 0.0003 0.0003 0.0003 0.0003 0.0004 0.0002 0.0003 0.0003 0.0006 0.0002 0.0004 0.0003 0.0001 0.0001 0.0004 0.0005 0.0003 0.0003 0.0002 0.0004 0.0004 
0.0001 0.0012 0.0003 0.0001 0.0002 0.0001 0.0002 0.0003 0.0002 0.0002 0.0002 0.0003 0.0003 0.0004 0.0001 0.0002 0.0002 0.0001 0.0001 0.0002 0.0003 0.0001 0.0001 0.0002 0.0003 0.0002 0.0002 0.0002 0.0005 0.0002 0.0001 0.0001 0.0003 0.0003 0.0002 0.0003 0.0002 0.0004 0.0003 0.0004 0.0001 0.0003 0.0005 0.0002 0.0003 0.0002 0.0004 0.0003 0.0001 0.0005 0.0005 0.0003 0.0004 0.0003 0.0002 0.0006 0.0004 0.0003 0.0002 0.0003 0.0002 0.0002 0.0004 0.0006 
0.0002 0.0014 0.0003 0.0003 0.0001 0.0003 0.0002 0.0003 0.0001 0.0003 0.0002 0.0001 0.0002 0.0002 0.0002 0.0002 0.0002 0.0002 0.0003 0.0002 0.0000 0.0001 0.0002 0.0003 0.0002 0.0002 0.0002 0.0005 0.0001 0.0002 0.0001 0.0003 0.0003 0.0002 0.0004 0.0004 0.0002 0.0004 0.0003 0.0003 0.0002 0.0002 0.0003 0.0002 0.0007 0.0002 0.0003 0.0005 0.0004 0.0004 0.0004 0.0006 0.0003 0.0003 0.0004 0.0005 0.0002 0.0003 0.0003 0.0002 0.0004 0.0002 0.0001 0.0003 
0.0004 0.0014 0.0002 0.0001 0.0002 0.0002 0.0001 0.0003 0.0005 0.0001 0.0003 0.0004 0.0001 0.0003 0.0001 0.0001 0.0002 0.0003 0.0003 0.0002 0.0002 0.0003 0.0001 0.0002 0.0003 0.0002 0.0003 0.0003 0.0003 0.0001 0.0003 0.0002 0.0002 0.0002 0.0004 0.0002 0.0006 0.0003 0.0002 0.0005 0.0002 0.0002 0.0004 0.0005 0.0011 0.0005 0.0004 0.0002 0.0002 0.0002 0.0003 0.0003 0.0003 0.0002 0.0003 0.0004 0.0002 0.0003 0.0003 0.0002 0.0002 0.0002 0.0005 0.0002 
0.0003 0.0009 0.0001 0.0002 0.0002 0.0002 0.0002 0.0004 0.0002 0.0002 0.0002 0.0002 0.0001 0.0001 0.0003 0.0001 0.0004 0.0004 0.0000 0.0002 0.0002 0.0002 0.0001 0.0001 0.0002 0.0002 0.0001 0.0002 0.0003 0.0002 0.0001 0.0003 0.0002 0.0004 0.0003 0.0001 0.0003 0.0001 0.0002 0.0004 0.0004 0.0002 0.0003 0.0003 0.0008 0.0008 0.0003 0.0002 0.0003 0.0004 0.0003 0.0004 0.0003 0.0003 0.0001 0.0003 0.0002 0.0003 0.0002 0.0003 0.0004 0.0003 0.0003 0.0002 
0.0002 0.0007 0.0002 0.0001 0.0002 0.0001 0.0003 0.0002 0.0004 0.0001 0.0002 0.0004 0.0003 0.0003 0.0001 0.0002 0.0003 0.0002 0.0002 0.0002 0.0002 0.0001 0.0002 0.0004 0.0002 0.0005 0.0001 0.0000 0.0002 0.0002 0.0002 0.0002 0.0001 0.0002 0.0003 0.0002 0.0003 0.0003 0.0006 0.0002 0.0001 0.0003 0.0004 0.0002 0.0006 0.0005 0.0003 0.0005 0.0002 0.0005 0.0002 0.0002 0.0005 0.0004 0.0004 0.0005 0.0003 0.0004 0.0003 0.0003 0.0004 0.0004 0.0003 0.0003 
0.0001 0.0004 0.0001 0.0001 0.0002 0.0001 0.0002 0.0003 0.0004 0.0003 0.0002 0.0003 0.0002 0.0001 0.0002 0.0002 0.0003 0.0001 0.0003 0.0001 0.0001 0.0003 0.0003 0.0002 0.0001 0.0004 0.0006 0.0003 0.0003 0.0004 0.0002 0.0003 0.0005 0.0002 0.0002 0.0002 0.0002 0.0003 0.0003 0.0002 0.0008 0.0007 0.0004 0.0003 0.0003 0.0004 0.0001 0.0008 0.0004 0.0004 0.0002 0.0003 0.0002 0.0006 0.0001 0.0004 0.0003 0.0004 0.0002 0.0003 0.0003 0.0002 0.0005 0.0003 
0.0001 0.0006 0.0001 0.0001 0.0001 0.0000 0.0002 0.0003 0.0003 0.0002 0.0001 0.0002 0.0002 0.0001 0.0003 0.0001 0.0002 0.0001 0.0000 0.0002 0.0004 0.0001 0.0002 0.0002 0.0002 0.0002 0.0005 0.0002 0.0002 0.0003 0.0002 0.0002 0.0003 0.0001 0.0003 0.0002 0.0002 0.0004 0.0003 0.0004 0.0003 0.0002 0.0002 0.0004 0.0006 0.0003 0.0002 0.0004 0.0002 0.0001 0.0004 0.0003 0.0003 0.0002 0.0005 0.0003 0.0004 0.0004 0.0002 0.0002 0.0003 0.0006 0.0005 0.0002 
