0.0000 0.0002 0.0001 0.0002 0.0002 0.0002 0.0002 0.0003 0.0001 0.0002 0.0004 0.0001 0.0002 0.0002 0.0003 0.0004 0.0001 0.0001 0.0002 0.0004 0.0002 0.0002 0.0002 0.0002 0.0002 0.0001 0.0001 0.0002 0.0002 0.0002 0.0003 0.0001 0.0003 0.0001 0.0005 0.0003 0.0003 0.0001 0.0005 0.0007 0.0002 0.0003 0.0005 0.0002 0.0004 0.0002 0.0005 0.0003 0.0004 0.0001 0.0003 0.0005 0.0004 0.0004 0.0004 0.0004 0.0004 0.0002 0.0003 0.0004 0.0001 0.0004 0.0003 0.0001 
0.0001 0.0002 0.0002 0.0001 0.0002 0.0003 0.0003 0.0002 0.0001 0.0002 0.0003 0.0001 0.0002 0.0002 0.0002 0.0002 0.0002 0.0003 0.0003 0.0003 0.0002 0.0005 0.0004 0.0001 0.0002 0.0002 0.0004 0.0004 0.0002 0.0002 0.0001 0.0002 0.0003 0.0001 0.0003 0.0006 0.0002 0.0004 0.0005 0.0003 0.0003 0.0003 0.0004 0.0004 0.0003 0.0004 0.0003 0.0002 0.0003 0.0006 0.0005 0.0003 0.0003 0.0003 0.0003 0.0004 0.0004 0.0001 0.0002 0.0006 0.0004 0.0003 0.0003 0.0004 
0.0001 0.0002 0.0003 0.0003 0.0002 0.0002 0.0002 0.0002 0.0001 0.0000 0.0004 0.0001 0.0004 0.0002 0.0002 0.0002 0.0003 0.0003 0.0001 0.0002 0.0002 0.0002 0.0002 0.0002 0.0003 0.0003 0.0005 0.0003 0.0002 0.0003 0.0002 0.0003 0.0006 0.0002 0.0003 0.0006 0.0002 0.0004 0.0003 0.0004 0.0003 0.0003 0.0002 0.0004 0.0003 0.0003 0.0003 0.0002 0.0002 0.0002 0.0002 0.0003 0.0003 0.0003 0.0003 0.0005 0.0003 0.0002 0.0003 0.0003 0.0002 0.0004 0.0003 0.0004 
0.0000 0.0003 0.0001 0.0001 0.0001 0.0001 0.0001 0.0001 0.0001 0.0001 0.0003 0.0002 0.0001 0.0003 0.0002 0.0002 0.0004 0.0002 0.0003 0.0002 0.0003 0.0002 0.0003 0.0004 0.0002 0.0002 0.0001 0.0002 0.0004 0.0002 0.0002 0.0006 0.0005 0.0004 0.0007 0.0005 0.0002 0.0003 0.0004 0.0002 0.0003 0.0005 0.0003 0.0005 0.0004 0.0004 0.0004 0.0002 0.0002 0.0004 0.0001 0.0002 0.0003 0.0004 0.0004 0.0004 0.0004 0.0002 0.0003 0.0005 0.0005 0.0003 0.0003 0.0003 
0.0000 0.0004 0.0001 0.0003 0.0001 0.0001 0.0002 0.0001 0.0002 0.0001 0.0003 0.0003 0.0002 0.0002 0.0002 0.0002 0.0003 0.0003 0.0002 0.0003 0.0002 0.0004 0.0001 0.0003 0.0002 0.0002 0.0002 0.0003 0.0004 0.0004 0.0003 0.0004 0.0004 0.0005 0.0006 0.0007 0.0004 0.0004 0.0003 0.0002 0.0002 0.0002 0.0002 0.0004 0.0002 0.0002 0.0002 0.0006 0.0004 0.0005 0.0005 0.0005 0.0003 0.0003 0.0001 0.0004 0.0001 0.0003 0.0003 0.0002 0.0005 0.0003 0.0004 0.0002 
0.0001 0.0002 0.0003 0.0003 0.0002 0.0003 0.0003 0.0001 0.0003 0.0001 0.0002 0.0002 0.0002 0.0004 0.0001 0.0002 0.0003 0.0001 0.0001 0.0001 0.0001 0.0002 0.0003 0.0002 0.0003 0.0001 0.0003 0.0005 0.0007 0.0003 0.0002 0.0002 0.0002 0.0002 0.0003 0.0009 0.0003 0.0002 0.0004 0.0004 0.0003 0.0004 0.0004 0.0002 0.0003 0.0005 0.0004 0.0005 0.0007 0.0004 0.0003 0.0003 0.0005 0.0004 0.0005 0.0003 0.0002 0.0003 0.0004 0.0004 0.0003 0.0003 0.0003 0.0004 
0.0000 0.0002 0.0003 0.0002 0.0002 0.0002 0.0002 0.0001 0.0002 0.0002 0.0002 0.0000 0.0001 0.0002 0.0002 0.0002 0.0001 0.0002 0.0001 0.0002 0.0002 0.0003 0.0002 0.0002 0.0001 0.0003 0.0003 0.0002 0.0004 0.0003 0.0002 0.0001 0.0004 0.0001 0.0003 0.0003 0.0003 0.0006 0.0004 0.0004 0.0003 0.0002 0.0004 0.0004 0.0002 0.0005 0.0008 0.0003 0.0007 0.0003 0.0006 0.0002 0.0002 0.0003 0.0003 0.0002 0.0006 0.0003 0.0002 0.0004 0.0002 0.0005 0.0001 0.0002 
0.0001 0.0003 0.0002 0.0003 0.0002 0.0001 0.0001 0.0001 0.0001 0.0001 0.0003 0.0002 0.0001 0.0003 0.0004 0.0002 0.0003 0.0002 0.0003 0.0002 0.0003 0.0002 0.0002 0.0002 0.0002 0.0003 0.0003 0.0003 0.0006 0.0011 0.0003 0.0003 0.0005 0.0003 0.0005 0.0003 0.0003 0.0004 0.0003 0.0002 0.0004 0.0003 0.0003 0.0004 0.0005 0.0003 0.0006 0.0003 0.0005 0.0002 0.0004 0.0004 0.0006 0.0002 0.0005 0.0003 0.0002 0.0003 0.0004 0.0002 0.0004 0.0002 0.0002 0.0002 
0.0001 0.0003 0.0001 0.0002 0.0001 0.0001 0.0002 0.0001 0.0001 0.0001 0.0003 0.0002 0.0002 0.0001 0.0002 0.0003 0.0001 0.0002 0.0002 0.0002 0.0001 0.0002 0.0003 0.0004 0.0002 0.0004 0.0002 0.0004 0.0005 0.0003 0.0002 0.0001 0.0001 0.0003 0.0003 0.0005 0.0003 0.0004 0.0002 0.0005 0.0004 0.0004 0.0002 0.0004 0.0002 0.0006 0.0003 0.0002 0.0002 0.0005 0.0005 0.0004 0.0001 0.0004 0.0002 0.0004 0.0004 0.0003 0.0002 0.0003 0.0002 0.0003 0.0005 0.0002 
0.0001 0.0002 0.0002 0.0001 0.0001 0.0002 0.0002 0.0002 0.0002 0.0002 0.0003 0.0002 0.0002 0.0001 0.0003 0.0003 0.0003 0.0002 0.0002 0.0001 0.0001 0.0003 0.0004 0.0004 0.0004 0.0005 0.0003 0.0005 0.0003 0.0003 0.0003 0.0003 0.0002 0.0003 0.0001 0.0007 0.0002 0.0003 0.0001 0.0002 0.0002 0.0004 0.0003 0.0004 0.0006 0.0003 0.0007 0.0003 0.0005 0.0004 0.0005 0.0002 0.0002 0.0004 0.0004 0.0003 0.0004 0.0005 0.0002 0.0003 0.0001 0.0005 0.0004 0.0001 
0.0000 0.0002 0.0002 0.0001 0.0001 0.0002 0.0002 0.0002 0.0002 0.0003 0.0003 0.0002 0.0004 0.0002 0.0004 0.0003 0.0003 0.0004 0.0003 0.0001 0.0003 0.0002 0.0003 0.0004 0.0002 0.0003 0.0002 0.0003 0.0002 0.0004 0.0002 0.0003 0.0003 0.0002 0.0004 0.0006 0.0003 0.0003 0.0004 0.0006 0.0003 0.0004 0.0002 0.0005 0.0006 0.0006 0.0007 0.0003 0.0007 0.0003 0.0005 0.0002 0.0002 0.0002 0.0005 0.0002 0.0003 0.0005 0.0005 0.0005 0.0003 0.0003 0.0001 0.0003 
0.0001 0.0002 0.0002 0.0003 0.0002 0.0002 0.0001 0.0002 0.0002 0.0002 0.0002 0.0001 0.0003 0.0002 0.0002 0.0002 0.0003 0.0003 0.0003 0.0001 0.0002 0.0002 0.0003 0.0001 0.0001 0.0001 0.0002 0.0005 0.0003 0.0002 0.0003 0.0003 0.0002 0.0001 0.0002 0.0004 0.0003 0.0003 0.0004 0.0002 0.0003 0.0003 0.0002 0.0005 0.0003 0.0005 0.0008 0.0003 0.0007 0.0004 0.0004 0.0004 0.0002 0.0003 0.0004 0.0004 0.0004 0.0002 0.0004 0.0003 0.0004 0.0004 0.0005 0.0003 
0.0001 0.0001 0.0003 0.0001 0.0004 0.0002 0.0003 0.0001 0.0002 0.0002 0.0002 0.0003 0.0004 0.0002 0.0002 0.0002 0.0001 0.0004 0.0001 0.0002 0.0003 0.0002 0.0008 0.0003 0.0002 0.0004 0.0002 0.0004 0.0002 0.0003 0.0003 0.0001 0.0002 0.0002 0.0003 0.0003 0.0004 0.0004 0.0002 0.0003 0.0003 0.0005 0.0005 0.0005 0.0003 0.0004 0.0003 0.0004 0.0005 0.0005 0.0003 0.0002 0.0002 0.0003 0.0005 0.0004 0.0006 0.0004 0.0001 0.0001 0.0002 0.0003 0.0003 0.0006 
0.0000 0.0001 0.0001 0.0002 0.0001 0.0003 0.0002 0.0003 0.0002 0.0002 0.0002 0.0005 0.0001 0.0003 0.0003 0.0001 0.0001 0.0002 0.0003 0.0005 0.0001 0.0001 0.0005 0.0004 0.0004 0.0004 0.0004 0.0003 0.0002 0.0003 0.0003 0.0003 0.0001 0.0003 0.0002 0.0003 0.0003 0.0003 0.0006 0.0005 0.0005 0.0007 0.0003 0.0004 0.0005 0.0006 0.0002 0.0001 0.0004 0.0002 0.0002 0.0003 0.0003 0.0005 0.0002 0.0003 0.0002 0.0003 0.0002 0.0003 0.0003 0.0003 0.0003 0.0002 
0.0001 0.0001 0.0001 0.0001 0.0002 0.0002 0.0002 0.0002 0.0002 0.0002 0.0001 0.0002 0.0004 0.0003 0.0003 0.0004 0.0001 0.0003 0.0001 0.0001 0.0003 0.0002 0.0003 0.0003 0.0003 0.0004 0.0003 0.0003 0.0004 0.0001 0.0006 0.0003 0.0004 0.0003 0.0004 0.0005 0.0003 0.0004 0.0004 0.0002 0.0003 0.0003 0.0004 0.0003 0.0002 0.0005 0.0006 0.0004 0.0002 0.0003 0.0004 0.0004 0.0003 0.0005 0.0004 0.0005 0.0002 0.0004 0.0002 0.0003 0.0001 0.0003 0.0004 0.0003 
0.0001 0.0003 0.0001 0.0001 0.0002 0.0001 0.0002 0.0001 0.0001 0.0001 0.0004 0.0001 0.0002 0.0002 0.0002 0.0001 0.0002 0.0003 0.0002 0.0004 0.0004 0.0003 0.0003 0.0002 0.0001 0.0001 0.0004 0.0005 0.0004 0.0003 0.0001 0.0002 0.0004 0.0004 0.0003 0.0007 0.0002 0.0002 0.0008 0.0004 0.0002 0.0004 0.0003 0.0002 0.0002 0.0002 0.0004 0.0007 0.0005 0.0004 0.0006 0.0003 0.0004 0.0004 0.0002 0.0002 0.0003 0.0002 0.0004 0.0006 0.0003 0.0004 0.0006 0.0003 
0.0001 0.0002 0.0000 0.0000 0.0001 0.0001 0.0001 0.0002 0.0001 0.0001 0.0001 0.0003 0.0002 0.0002 0.0002 0.0002 0.0003 0.0002 0.0002 0.0003 0.0001 0.0003 0.0003 0.0001 0.0003 0.0003 0.0002 0.0004 0.0002 0.0001 0.0002 0.0003 0.0002 0.0008 0.0003 0.0006 0.0002 0.0002 0.0007 0.0006 0.0003 0.0004 0.0002 0.0002 0.0006 0.0006 0.0003 0.0003 0.0004 0.0004 0.0004 0.0004 0.0004 0.0003 0.0004 0.0003 0.0003 0.0003 0.0004 0.0006 0.0007 0.0003 0.0005 0.0005 
0.0000 0.0001 0.0001 0.0001 0.0002 0.0001 0.0003 0.0002 0.0002 0.0001 0.0002 0.0006 0.0002 0.0004 0.0004 0.0003 0.0001 0.0003 0.0002 0.0001 0.0002 0.0001 0.0004 0.0004 0.0003 0.0004 0.0004 0.0005 0.0006 0.0004 0.0003 0.0003 0.0003 0.0005 0.0004 0.0004 0.0003 0.0003 0.0002 0.0003 0.0004 0.0003 0.0002 0.0004 0.0005 0.0004 0.0002 0.0003 0.0002 0.0004 0.0006 0.0007 0.0006 0.0004 0.0006 0.0004 0.0002 0.0002 0.0002 0.0001 0.0006 0.0003 0.0003 0.0003 
0.0000 0.0002 0.0002 0.0001 0.0001 0.0001 0.0002 0.0002 0.0002 0.0002 0.0003 0.0001 0.0003 0.0003 0.0003 0.0003 0.0002 0.0003 0.0001 0.0006 0.0003 0.0005 0.0002 0.0001 0.0003 0.0004 0.0004 0.0004 0.0004 0.0002 0.0003 0.0003 0.0002 0.0003 0.0004 0.0003 0.0004 0.0004 0.0004 0.0005 0.0006 0.0003 0.0004 0.0004 0.0003 0.0001 0.0003 0.0006 0.0003 0.0003 0.0002 0.0008 0.0003 0.0006 0.0003 0.0006 0.0003 0.0007 0.0002 0.0001 0.0002 0.0001 0.0005 0.0006 
0.0000 0.0001 0.0001 0.0001 0.0002 0.0001 0.0001 0.0002 0.0002 0.0002 0.0001 0.0002 0.0002 0.0003 0.0003 0.0001 0.0002 0.0002 0.0003 0.0003 0.0002 0.0005 0.0004 0.0003 0.0002 0.0002 0.0003 0.0003 0.0001 0.0004 0.0004 0.0002 0.0002 0.0003 0.0004 0.0004 0.0002 0.0004 0.0002 0.0001 0.0004 0.0002 0.0003 0.0001 0.0002 0.0003 0.0003 0.0006 0.0003 0.0002 0.0003 0.0005 0.0002 0.0004 0.0002 0.0002 0.0004 0.0003 0.0001 0.0005 0.0004 0.0002 0.0004 0.0005 
0.0003 0.0012 0.0004 0.0002 0.0002 0.0002 0.0002 0.0002 0.0002 0.0001 0.0002 0.0004 0.0002 0.0003 0.0002 0.0001 0.0004 0.0003 0.0002 0.0005 0.0003 0.0004 0.0002 0.0002 0.0002 0.0006 0.0003 0.0003 0.0002 0.0002 0.0004 0.0002 0.0001 0.0003 0.0003 0.0005 0.0001 0.0004 0.0002 0.0003 0.0006 0.0004 0.0003 0.0003 0.0003 0.0003 0.0004 0.0002 0.0003 0.0004 0.0003 0.0003 0.0005 0.0004 0.0004 0.0003 0.0003 0.0004 0.0004 0.0005 0.0005 0.0003 0.0001 0.0003 
0.0051 0.0150 0.0051 0.0023 0.0027 0.0023 0.0017 0.0016 0.0013 0.0013 0.0012 0.0012 0.0010 0.0008 0.0008 0.0010 0.0005 0.0005 0.0007 0.0004 0.0012 0.0009 0.0004 0.0005 0.0002 0.0002 0.0002 0.0004 0.0005 0.0002 0.0005 0.0005 0.0003 0.0004 0.0003 0.0005 0.0005 0.0005 0.0006 0.0002 0.0006 0.0005 0.0005 0.0005 0.0004 0.0004 0.0004 0.0005 0.0004 0.0005 0.0004 0.0005 0.0004 0.0007 0.0006 0.0003 0.0003 0.0003 0.0004 0.0005 0.0003 0.0002 0.0007 0.0005 
0.0129 0.0501 0.0371 0.0124 0.0066 0.0082 0.0043 0.0027 0.0020 0.0019 0.0016 0.0017 0.0011 0.0019 0.0018 0.0011 0.0004 0.0005 0.0021 0.0016 0.0013 0.0019 0.0012 0.0011 0.0009 0.0011 0.0009 0.0007 0.0009 0.0005 0.0005 0.0009 0.0006 0.0006 0.0007 0.0006 0.0006 0.0006 0.0004 0.0007 0.0006 0.0008 0.0006 0.0008 0.0003 0.0006 0.0004 0.0006 0.0004 0.0005 0.0010 0.0007 0.0006 0.0003 0.0007 0.0006 0.0004 0.0007 0.0008 0.0005 0.0008 0.0005 0.0002 0.0005 
0.0272 0.0595 0.0796 0.0230 0.0154 0.0122 0.0079 0.0063 0.0067 0.0052 0.0050 0.0044 0.0033 0.0042 0.0034 0.0032 0.0038 0.0028 0.0048 0.0027 0.0032 0.0024 0.0024 0.0023 0.0022 0.0020 0.0022 0.0021 0.0019 0.0025 0.0018 0.0021 0.0015 0.0017 0.0020 0.0013 0.0013 0.0016 0.0016 0.0013 0.0016 0.0016 0.0019 0.0015 0.0011 0.0016 0.0016 0.0014 0.0012 0.0013 0.0011 0.0011 0.0012 0.0013 0.0013 0.0011 0.0013 0.0014 0.0013 0.0013 0.0013 0.0009 0.0012 0.0011 
0.0126 0.1125 0.0730 0.0189 0.0321 0.0072 0.0070 0.0031 0.0048 0.0037 0.0033 0.0033 0.0015 0.0051 0.0038 0.0029 0.0024 0.0025 0.0038 0.0022 0.0034 0.0018 0.0020 0.0018 0.0017 0.0018 0.0015 0.0012 0.0017 0.0022 0.0014 0.0018 0.0010 0.0018 0.0012 0.0019 0.0011 0.0005 0.0015 0.0013 0.0014 0.0010 0.0013 0.0013 0.0012 0.0019 0.0013 0.0011 0.0009 0.0012 0.0016 0.0016 0.0006 0.0008 0.0009 0.0008 0.0008 0.0010 0.0011 0.0009 0.0008 0.0010 0.0008 0.0009 
0.0071 0.1057 0.0856 0.0197 0.0169 0.0139 0.0085 0.0058 0.0057 0.0051 0.0035 0.0024 0.0042 0.0011 0.0021 0.0070 0.0040 0.0026 0.0018 0.0017 0.0014 0.0008 0.0014 0.0019 0.0027 0.0049 0.0063 0.0091 0.0129 0.0175 0.0172 0.0166 0.0115 0.0078 0.0048 0.0139 0.0153 0.0074 0.0089 0.0084 0.0092 0.0190 0.0210 0.0056 0.0046 0.0083 0.0039 0.0057 0.0052 0.0015 0.0034 0.0018 0.0026 0.0028 0.0015 0.0029 0.0025 0.0014 0.0018 0.0017 0.0018 0.0015 0.0013 0.0014 
0.0250 0.0791 0.1040 0.0382 0.0423 0.0130 0.0058 0.0175 0.0084 0.0163 0.0248 0.0155 0.0335 0.0615 0.0271 0.0492 0.0185 0.0124 0.0259 0.0160 0.0091 0.0113 0.0247 0.0106 0.0208 0.0252 0.0239 0.0544 0.0512 0.0633 0.1017 0.0401 0.0048 0.0136 0.0090 0.0249 0.0158 0.0059 0.0079 0.0052 0.0099 0.0232 0.0161 0.0094 0.0066 0.0078 0.0036 0.0048 0.0052 0.0028 0.0125 0.0073 0.0030 0.0043 0.0050 0.0129 0.0055 0.0067 0.0006 0.0007 0.0002 0.0003 0.0004 0.0003 
0.0185 0.1142 0.0686 0.0858 0.0740 0.0144 0.0067 0.0100 0.0357 0.0405 0.0480 0.0462 0.0583 0.0616 0.0240 0.0418 0.0381 0.0376 0.0272 0.0353 0.0439 0.0228 0.0516 0.0136 0.0241 0.0574 0.0643 0.0730 0.0740 0.1026 0.0700 0.0268 0.0080 0.0075 0.0076 0.0066 0.0077 0.0073 0.0038 0.0027 0.0049 0.0084 0.0047 0.0059 0.0021 0.0062 0.0024 0.0055 0.0028 0.0019 0.0046 0.0027 0.0021 0.0028 0.0041 0.0064 0.0026 0.0042 0.0010 0.0003 0.0003 0.0002 0.0005 0.0003 
0.0631 0.0892 0.0416 0.0795 0.0610 0.0355 0.0221 0.0214 0.0290 0.0294 0.0567 0.0659 0.0425 0.0151 0.0160 0.0369 0.0255 0.0252 0.0235 0.0153 0.0546 0.0239 0.0195 0.0099 0.0361 0.0293 0.0500 0.0736 0.0262 0.0493 0.0289 0.0148 0.0124 0.0120 0.0098 0.0079 0.0121 0.0086 0.0059 0.0050 0.0052 0.0063 0.0037 0.0055 0.0047 0.0033 0.0061 0.0028 0.0038 0.0021 0.0053 0.0035 0.0024 0.0041 0.0050 0.0043 0.0025 0.0053 0.0033 0.0030 0.0028 0.0030 0.0031 0.0027 
0.0215 0.1215 0.1020 0.0307 0.0756 0.0247 0.0229 0.0276 0.0488 0.0530 0.0970 0.0663 0.0162 0.0167 0.0079 0.0170 0.0106 0.0169 0.0191 0.0152 0.0600 0.0146 0.0194 0.0113 0.0258 0.0261 0.0384 0.0662 0.0398 0.0404 0.0286 0.0186 0.0099 0.0071 0.0062 0.0060 0.0052 0.0034 0.0038 0.0044 0.0023 0.0036 0.0044 0.0050 0.0031 0.0040 0.0015 0.0038 0.0023 0.0021 0.0025 0.0015 0.0018 0.0026 0.0026 0.0040 0.0013 0.0025 0.0015 0.0017 0.0018 0.0017 0.0020 0.0020 
0.0135 0.1225 0.1070 0.0505 0.0783 0.0098 0.0126 0.0402 0.0767 0.0914 0.0841 0.0446 0.0243 0.0107 0.0372 0.0242 0.0165 0.0093 0.0154 0.0278 0.0156 0.0240 0.0487 0.0193 0.0320 0.0409 0.0550 0.0717 0.0662 0.0582 0.0273 0.0188 0.0069 0.0021 0.0023 0.0036 0.0099 0.0062 0.0031 0.0023 0.0018 0.0026 0.0030 0.0018 0.0017 0.0018 0.0031 0.0017 0.0003 0.0009 0.0007 0.0014 0.0008 0.0010 0.0007 0.0008 0.0006 0.0007 0.0009 0.0007 0.0005 0.0004 0.0003 0.0005 
0.0244 0.0982 0.1025 0.0779 0.2086 0.0793 0.0352 0.1426 0.2313 0.2790 0.1117 0.0818 0.0634 0.0331 0.0388 0.0481 0.0292 0.0170 0.0378 0.0227 0.0671 0.1181 0.1716 0.0476 0.0705 0.1410 0.1116 0.2768 0.1602 0.1407 0.0860 0.0395 0.0170 0.0135 0.0114 0.0129 0.0282 0.0115 0.0068 0.0042 0.0055 0.0078 0.0040 0.0017 0.0024 0.0046 0.0027 0.0040 0.0023 0.0019 0.0023 0.0034 0.0029 0.0029 0.0036 0.0030 0.0025 0.0030 0.0026 0.0030 0.0027 0.0027 0.0029 0.0029 
0.0294 0.0734 0.1014 0.0802 0.4093 0.3111 0.1123 0.1645 0.4617 0.5488 0.5126 0.1009 0.0444 0.0795 0.0497 0.0894 0.0551 0.0521 0.0770 0.0163 0.1254 0.3665 0.4010 0.0978 0.2686 0.2137 0.2868 0.4471 0.3746 0.3664 0.2753 0.0710 0.0410 0.0398 0.0162 0.0478 0.0466 0.0371 0.0275 0.0141 0.0134 0.0141 0.0095 0.0092 0.0102 0.0089 0.0094 0.0074 0.0066 0.0081 0.0069 0.0069 0.0078 0.0054 0.0076 0.0069 0.0050 0.0068 0.0061 0.0060 0.0066 0.0057 0.0063 0.0062 
0.0250 0.0505 0.1073 0.0504 0.2698 0.1612 0.0497 0.2313 0.4356 0.8270 0.8164 0.1004 0.0954 0.1047 0.0398 0.1246 0.0686 0.0701 0.1154 0.0184 0.1504 0.2632 0.5165 0.2513 0.3236 0.3149 0.2920 0.5448 0.5488 0.3691 0.5091 0.1081 0.0775 0.0645 0.0254 0.0561 0.0239 0.0308 0.0089 0.0266 0.0216 0.0167 0.0178 0.0166 0.0149 0.0147 0.0146 0.0127 0.0125 0.0119 0.0119 0.0118 0.0112 0.0112 0.0096 0.0125 0.0115 0.0100 0.0100 0.0098 0.0096 0.0098 0.0096 0.0097 
0.0106 0.0282 0.0903 0.0606 0.1455 0.1669 0.1194 0.1142 0.4520 0.6301 0.8690 0.1811 0.0825 0.0917 0.0645 0.1027 0.0797 0.0768 0.0898 0.0485 0.0520 0.1154 0.4481 0.2396 0.3872 0.3756 0.3388 0.4796 0.6667 0.4617 0.4538 0.1770 0.0421 0.0363 0.0559 0.0470 0.0641 0.0157 0.0284 0.0228 0.0151 0.0226 0.0116 0.0165 0.0121 0.0147 0.0134 0.0119 0.0133 0.0110 0.0135 0.0096 0.0130 0.0094 0.0131 0.0106 0.0111 0.0107 0.0107 0.0107 0.0098 0.0109 0.0102 0.0104 
0.0074 0.0278 0.0773 0.0423 0.0982 0.1359 0.0614 0.1620 0.4850 0.4680 0.6294 0.1351 0.0860 0.0616 0.0826 0.0784 0.0719 0.0580 0.0681 0.0543 0.0544 0.0593 0.2624 0.1934 0.2797 0.2381 0.2208 0.3211 0.5658 0.4176 0.3530 0.1504 0.0331 0.0409 0.0434 0.0464 0.0767 0.0112 0.0175 0.0050 0.0025 0.0104 0.0019 0.0021 0.0020 0.0015 0.0017 0.0016 0.0017 0.0007 0.0008 0.0012 0.0009 0.0009 0.0017 0.0014 0.0014 0.0007 0.0006 0.0004 0.0008 0.0002 0.0004 0.0003 
0.0048 0.0381 0.0735 0.0342 0.1179 0.1133 0.0650 0.1900 0.4080 0.4706 0.6843 0.1460 0.0768 0.0552 0.0539 0.0879 0.0328 0.0665 0.0516 0.0427 0.0561 0.1055 0.2105 0.1921 0.2909 0.2087 0.2055 0.2455 0.4306 0.2279 0.3095 0.1432 0.0438 0.0528 0.0646 0.0630 0.0571 0.0363 0.0054 0.0067 0.0029 0.0083 0.0041 0.0029 0.0026 0.0021 0.0023 0.0019 0.0024 0.0015 0.0020 0.0016 0.0016 0.0014 0.0009 0.0014 0.0006 0.0009 0.0006 0.0008 0.0005 0.0008 0.0007 0.0005 
0.0103 0.0333 0.0967 0.0210 0.0974 0.0657 0.0790 0.3236 0.2945 0.5582 0.5727 0.0946 0.0662 0.0461 0.0347 0.0545 0.0365 0.0453 0.0283 0.0368 0.0325 0.0754 0.0876 0.1388 0.2187 0.2281 0.1781 0.1589 0.2090 0.3384 0.1328 0.1252 0.0168 0.0339 0.0180 0.0402 0.0225 0.0228 0.0146 0.0092 0.0112 0.0089 0.0093 0.0072 0.0064 0.0067 0.0060 0.0062 0.0060 0.0053 0.0053 0.0053 0.0054 0.0047 0.0049 0.0041 0.0055 0.0051 0.0053 0.0049 0.0048 0.0049 0.0045 0.0044 
0.0113 0.0338 0.0577 0.0076 0.0481 0.1113 0.1607 0.1053 0.2381 0.0910 0.1350 0.0526 0.0441 0.0281 0.0156 0.0184 0.0112 0.0076 0.0045 0.0115 0.0127 0.0307 0.0236 0.0667 0.0782 0.0520 0.0680 0.0188 0.0856 0.0910 0.0864 0.0217 0.0200 0.0251 0.0119 0.0346 0.0139 0.0196 0.0054 0.0068 0.0028 0.0018 0.0034 0.0026 0.0021 0.0019 0.0019 0.0021 0.0021 0.0017 0.0019 0.0021 0.0017 0.0019 0.0015 0.0023 0.0014 0.0015 0.0017 0.0014 0.0016 0.0014 0.0017 0.0015 
0.0046 0.0220 0.0381 0.0117 0.0371 0.1119 0.0416 0.0410 0.0608 0.1428 0.1485 0.0466 0.0156 0.0252 0.0195 0.0112 0.0115 0.0110 0.0094 0.0051 0.0103 0.0251 0.0320 0.0551 0.0269 0.0428 0.0274 0.0281 0.0195 0.0335 0.0499 0.0194 0.0152 0.0126 0.0062 0.0177 0.0099 0.0109 0.0057 0.0023 0.0025 0.0023 0.0017 0.0011 0.0017 0.0012 0.0013 0.0009 0.0011 0.0010 0.0011 0.0009 0.0007 0.0003 0.0007 0.0003 0.0006 0.0009 0.0006 0.0008 0.0008 0.0008 0.0003 0.0007 
0.0020 0.0186 0.0274 0.0076 0.0277 0.0391 0.0184 0.0576 0.0773 0.0877 0.2577 0.0347 0.0054 0.0227 0.0106 0.0049 0.0052 0.0110 0.0091 0.0109 0.0111 0.0137 0.0366 0.0369 0.0204 0.0220 0.0249 0.0315 0.0126 0.0607 0.0440 0.0170 0.0034 0.0113 0.0183 0.0100 0.0094 0.0051 0.0033 0.0009 0.0011 0.0011 0.0007 0.0012 0.0011 0.0013 0.0005 0.0006 0.0004 0.0008 0.0004 0.0004 0.0005 0.0009 0.0005 0.0006 0.0006 0.0004 0.0003 0.0005 0.0004 0.0006 0.0004 0.0003 
0.0020 0.0245 0.0224 0.0091 0.0284 0.0469 0.0279 0.0611 0.0688 0.0665 0.1471 0.0342 0.0067 0.0107 0.0051 0.0056 0.0036 0.0020 0.0050 0.0112 0.0080 0.0101 0.0230 0.0371 0.0203 0.0263 0.0118 0.0095 0.0292 0.0095 0.0148 0.0061 0.0067 0.0067 0.0053 0.0120 0.0035 0.0034 0.0031 0.0003 0.0010 0.0012 0.0005 0.0007 0.0015 0.0010 0.0005 0.0002 0.0001 0.0003 0.0003 0.0005 0.0003 0.0006 0.0003 0.0001 0.0006 0.0002 0.0005 0.0002 0.0002 0.0005 0.0005 0.0003 
0.0049 0.0177 0.0198 0.0080 0.0187 0.0459 0.0259 0.0291 0.0549 0.0330 0.1239 0.0117 0.0160 0.0203 0.0069 0.0078 0.0060 0.0065 0.0043 0.0065 0.0070 0.0106 0.0137 0.0204 0.0052 0.0098 0.0076 0.0083 0.0061 0.0063 0.0199 0.0062 0.0048 0.0033 0.0023 0.0072 0.0033 0.0016 0.0016 0.0012 0.0014 0.0023 0.0016 0.0015 0.0016 0.0018 0.0017 0.0018 0.0018 0.0018 0.0015 0.0017 0.0014 0.0015 0.0016 0.0016 0.0013 0.0011 0.0014 0.0013 0.0013 0.0014 0.0010 0.0016 
0.0027 0.0140 0.0124 0.0054 0.0073 0.0288 0.0136 0.0231 0.0093 0.0602 0.0472 0.0111 0.0071 0.0077 0.0025 0.0041 0.0030 0.0035 0.0035 0.0024 0.0025 0.0069 0.0063 0.0091 0.0088 0.0110 0.0054 0.0073 0.0063 0.0087 0.0091 0.0047 0.0032 0.0015 0.0021 0.0038 0.0003 0.0006 0.0005 0.0004 0.0005 0.0007 0.0005 0.0003 0.0004 0.0002 0.0002 0.0007 0.0003 0.0002 0.0003 0.0005 0.0006 0.0003 0.0004 0.0005 0.0004 0.0002 0.0004 0.0003 0.0004 0.0005 0.0003 0.0003 
0.0024 0.0078 0.0060 0.0026 0.0038 0.0134 0.0188 0.0221 0.0178 0.0349 0.0321 0.0111 0.0096 0.0043 0.0034 0.0021 0.0026 0.0020 0.0016 0.0017 0.0015 0.0075 0.0044 0.0076 0.0063 0.0017 0.0009 0.0044 0.0059 0.0023 0.0053 0.0035 0.0008 0.0009 0.0013 0.0018 0.0015 0.0005 0.0007 0.0006 0.0008 0.0006 0.0004 0.0003 0.0005 0.0005 0.0006 0.0004 0.0006 0.0006 0.0006 0.0012 0.0005 0.0005 0.0005 0.0004 0.0003 0.0003 0.0005 0.0006 0.0009 0.0004 0.0005 0.0005 
0.0020 0.0044 0.0078 0.0034 0.0080 0.0122 0.0094 0.0266 0.0108 0.0273 0.0110 0.0102 0.0040 0.0032 0.0019 0.0019 0.0016 0.0028 0.0014 0.0013 0.0009 0.0050 0.0030 0.0045 0.0049 0.0010 0.0009 0.0019 0.0024 0.0044 0.0032 0.0017 0.0009 0.0006 0.0008 0.0007 0.0009 0.0003 0.0004 0.0009 0.0004 0.0003 0.0005 0.0003 0.0006 0.0003 0.0005 0.0003 0.0007 0.0004 0.0004 0.0005 0.0005 0.0003 0.0005 0.0006 0.0003 0.0006 0.0005 0.0004 0.0004 0.0004 0.0004 0.0007 
0.0008 0.0035 0.0063 0.0013 0.0037 0.0166 0.0158 0.0150 0.0349 0.0166 0.0078 0.0017 0.0026 0.0009 0.0010 0.0005 0.0004 0.0007 0.0006 0.0003 0.0013 0.0015 0.0003 0.0009 0.0021 0.0008 0.0010 0.0015 0.0022 0.0015 0.0021 0.0009 0.0004 0.0008 0.0005 0.0004 0.0004 0.0002 0.0003 0.0006 0.0003 0.0003 0.0004 0.0003 0.0001 0.0002 0.0005 0.0004 0.0005 0.0002 0.0005 0.0004 0.0005 0.0003 0.0004 0.0001 0.0004 0.0005 0.0003 0.0001 0.0005 0.0002 0.0006 0.0005 
0.0013 0.0058 0.0062 0.0013 0.0028 0.0070 0.0113 0.0084 0.0095 0.0192 0.0222 0.0042 0.0032 0.0007 0.0007 0.0004 0.0005 0.0002 0.0004 0.0004 0.0002 0.0003 0.0002 0.0011 0.0006 0.0008 0.0005 0.0001 0.0020 0.0008 0.0029 0.0004 0.0004 0.0005 0.0003 0.0004 0.0003 0.0003 0.0003 0.0005 0.0003 0.0004 0.0003 0.0002 0.0003 0.0003 0.0005 0.0003 0.0007 0.0002 0.0003 0.0003 0.0003 0.0005 0.0006 0.0002 0.0004 0.0004 0.0003 0.0004 0.0003 0.0002 0.0004 0.0001 
0.0014 0.0060 0.0047 0.0016 0.0010 0.0067 0.0072 0.0098 0.0158 0.0118 0.0195 0.0041 0.0017 0.0004 0.0007 0.0007 0.0009 0.0006 0.0003 0.0002 0.0003 0.0006 0.0007 0.0006 0.0003 0.0009 0.0005 0.0003 0.0008 0.0009 0.0008 0.0002 0.0002 0.0003 0.0003 0.0005 0.0007 0.0002 0.0003 0.0003 0.0003 0.0004 0.0002 0.0001 0.0004 0.0002 0.0004 0.0002 0.0007 0.0003 0.0002 0.0003 0.0002 0.0004 0.0001 0.0002 0.0003 0.0002 0.0001 0.0004 0.0004 0.0003 0.0002 0.0003 
0.0010 0.0054 0.0026 0.0004 0.0006 0.0087 0.0018 0.0040 0.0036 0.0075 0.0201 0.0018 0.0007 0.0005 0.0004 0.0002 0.0005 0.0003 0.0003 0.0004 0.0005 0.0008 0.0003 0.0003 0.0002 0.0004 0.0004 0.0003 0.0006 0.0007 0.0006 0.0004 0.0001 0.0004 0.0002 0.0002 0.0005 0.0003 0.0002 0.0007 0.0003 0.0001 0.0003 0.0001 0.0003 0.0003 0.0003 0.0001 0.0008 0.0004 0.0003 0.0004 0.0001 0.0003 0.0007 0.0002 0.0003 0.0004 0.0003 0.0003 0.0003 0.0003 0.0003 0.0003 
0.0013 0.0034 0.0016 0.0008 0.0015 0.0059 0.0018 0.0053 0.0053 0.0047 0.0145 0.0034 0.0018 0.0010 0.0006 0.0005 0.0004 0.0004 0.0005 0.0002 0.0003 0.0003 0.0003 0.0004 0.0002 0.0004 0.0003 0.0005 0.0005 0.0004 0.0004 0.0003 0.0003 0.0003 0.0003 0.0003 0.0002 0.0001 0.0006 0.0004 0.0004 0.0004 0.0003 0.0001 0.0003 0.0006 0.0001 0.0003 0.0004 0.0003 0.0003 0.0003 0.0002 0.0004 0.0003 0.0003 0.0003 0.0002 0.0006 0.0001 0.0004 0.0005 0.0003 0.0002 
0.0012 0.0029 0.0012 0.0006 0.0014 0.0026 0.0016 0.0032 0.0025 0.0020 0.0104 0.0024 0.0011 0.0006 0.0008 0.0006 0.0005 0.0004 0.0004 0.0003 0.0003 0.0001 0.0002 0.0002 0.0002 0.0002 0.0003 0.0003 0.0002 0.0003 0.0002 0.0003 0.0002 0.0002 0.0002 0.0005 0.0002 0.0003 0.0005 0.0003 0.0003 0.0006 0.0001 0.0002 0.0002 0.0003 0.0005 0.0005 0.0005 0.0002 0.0004 0.0003 0.0006 0.0004 0.0003 0.0003 0.0003 0.0003 0.0003 0.0004 0.0007 0.0004 0.0002 0.0006 
0.0014 0.0017 0.0012 0.0010 0.0017 0.0023 0.0011 0.0012 0.0018 0.0043 0.0100 0.0013 0.0006 0.0007 0.0005 0.0002 0.0004 0.0003 0.0002 0.0004 0.0002 0.0002 0.0004 0.0003 0.0002 0.0002 0.0004 0.0002 0.0002 0.0003 0.0004 0.0004 0.0003 0.0002 0.0002 0.0004 0.0002 0.0001 0.0003 0.0004 0.0001 0.0002 0.0003 0.0003 0.0004 0.0004 0.0004 0.0004 0.0003 0.0003 0.0004 0.0005 0.0004 0.0003 0.0005 0.0003 0.0004 0.0002 0.0004 0.0003 0.0002 0.0002 0.0003 0.0003 
0.0018 0.0013 0.0005 0.0004 0.0011 0.0030 0.0012 0.0022 0.0010 0.0022 0.0044 0.0006 0.0001 0.0004 0.0002 0.0001 0.0002 0.0001 0.0002 0.0002 0.0002 0.0003 0.0001 0.0002 0.0003 0.0002 0.0002 0.0001 0.0003 0.0001 0.0005 0.0005 0.0002 0.0002 0.0003 0.0002 0.0004 0.0002 0.0001 0.0002 0.0004 0.0001 0.0002 0.0002 0.0001 0.0003 0.0003 0.0002 0.0005 0.0004 0.0002 0.0005 0.0004 0.0003 0.0002 0.0004 0.0002 0.0001 0.0004 0.0004 0.0005 0.0001 0.0004 0.0005 
0.0022 0.0005 0.0003 0.0001 0.0003 0.0014 0.0008 0.0007 0.0016 0.0025 0.0021 0.0003 0.0003 0.0003 0.0003 0.0002 0.0002 0.0002 0.0003 0.0001 0.0001 0.0006 0.0002 0.0004 0.0002 0.0001 0.0003 0.0002 0.0003 0.0003 0.0004 0.0002 0.0002 0.0003 0.0002 0.0004 0.0001 0.0002 0.0002 0.0002 0.0003 0.0002 0.0001 0.0004 0.0003 0.0002 0.0002 0.0004 0.0003 0.0002 0.0005 0.0006 0.0004 0.0004 0.0002 0.0002 0.0002 0.0006 0.0003 0.0003 0.0003 0.0003 0.0003 0.0002 
0.0020 0.0009 0.0004 0.0002 0.0002 0.0010 0.0008 0.0004 0.0004 0.0006 0.0004 0.0003 0.0003 0.0002 0.0003 0.0001 0.0002 0.0001 0.0002 0.0002 0.0001 0.0001 0.0002 0.0002 0.0003 0.0001 0.0004 0.0004 0.0002 0.0002 0.0003 0.0002 0.0003 0.0000 0.0004 0.0004 0.0003 0.0003 0.0003 0.0002 0.0003 0.0003 0.0001 0.0004 0.0003 0.0003 0.0002 0.0005 0.0004 0.0004 0.0004 0.0001 0.0004 0.0001 0.0002 0.0002 0.0002 0.0004 0.0005 0.0002 0.0003 0.0004 0.0005 0.0002 
0.0026 0.0005 0.0003 0.0001 0.0004 0.0013 0.0006 0.0003 0.0004 0.0008 0.0006 0.0002 0.0002 0.0001 0.0003 0.0001 0.0001 0.0002 0.0002 0.0002 0.0001 0.0003 0.0002 0.0002 0.0002 0.0004 0.0002 0.0001 0.0001 0.0002 0.0003 0.0002 0.0003 0.0001 0.0003 0.0003 0.0002 0.0003 0.0002 0.0005 0.0002 0.0003 0.0003 0.0002 0.0002 0.0003 0.0008 0.0002 0.0001 0.0005 0.0005 0.0003 0.0001 0.0006 0.0006 0.0002 0.0005 0.0002 0.0003 0.0005 0.0004 0.0005 0.0003 0.0005 
0.0026 0.0006 0.0002 0.0002 0.0002 0.0009 0.0004 0.0005 0.0008 0.0006 0.0005 0.0001 0.0002 0.0002 0.0002 0.0003 0.0002 0.0001 0.0003 0.0003 0.0003 0.0004 0.0002 0.0002 0.0002 0.0003 0.0004 0.0004 0.0002 0.0002 0.0003 0.0003 0.0003 0.0003 0.0002 0.0002 0.0002 0.0003 0.0003 0.0004 0.0002 0.0001 0.0002 0.0002 0.0002 0.0003 0.0004 0.0004 0.0004 0.0005 0.0004 0.0003 0.0003 0.0004 0.0003 0.0004 0.0004 0.0002 0.0002 0.0002 0.0003 0.0004 0.0003 0.0002 
0.0026 0.0005 0.0001 0.0001 0.0002 0.0004 0.0001 0.0006 0.0007 0.0008 0.0006 0.0002 0.0002 0.0001 0.0004 0.0002 0.0001 0.0002 0.0002 0.0001 0.0001 0.0004 0.0002 0.0003 0.0002 0.0003 0.0008 0.0003 0.0002 0.0002 0.0004 0.0002 0.0002 0.0002 0.0001 0.0002 0.0002 0.0002 0.0006 0.0003 0.0005 0.0005 0.0003 0.0003 0.0004 0.0004 0.0002 0.0003 0.0004 0.0005 0.0003 0.0004 0.0004 0.0003 0.0002 0.0001 0.0003 0.0002 0.0002 0.0003 0.0002 0.0004 0.0005 0.0002 
0.0022 0.0010 0.0005 0.0002 0.0002 0.0005 0.0006 0.0005 0.0002 0.0004 0.0006 0.0003 0.0001 0.0001 0.0003 0.0003 0.0001 0.0001 0.0001 0.0001 0.0004 0.0003 0.0004 0.0001 0.0001 0.0003 0.0003 0.0003 0.0002 0.0002 0.0003 0.0003 0.0002 0.0002 0.0002 0.0002 0.0002 0.0003 0.0003 0.0002 0.0002 0.0003 0.0005 0.0002 0.0007 0.0003 0.0007 0.0002 0.0005 0.0004 0.0003 0.0003 0.0003 0.0004 0.0001 0.0002 0.0003 0.0002 0.0003 0.0003 0.0004 0.0006 0.0001 0.0003 
0.0024 0.0007 0.0004 0.0003 0.0003 0.0006 0.0005 0.0003 0.0003 0.0003 0.0002 0.0004 0.0003 0.0001 0.0002 0.0001 0.0002 0.0001 0.0001 0.0001 0.0001 0.0001 0.0001 0.0003 0.0003 0.0002 0.0002 0.0003 0.0002 0.0002 0.0002 0.0002 0.0005 0.0003 0.0003 0.0002 0.0003 0.0004 0.0002 0.0004 0.0006 0.0007 0.0004 0.0003 0.0003 0.0003 0.0005 0.0003 0.0001 0.0005 0.0003 0.0003 0.0004 0.0002 0.0005 0.0004 0.0002 0.0001 0.0007 0.0004 0.0003 0.0004 0.0003 0.0006 
0.0023 0.0010 0.0002 0.0001 0.0002 0.0002 0.0005 0.0003 0.0003 0.0001 0.0002 0.0001 0.0001 0.0001 0.0003 0.0004 0.0002 0.0002 0.0002 0.0001 0.0001 0.0003 0.0002 0.0003 0.0002 0.0002 0.0002 0.0002 0.0002 0.0002 0.0004 0.0002 0.0001 0.0004 0.0004 0.0003 0.0004 0.0002 0.0005 0.0003 0.0004 0.0003 0.0002 0.0002 0.0004 0.0002 0.0003 0.0003 0.0002 0.0001 0.0004 0.0004 0.0002 0.0003 0.0002 0.0004 0.0006 0.0002 0.0003 0.0004 0.0004 0.0003 0.0002 0.0004 
0.0015 0.0008 0.0002 0.0002 0.0003 0.0002 0.0003 0.0001 0.0004 0.0002 0.0002 0.0001 0.0001 0.0001 0.0002 0.0002 0.0002 0.0002 0.0002 0.0003 0.0002 0.0003 0.0002 0.0002 0.0001 0.0002 0.0002 0.0001 0.0003 0.0003 0.0003 0.0002 0.0003 0.0006 0.0004 0.0001 0.0003 0.0002 0.0002 0.0002 0.0003 0.0006 0.0002 0.0003 0.0004 0.0009 0.0002 0.0002 0.0003 0.0005 0.0003 0.0005 0.0004 0.0003 0.0004 0.0002 0.0003 0.0004 0.0002 0.0001 0.0006 0.0004 0.0004 0.0003 
0.0012 0.0005 0.0002 0.0001 0.0001 0.0003 0.0003 0.0001 0.0002 0.0001 0.0003 0.0002 0.0003 0.0003 0.0002 0.0003 0.0002 0.0001 0.0003 0.0002 0.0002 0.0003 0.0002 0.0002 0.0002 0.0003 0.0003 0.0001 0.0002 0.0004 0.0001 0.0002 0.0002 0.0004 0.0003 0.0003 0.0002 0.0003 0.0004 0.0003 0.0002 0.0002 0.0003 0.0002 0.0003 0.0004 0.0002 0.0002 0.0006 0.0006 0.0002 0.0006 0.0003 0.0002 0.0004 0.0004 0.0004 0.0003 0.0003 0.0002 0.0004 0.0003 0.0003 0.0002 
