0.0001 0.0001 0.0002 0.0001 0.0001 0.0000 0.0001 0.0002 0.0003 0.0002 0.0004 0.0002 0.0002 0.0002 0.0002 0.0002 0.0004 0.0002 0.0002 0.0005 0.0003 0.0001 0.0002 0.0002 0.0002 0.0004 0.0002 0.0001 0.0002 0.0002 0.0004 0.0006 0.0003 0.0004 0.0002 0.0001 0.0008 0.0009 0.0005 0.0004 0.0006 0.0006 0.0004 0.0004 0.0004 0.0002 0.0002 0.0004 0.0005 0.0004 0.0004 0.0001 0.0004 0.0003 0.0003 0.0006 0.0002 0.0003 0.0001 0.0003 0.0003 0.0002 0.0004 0.0002 
0.0001 0.0001 0.0002 0.0002 0.0004 0.0003 0.0002 0.0002 0.0002 0.0003 0.0003 0.0002 0.0001 0.0001 0.0003 0.0003 0.0004 0.0002 0.0002 0.0002 0.0005 0.0002 0.0002 0.0002 0.0002 0.0002 0.0003 0.0004 0.0004 0.0002 0.0003 0.0002 0.0004 0.0004 0.0002 0.0002 0.0006 0.0006 0.0003 0.0003 0.0006 0.0004 0.0003 0.0001 0.0001 0.0004 0.0005 0.0001 0.0001 0.0004 0.0003 0.0006 0.0005 0.0004 0.0005 0.0003 0.0002 0.0003 0.0003 0.0003 0.0002 0.0002 0.0004 0.0005 
0.0003 0.0001 0.0001 0.0001 0.0001 0.0002 0.0002 0.0002 0.0002 0.0003 0.0003 0.0001 0.0001 0.0002 0.0003 0.0002 0.0007 0.0002 0.0003 0.0001 0.0003 0.0003 0.0003 0.0003 0.0003 0.0003 0.0003 0.0004 0.0003 0.0003 0.0003 0.0002 0.0002 0.0003 0.0004 0.0002 0.0003 0.0002 0.0002 0.0006 0.0004 0.0005 0.0006 0.0003 0.0003 0.0007 0.0004 0.0003 0.0003 0.0004 0.0005 0.0003 0.0007 0.0004 0.0003 0.0002 0.0004 0.0003 0.0003 0.0002 0.0003 0.0004 0.0003 0.0004 
0.0002 0.0001 0.0002 0.0002 0.0002 0.0001 0.0001 0.0001 0.0002 0.0005 0.0003 0.0001 0.0002 0.0003 0.0002 0.0003 0.0004 0.0003 0.0002 0.0002 0.0004 0.0001 0.0002 0.0001 0.0004 0.0007 0.0004 0.0003 0.0003 0.0001 0.0008 0.0004 0.0004 0.0003 0.0002 0.0004 0.0002 0.0006 0.0004 0.0005 0.0004 0.0002 0.0006 0.0008 0.0006 0.0001 0.0004 0.0004 0.0005 0.0004 0.0005 0.0003 0.0004 0.0005 0.0002 0.0001 0.0003 0.0003 0.0005 0.0005 0.0001 0.0003 0.0004 0.0003 
0.0001 0.0003 0.0001 0.0001 0.0001 0.0002 0.0003 0.0002 0.0002 0.0004 0.0002 0.0002 0.0001 0.0002 0.0002 0.0001 0.0002 0.0003 0.0001 0.0004 0.0002 0.0004 0.0003 0.0002 0.0003 0.0006 0.0002 0.0004 0.0003 0.0002 0.0004 0.0003 0.0002 0.0002 0.0005 0.0002 0.0001 0.0005 0.0003 0.0003 0.0003 0.0004 0.0005 0.0003 0.0004 0.0003 0.0005 0.0004 0.0008 0.0003 0.0003 0.0004 0.0003 0.0004 0.0004 0.0004 0.0002 0.0004 0.0002 0.0003 0.0001 0.0004 0.0003 0.0003 
0.0002 0.0001 0.0000 0.0001 0.0002 0.0002 0.0001 0.0003 0.0001 0.0001 0.0004 0.0003 0.0001 0.0002 0.0002 0.0005 0.0001 0.0004 0.0003 0.0002 0.0005 0.0001 0.0003 0.0001 0.0001 0.0001 0.0002 0.0002 0.0001 0.0003 0.0003 0.0004 0.0003 0.0002 0.0008 0.0003 0.0004 0.0003 0.0001 0.0008 0.0006 0.0004 0.0002 0.0004 0.0005 0.0003 0.0003 0.0003 0.0005 0.0004 0.0005 0.0007 0.0002 0.0004 0.0003 0.0005 0.0003 0.0003 0.0002 0.0003 0.0002 0.0002 0.0002 0.0002 
0.0001 0.0001 0.0002 0.0001 0.0002 0.0001 0.0002 0.0002 0.0002 0.0003 0.0004 0.0002 0.0002 0.0002 0.0002 0.0003 0.0003 0.0003 0.0002 0.0002 0.0002 0.0003 0.0002 0.0001 0.0001 0.0001 0.0002 0.0004 0.0003 0.0003 0.0003 0.0006 0.0002 0.0003 0.0003 0.0004 0.0005 0.0002 0.0003 0.0004 0.0005 0.0003 0.0004 0.0005 0.0003 0.0004 0.0010 0.0001 0.0003 0.0006 0.0009 0.0004 0.0004 0.0004 0.0003 0.0003 0.0004 0.0003 0.0005 0.0003 0.0004 0.0002 0.0005 0.0002 
0.0002 0.0001 0.0001 0.0003 0.0003 0.0001 0.0001 0.0001 0.0004 0.0001 0.0002 0.0001 0.0001 0.0002 0.0003 0.0001 0.0002 0.0002 0.0004 0.0002 0.0003 0.0001 0.0003 0.0002 0.0003 0.0002 0.0003 0.0001 0.0004 0.0002 0.0004 0.0005 0.0002 0.0002 0.0003 0.0003 0.0004 0.0007 0.0005 0.0003 0.0006 0.0003 0.0002 0.0003 0.0004 0.0006 0.0005 0.0003 0.0003 0.0004 0.0006 0.0003 0.0004 0.0002 0.0006 0.0003 0.0003 0.0002 0.0002 0.0005 0.0003 0.0003 0.0002 0.0003 
0.0001 0.0004 0.0002 0.0003 0.0003 0.0001 0.0003 0.0001 0.0003 0.0003 0.0002 0.0001 0.0001 0.0003 0.0001 0.0002 0.0002 0.0003 0.0003 0.0003 0.0001 0.0002 0.0003 0.0003 0.0003 0.0003 0.0003 0.0002 0.0002 0.0003 0.0002 0.0003 0.0004 0.0004 0.0003 0.0003 0.0002 0.0003 0.0005 0.0002 0.0003 0.0004 0.0003 0.0003 0.0004 0.0005 0.0006 0.0003 0.0005 0.0005 0.0005 0.0003 0.0004 0.0004 0.0003 0.0005 0.0006 0.0003 0.0002 0.0002 0.0003 0.0003 0.0004 0.0003 
0.0001 0.0007 0.0002 0.0003 0.0002 0.0002 0.0003 0.0003 0.0003 0.0003 0.0006 0.0003 0.0003 0.0002 0.0002 0.0001 0.0002 0.0003 0.0002 0.0002 0.0002 0.0003 0.0003 0.0005 0.0002 0.0001 0.0004 0.0003 0.0002 0.0001 0.0002 0.0006 0.0002 0.0003 0.0004 0.0003 0.0003 0.0004 0.0002 0.0004 0.0002 0.0003 0.0001 0.0003 0.0004 0.0003 0.0003 0.0001 0.0002 0.0002 0.0004 0.0005 0.0004 0.0004 0.0004 0.0004 0.0005 0.0005 0.0003 0.0002 0.0003 0.0004 0.0002 0.0003 
0.0003 0.0006 0.0002 0.0002 0.0001 0.0004 0.0004 0.0002 0.0002 0.0002 0.0003 0.0002 0.0001 0.0004 0.0002 0.0002 0.0002 0.0002 0.0004 0.0005 0.0005 0.0004 0.0005 0.0004 0.0003 0.0005 0.0002 0.0003 0.0002 0.0002 0.0003 0.0005 0.0001 0.0003 0.0002 0.0002 0.0004 0.0003 0.0003 0.0003 0.0006 0.0002 0.0002 0.0004 0.0004 0.0002 0.0002 0.0005 0.0003 0.0003 0.0004 0.0006 0.0004 0.0005 0.0004 0.0003 0.0005 0.0002 0.0005 0.0004 0.0001 0.0004 0.0004 0.0003 
0.0002 0.0005 0.0002 0.0001 0.0002 0.0002 0.0003 0.0001 0.0002 0.0002 0.0002 0.0001 0.0002 0.0002 0.0002 0.0003 0.0002 0.0002 0.0002 0.0003 0.0002 0.0002 0.0005 0.0003 0.0003 0.0001 0.0003 0.0005 0.0003 0.0002 0.0003 0.0003 0.0005 0.0002 0.0002 0.0005 0.0002 0.0001 0.0003 0.0003 0.0004 0.0004 0.0002 0.0005 0.0002 0.0002 0.0003 0.0002 0.0004 0.0004 0.0003 0.0004 0.0005 0.0008 0.0002 0.0004 0.0003 0.0002 0.0002 0.0004 0.0002 0.0003 0.0001 0.0004 
0.0003 0.0006 0.0002 0.0002 0.0002 0.0002 0.0002 0.0003 0.0002 0.0004 0.0002 0.0002 0.0002 0.0001 0.0002 0.0003 0.0002 0.0005 0.0002 0.0001 0.0002 0.0002 0.0003 0.0005 0.0002 0.0002 0.0002 0.0005 0.0003 0.0003 0.0002 0.0002 0.0001 0.0003 0.0002 0.0005 0.0002 0.0005 0.0005 0.0004 0.0002 0.0003 0.0003 0.0003 0.0003 0.0003 0.0001 0.0004 0.0004 0.0004 0.0005 0.0004 0.0004 0.0004 0.0002 0.0005 0.0004 0.0004 0.0004 0.0002 0.0003 0.0004 0.0001 0.0003 
0.0002 0.0011 0.0002 0.0002 0.0001 0.0002 0.0001 0.0002 0.0002 0.0001 0.0001 0.0001 0.0002 0.0002 0.0003 0.0002 0.0004 0.0003 0.0002 0.0001 0.0003 0.0002 0.0002 0.0004 0.0002 0.0003 0.0002 0.0006 0.0005 0.0002 0.0003 0.0003 0.0003 0.0002 0.0003 0.0003 0.0002 0.0004 0.0003 0.0002 0.0004 0.0002 0.0004 0.0005 0.0005 0.0002 0.0005 0.0003 0.0003 0.0005 0.0002 0.0005 0.0004 0.0002 0.0002 0.0002 0.0004 0.0002 0.0004 0.0003 0.0002 0.0004 0.0003 0.0003 
0.0003 0.0005 0.0001 0.0001 0.0001 0.0001 0.0001 0.0001 0.0004 0.0003 0.0002 0.0000 0.0001 0.0001 0.0001 0.0001 0.0003 0.0003 0.0003 0.0005 0.0004 0.0003 0.0002 0.0004 0.0004 0.0002 0.0003 0.0005 0.0003 0.0005 0.0003 0.0003 0.0005 0.0005 0.0003 0.0004 0.0004 0.0006 0.0003 0.0003 0.0004 0.0005 0.0003 0.0002 0.0003 0.0004 0.0005 0.0001 0.0003 0.0005 0.0007 0.0005 0.0004 0.0004 0.0003 0.0002 0.0003 0.0003 0.0003 0.0003 0.0002 0.0003 0.0004 0.0004 
0.0002 0.0005 0.0002 0.0003 0.0001 0.0002 0.0002 0.0003 0.0002 0.0002 0.0001 0.0005 0.0002 0.0001 0.0002 0.0001 0.0002 0.0001 0.0002 0.0004 0.0002 0.0003 0.0001 0.0006 0.0003 0.0003 0.0003 0.0003 0.0002 0.0004 0.0002 0.0004 0.0004 0.0004 0.0003 0.0003 0.0003 0.0004 0.0003 0.0003 0.0005 0.0004 0.0002 0.0003 0.0003 0.0003 0.0003 0.0005 0.0003 0.0004 0.0006 0.0002 0.0004 0.0004 0.0004 0.0003 0.0003 0.0005 0.0002 0.0002 0.0003 0.0006 0.0004 0.0004 
0.0005 0.0006 0.0003 0.0002 0.0002 0.0003 0.0001 0.0001 0.0003 0.0002 0.0002 0.0001 0.0003 0.0001 0.0002 0.0004 0.0003 0.0002 0.0005 0.0003 0.0002 0.0002 0.0003 0.0002 0.0003 0.0003 0.0002 0.0002 0.0003 0.0002 0.0002 0.0002 0.0003 0.0004 0.0004 0.0005 0.0004 0.0002 0.0002 0.0004 0.0004 0.0004 0.0002 0.0005 0.0002 0.0003 0.0003 0.0004 0.0003 0.0003 0.0003 0.0006 0.0002 0.0002 0.0005 0.0005 0.0003 0.0004 0.0003 0.0004 0.0002 0.0004 0.0004 0.0003 
0.0010 0.0014 0.0005 0.0003 0.0004 0.0002 0.0001 0.0002 0.0001 0.0001 0.0003 0.0003 0.0004 0.0002 0.0001 0.0002 0.0003 0.0002 0.0004 0.0003 0.0003 0.0003 0.0002 0.0003 0.0002 0.0003 0.0002 0.0003 0.0002 0.0004 0.0004 0.0004 0.0002 0.0001 0.0002 0.0003 0.0003 0.0006 0.0006 0.0003 0.0004 0.0005 0.0002 0.0001 0.0003 0.0005 0.0003 0.0001 0.0004 0.0004 0.0004 0.0002 0.0006 0.0002 0.0005 0.0004 0.0001 0.0001 0.0004 0.0006 0.0002 0.0005 0.0004 0.0004 
0.0035 0.0070 0.0032 0.0024 0.0010 0.0006 0.0004 0.0003 0.0002 0.0004 0.0003 0.0003 0.0002 0.0001 0.0002 0.0002 0.0002 0.0002 0.0003 0.0005 0.0006 0.0002 0.0004 0.0003 0.0001 0.0003 0.0003 0.0003 0.0002 0.0003 0.0003 0.0003 0.0003 0.0002 0.0003 0.0004 0.0005 0.0004 0.0002 0.0004 0.0001 0.0003 0.0002 0.0001 0.0003 0.0004 0.0003 0.0004 0.0002 0.0006 0.0003 0.0003 0.0004 0.0002 0.0002 0.0004 0.0003 0.0003 0.0003 0.0005 0.0001 0.0003 0.0005 0.0003 
0.0012 0.0251 0.0260 0.0146 0.0065 0.0018 0.0010 0.0008 0.0010 0.0006 0.0003 0.0006 0.0008 0.0007 0.0013 0.0010 0.0007 0.0003 0.0003 0.0007 0.0012 0.0016 0.0022 0.0003 0.0006 0.0010 0.0007 0.0010 0.0006 0.0010 0.0002 0.0007 0.0004 0.0005 0.0006 0.0007 0.0009 0.0006 0.0004 0.0005 0.0002 0.0004 0.0001 0.0003 0.0003 0.0007 0.0005 0.0005 0.0001 0.0003 0.0006 0.0004 0.0001 0.0002 0.0002 0.0001 0.0003 0.0002 0.0004 0.0002 0.0001 0.0002 0.0002 0.0002 
0.0079 0.0484 0.0497 0.0131 0.0104 0.0044 0.0017 0.0027 0.0020 0.0019 0.0011 0.0028 0.0066 0.0028 0.0064 0.0053 0.0022 0.0011 0.0009 0.0010 0.0031 0.0068 0.0111 0.0076 0.0103 0.0112 0.0157 0.0079 0.0038 0.0031 0.0017 0.0041 0.0015 0.0009 0.0017 0.0013 0.0023 0.0006 0.0002 0.0008 0.0007 0.0007 0.0010 0.0008 0.0008 0.0005 0.0009 0.0006 0.0004 0.0005 0.0008 0.0003 0.0006 0.0004 0.0005 0.0008 0.0003 0.0009 0.0007 0.0006 0.0005 0.0004 0.0005 0.0004 
0.0231 0.0383 0.0263 0.0129 0.0117 0.0032 0.0025 0.0042 0.0031 0.0024 0.0015 0.0031 0.0037 0.0012 0.0048 0.0026 0.0018 0.0015 0.0014 0.0009 0.0015 0.0078 0.0096 0.0028 0.0024 0.0017 0.0026 0.0016 0.0024 0.0010 0.0018 0.0004 0.0012 0.0011 0.0015 0.0007 0.0008 0.0007 0.0009 0.0012 0.0013 0.0004 0.0004 0.0007 0.0005 0.0007 0.0005 0.0008 0.0007 0.0007 0.0009 0.0006 0.0014 0.0009 0.0008 0.0007 0.0006 0.0006 0.0009 0.0006 0.0006 0.0006 0.0008 0.0005 
0.0113 0.0497 0.0500 0.0192 0.0093 0.0077 0.0044 0.0046 0.0019 0.0021 0.0038 0.0040 0.0022 0.0031 0.0050 0.0030 0.0020 0.0017 0.0014 0.0011 0.0032 0.0134 0.0073 0.0032 0.0020 0.0029 0.0038 0.0030 0.0030 0.0029 0.0019 0.0021 0.0019 0.0013 0.0006 0.0005 0.0010 0.0011 0.0002 0.0004 0.0008 0.0006 0.0003 0.0002 0.0002 0.0002 0.0004 0.0005 0.0005 0.0008 0.0005 0.0006 0.0008 0.0006 0.0003 0.0004 0.0005 0.0004 0.0004 0.0005 0.0003 0.0005 0.0002 0.0004 
0.0043 0.0443 0.0470 0.0597 0.0154 0.0045 0.0063 0.0047 0.0113 0.0163 0.0084 0.0268 0.0470 0.0297 0.0218 0.0329 0.0226 0.0143 0.0053 0.0105 0.0193 0.0811 0.0590 0.0398 0.0515 0.0408 0.0334 0.0395 0.0212 0.0161 0.0104 0.0188 0.0039 0.0101 0.0120 0.0045 0.0042 0.0035 0.0029 0.0016 0.0094 0.0064 0.0024 0.0030 0.0014 0.0014 0.0008 0.0020 0.0014 0.0019 0.0039 0.0029 0.0098 0.0070 0.0036 0.0014 0.0009 0.0010 0.0005 0.0001 0.0004 0.0002 0.0004 0.0004 
0.0083 0.0278 0.0665 0.0910 0.0300 0.0175 0.0062 0.0133 0.0329 0.0238 0.0305 0.0628 0.0813 0.0478 0.0668 0.0448 0.0134 0.0212 0.0186 0.0113 0.0255 0.0659 0.0745 0.0498 0.0680 0.0463 0.1026 0.0641 0.0402 0.0370 0.0169 0.0321 0.0093 0.0124 0.0112 0.0195 0.0198 0.0069 0.0112 0.0114 0.0292 0.0222 0.0075 0.0092 0.0089 0.0040 0.0010 0.0053 0.0035 0.0070 0.0104 0.0031 0.0122 0.0141 0.0102 0.0081 0.0025 0.0020 0.0007 0.0003 0.0004 0.0004 0.0004 0.0004 
0.0123 0.0440 0.0737 0.0848 0.0610 0.0371 0.0141 0.0267 0.0502 0.0325 0.0310 0.0705 0.0705 0.0702 0.0315 0.0396 0.0266 0.0249 0.0126 0.0110 0.0118 0.0382 0.0245 0.0214 0.0547 0.0693 0.0571 0.0502 0.0343 0.0280 0.0214 0.0327 0.0141 0.0099 0.0054 0.0065 0.0163 0.0109 0.0076 0.0077 0.0107 0.0091 0.0061 0.0052 0.0029 0.0050 0.0017 0.0067 0.0046 0.0095 0.0127 0.0075 0.0108 0.0092 0.0097 0.0080 0.0024 0.0015 0.0008 0.0008 0.0007 0.0010 0.0005 0.0009 
0.0062 0.0473 0.0701 0.0636 0.0283 0.0285 0.0259 0.0264 0.0386 0.0287 0.0319 0.0724 0.0451 0.0290 0.0466 0.0399 0.0319 0.0308 0.0159 0.0191 0.0648 0.0124 0.0344 0.0242 0.0393 0.0216 0.0512 0.0416 0.0224 0.0161 0.0240 0.0145 0.0139 0.0112 0.0141 0.0087 0.0139 0.0073 0.0070 0.0029 0.0051 0.0060 0.0022 0.0065 0.0051 0.0022 0.0027 0.0054 0.0022 0.0017 0.0031 0.0043 0.0010 0.0046 0.0010 0.0023 0.0017 0.0004 0.0011 0.0007 0.0005 0.0005 0.0006 0.0006 
0.0178 0.0345 0.0374 0.0833 0.0749 0.0393 0.0254 0.0235 0.0516 0.0351 0.0647 0.0762 0.0393 0.0363 0.0325 0.0378 0.0194 0.0222 0.0078 0.0212 0.0277 0.0588 0.0329 0.0253 0.0270 0.0319 0.0588 0.0310 0.0570 0.0319 0.0149 0.0272 0.0137 0.0080 0.0055 0.0036 0.0087 0.0109 0.0043 0.0027 0.0033 0.0042 0.0024 0.0032 0.0015 0.0008 0.0011 0.0019 0.0009 0.0028 0.0033 0.0036 0.0004 0.0024 0.0017 0.0023 0.0015 0.0006 0.0009 0.0008 0.0004 0.0005 0.0006 0.0006 
0.0106 0.0438 0.0512 0.1751 0.1473 0.0742 0.0190 0.0388 0.0954 0.0904 0.1168 0.0882 0.0566 0.0179 0.0465 0.0399 0.0296 0.0299 0.0163 0.0305 0.0863 0.1034 0.0568 0.0502 0.0528 0.0484 0.0752 0.0635 0.0438 0.0554 0.0422 0.0485 0.0149 0.0163 0.0128 0.0073 0.0186 0.0045 0.0026 0.0027 0.0012 0.0011 0.0015 0.0026 0.0019 0.0018 0.0013 0.0019 0.0015 0.0034 0.0028 0.0018 0.0011 0.0021 0.0019 0.0005 0.0015 0.0012 0.0016 0.0013 0.0015 0.0013 0.0013 0.0014 
0.0223 0.0413 0.0459 0.2245 0.2778 0.1612 0.0570 0.0693 0.1495 0.1926 0.1315 0.0902 0.0827 0.0432 0.0717 0.0597 0.0397 0.0262 0.0289 0.0197 0.0528 0.1614 0.1171 0.1018 0.0911 0.0745 0.1731 0.1269 0.1132 0.0790 0.0525 0.0590 0.0182 0.0210 0.0131 0.0040 0.0261 0.0109 0.0038 0.0051 0.0045 0.0045 0.0034 0.0036 0.0046 0.0030 0.0034 0.0028 0.0028 0.0026 0.0039 0.0032 0.0034 0.0031 0.0029 0.0034 0.0028 0.0027 0.0027 0.0028 0.0032 0.0027 0.0030 0.0027 
0.0063 0.0563 0.0750 0.1684 0.3053 0.3282 0.0987 0.0983 0.2079 0.3151 0.0951 0.1090 0.1195 0.0417 0.0770 0.0559 0.0481 0.0421 0.0262 0.0177 0.0883 0.2901 0.1563 0.0966 0.1118 0.0944 0.1705 0.1975 0.1325 0.1401 0.0945 0.0846 0.0246 0.0211 0.0151 0.0208 0.0132 0.0120 0.0062 0.0009 0.0012 0.0010 0.0007 0.0011 0.0008 0.0009 0.0009 0.0007 0.0014 0.0006 0.0023 0.0015 0.0015 0.0009 0.0011 0.0015 0.0009 0.0009 0.0011 0.0012 0.0014 0.0008 0.0009 0.0010 
0.0173 0.0673 0.1004 0.1391 0.2860 0.4236 0.1783 0.1657 0.2742 0.4057 0.1381 0.1265 0.1205 0.0758 0.0733 0.0787 0.0270 0.0505 0.0467 0.0552 0.0926 0.4653 0.2111 0.1435 0.1421 0.1102 0.1407 0.1593 0.1434 0.1841 0.1246 0.1211 0.0467 0.0398 0.0176 0.0184 0.0199 0.0187 0.0099 0.0030 0.0033 0.0019 0.0021 0.0026 0.0035 0.0017 0.0015 0.0009 0.0018 0.0009 0.0016 0.0008 0.0008 0.0005 0.0004 0.0006 0.0007 0.0006 0.0007 0.0003 0.0003 0.0006 0.0003 0.0005 
0.0321 0.0518 0.1285 0.0898 0.3213 0.3650 0.3095 0.1613 0.3032 0.3744 0.2371 0.1082 0.1364 0.0625 0.1006 0.0656 0.0380 0.0527 0.0388 0.0345 0.1484 0.4910 0.2133 0.1568 0.1369 0.1202 0.1050 0.1240 0.1633 0.1809 0.1683 0.1107 0.0731 0.0441 0.0340 0.0174 0.0376 0.0179 0.0051 0.0090 0.0072 0.0092 0.0070 0.0085 0.0061 0.0061 0.0055 0.0057 0.0067 0.0044 0.0067 0.0041 0.0067 0.0054 0.0056 0.0064 0.0049 0.0062 0.0047 0.0059 0.0049 0.0051 0.0050 0.0051 
0.0376 0.0512 0.0926 0.0870 0.3435 0.3071 0.2970 0.0913 0.2313 0.3884 0.1556 0.1501 0.1376 0.0648 0.1025 0.0706 0.0578 0.0454 0.0298 0.0439 0.0850 0.4015 0.2134 0.1933 0.1556 0.1853 0.1492 0.1855 0.2196 0.1433 0.1085 0.0870 0.0376 0.0360 0.0351 0.0291 0.0122 0.0133 0.0073 0.0029 0.0028 0.0012 0.0012 0.0008 0.0024 0.0013 0.0013 0.0010 0.0012 0.0012 0.0006 0.0011 0.0007 0.0004 0.0005 0.0004 0.0004 0.0005 0.0003 0.0003 0.0003 0.0004 0.0005 0.0002 
0.0306 0.0798 0.0364 0.1107 0.3174 0.2136 0.2058 0.1233 0.1559 0.3147 0.1073 0.1377 0.1669 0.0511 0.0970 0.0758 0.0689 0.0651 0.0358 0.0480 0.0856 0.1074 0.3400 0.2048 0.1346 0.1087 0.1499 0.1536 0.2335 0.1315 0.0995 0.0847 0.0393 0.0247 0.0368 0.0240 0.0453 0.0165 0.0058 0.0041 0.0038 0.0039 0.0035 0.0037 0.0043 0.0044 0.0045 0.0043 0.0038 0.0037 0.0042 0.0038 0.0039 0.0038 0.0039 0.0040 0.0039 0.0038 0.0038 0.0037 0.0038 0.0039 0.0038 0.0040 
0.0313 0.0299 0.0687 0.0795 0.1968 0.1972 0.0490 0.0667 0.1801 0.2665 0.2760 0.2382 0.1157 0.0858 0.0879 0.0819 0.0412 0.0304 0.0337 0.0524 0.0668 0.1727 0.2376 0.1486 0.1307 0.1051 0.1652 0.0871 0.0914 0.1375 0.0439 0.0947 0.0629 0.0433 0.0200 0.0379 0.0278 0.0168 0.0044 0.0035 0.0033 0.0037 0.0038 0.0040 0.0043 0.0041 0.0036 0.0039 0.0031 0.0029 0.0037 0.0033 0.0030 0.0031 0.0031 0.0031 0.0032 0.0033 0.0034 0.0033 0.0030 0.0034 0.0034 0.0030 
0.0143 0.0517 0.0295 0.0325 0.0849 0.2219 0.1354 0.1018 0.1347 0.3379 0.2166 0.1658 0.0564 0.0581 0.0567 0.0551 0.0270 0.0289 0.0176 0.0347 0.0613 0.1080 0.1453 0.1234 0.1067 0.0634 0.1059 0.0608 0.1625 0.0934 0.0488 0.0693 0.0311 0.0172 0.0149 0.0275 0.0249 0.0333 0.0068 0.0099 0.0098 0.0092 0.0095 0.0093 0.0099 0.0085 0.0086 0.0083 0.0084 0.0083 0.0075 0.0077 0.0079 0.0075 0.0074 0.0076 0.0074 0.0076 0.0075 0.0072 0.0073 0.0074 0.0070 0.0075 
0.0109 0.0480 0.0589 0.0416 0.0661 0.1591 0.1194 0.0766 0.1638 0.2367 0.2582 0.1274 0.0998 0.0364 0.0533 0.0511 0.0293 0.0181 0.0128 0.0287 0.0168 0.0686 0.0885 0.0571 0.0744 0.0280 0.0570 0.0431 0.0673 0.0489 0.0202 0.0289 0.0135 0.0136 0.0077 0.0194 0.0086 0.0205 0.0097 0.0042 0.0040 0.0041 0.0036 0.0041 0.0034 0.0038 0.0035 0.0033 0.0037 0.0040 0.0032 0.0029 0.0035 0.0034 0.0034 0.0034 0.0033 0.0038 0.0034 0.0036 0.0034 0.0032 0.0032 0.0033 
0.0083 0.0484 0.0395 0.0335 0.0611 0.0498 0.0499 0.0539 0.0426 0.1172 0.0392 0.0433 0.0317 0.0070 0.0213 0.0123 0.0135 0.0105 0.0117 0.0191 0.0283 0.0194 0.0180 0.0183 0.0249 0.0101 0.0292 0.0401 0.0347 0.0318 0.0266 0.0169 0.0082 0.0046 0.0062 0.0141 0.0193 0.0117 0.0091 0.0036 0.0031 0.0025 0.0021 0.0023 0.0021 0.0018 0.0024 0.0017 0.0020 0.0020 0.0016 0.0020 0.0017 0.0019 0.0017 0.0019 0.0015 0.0016 0.0017 0.0014 0.0015 0.0017 0.0014 0.0020 
0.0078 0.0426 0.0174 0.0223 0.0224 0.0372 0.0580 0.0408 0.0283 0.0594 0.0275 0.0388 0.0217 0.0124 0.0179 0.0136 0.0134 0.0067 0.0066 0.0134 0.0130 0.0285 0.0399 0.0146 0.0078 0.0193 0.0125 0.0065 0.0179 0.0075 0.0122 0.0063 0.0047 0.0031 0.0082 0.0117 0.0075 0.0033 0.0020 0.0017 0.0014 0.0013 0.0011 0.0010 0.0014 0.0012 0.0008 0.0011 0.0006 0.0007 0.0016 0.0008 0.0009 0.0008 0.0012 0.0006 0.0010 0.0010 0.0010 0.0008 0.0007 0.0011 0.0007 0.0007 
0.0112 0.0354 0.0191 0.0157 0.0085 0.0583 0.0623 0.0218 0.0228 0.0167 0.0186 0.0242 0.0059 0.0053 0.0070 0.0036 0.0041 0.0030 0.0058 0.0082 0.0076 0.0101 0.0183 0.0045 0.0086 0.0084 0.0086 0.0070 0.0203 0.0124 0.0069 0.0028 0.0025 0.0023 0.0034 0.0041 0.0022 0.0036 0.0031 0.0010 0.0006 0.0003 0.0006 0.0004 0.0005 0.0006 0.0002 0.0004 0.0004 0.0003 0.0009 0.0006 0.0006 0.0003 0.0002 0.0003 0.0004 0.0002 0.0004 0.0004 0.0002 0.0003 0.0002 0.0003 
0.0060 0.0281 0.0161 0.0110 0.0213 0.0627 0.0337 0.0131 0.0155 0.0211 0.0116 0.0240 0.0060 0.0037 0.0038 0.0031 0.0040 0.0046 0.0024 0.0031 0.0016 0.0127 0.0046 0.0059 0.0027 0.0029 0.0059 0.0026 0.0113 0.0066 0.0035 0.0029 0.0035 0.0020 0.0042 0.0021 0.0031 0.0029 0.0010 0.0005 0.0003 0.0004 0.0004 0.0010 0.0005 0.0004 0.0003 0.0003 0.0005 0.0006 0.0006 0.0003 0.0003 0.0002 0.0004 0.0003 0.0004 0.0003 0.0002 0.0003 0.0003 0.0003 0.0007 0.0002 
0.0053 0.0288 0.0049 0.0081 0.0124 0.0463 0.0248 0.0042 0.0103 0.0246 0.0141 0.0112 0.0090 0.0026 0.0032 0.0020 0.0022 0.0012 0.0027 0.0014 0.0016 0.0029 0.0054 0.0021 0.0034 0.0011 0.0025 0.0073 0.0087 0.0058 0.0008 0.0013 0.0009 0.0004 0.0008 0.0012 0.0012 0.0008 0.0008 0.0001 0.0003 0.0004 0.0007 0.0006 0.0002 0.0004 0.0004 0.0002 0.0002 0.0002 0.0009 0.0005 0.0002 0.0004 0.0002 0.0002 0.0002 0.0004 0.0004 0.0003 0.0003 0.0002 0.0004 0.0005 
0.0015 0.0287 0.0051 0.0062 0.0108 0.0263 0.0125 0.0032 0.0018 0.0214 0.0062 0.0090 0.0074 0.0024 0.0021 0.0018 0.0019 0.0020 0.0032 0.0005 0.0013 0.0053 0.0039 0.0016 0.0017 0.0006 0.0043 0.0036 0.0018 0.0024 0.0007 0.0009 0.0005 0.0004 0.0007 0.0010 0.0007 0.0007 0.0003 0.0004 0.0003 0.0003 0.0009 0.0007 0.0004 0.0003 0.0003 0.0005 0.0003 0.0005 0.0002 0.0004 0.0006 0.0004 0.0005 0.0003 0.0004 0.0006 0.0004 0.0003 0.0003 0.0003 0.0005 0.0005 
0.0044 0.0237 0.0018 0.0041 0.0039 0.0050 0.0084 0.0063 0.0063 0.0175 0.0091 0.0034 0.0070 0.0030 0.0013 0.0007 0.0011 0.0006 0.0020 0.0008 0.0014 0.0034 0.0025 0.0021 0.0016 0.0009 0.0018 0.0016 0.0016 0.0007 0.0006 0.0009 0.0006 0.0004 0.0005 0.0007 0.0003 0.0003 0.0004 0.0002 0.0006 0.0005 0.0008 0.0004 0.0002 0.0006 0.0004 0.0004 0.0006 0.0004 0.0004 0.0006 0.0004 0.0008 0.0004 0.0003 0.0004 0.0003 0.0002 0.0003 0.0003 0.0003 0.0006 0.0003 
0.0038 0.0158 0.0012 0.0028 0.0028 0.0034 0.0073 0.0097 0.0035 0.0107 0.0058 0.0029 0.0038 0.0020 0.0013 0.0014 0.0010 0.0009 0.0006 0.0008 0.0002 0.0018 0.0009 0.0012 0.0009 0.0002 0.0009 0.0014 0.0008 0.0008 0.0003 0.0006 0.0002 0.0002 0.0004 0.0002 0.0002 0.0007 0.0008 0.0002 0.0008 0.0005 0.0007 0.0006 0.0003 0.0005 0.0007 0.0003 0.0005 0.0004 0.0004 0.0003 0.0007 0.0005 0.0004 0.0005 0.0005 0.0003 0.0005 0.0004 0.0002 0.0003 0.0004 0.0005 
0.0030 0.0128 0.0018 0.0036 0.0031 0.0057 0.0072 0.0064 0.0040 0.0112 0.0055 0.0014 0.0032 0.0008 0.0005 0.0011 0.0002 0.0002 0.0006 0.0007 0.0004 0.0008 0.0010 0.0012 0.0006 0.0006 0.0006 0.0007 0.0005 0.0005 0.0001 0.0003 0.0005 0.0003 0.0004 0.0002 0.0005 0.0004 0.0004 0.0002 0.0003 0.0002 0.0006 0.0003 0.0003 0.0003 0.0004 0.0001 0.0005 0.0004 0.0003 0.0001 0.0003 0.0004 0.0002 0.0002 0.0003 0.0005 0.0002 0.0005 0.0004 0.0004 0.0002 0.0007 
0.0019 0.0113 0.0024 0.0012 0.0060 0.0117 0.0105 0.0053 0.0021 0.0080 0.0029 0.0017 0.0027 0.0004 0.0004 0.0004 0.0003 0.0005 0.0006 0.0002 0.0003 0.0006 0.0004 0.0005 0.0004 0.0005 0.0001 0.0010 0.0013 0.0003 0.0001 0.0003 0.0001 0.0001 0.0002 0.0002 0.0004 0.0003 0.0002 0.0002 0.0003 0.0001 0.0004 0.0005 0.0003 0.0005 0.0003 0.0002 0.0007 0.0005 0.0004 0.0005 0.0004 0.0002 0.0001 0.0003 0.0001 0.0005 0.0002 0.0001 0.0003 0.0004 0.0004 0.0003 
0.0027 0.0116 0.0006 0.0015 0.0051 0.0084 0.0097 0.0011 0.0016 0.0038 0.0034 0.0011 0.0006 0.0002 0.0004 0.0002 0.0003 0.0004 0.0003 0.0003 0.0004 0.0005 0.0003 0.0005 0.0002 0.0004 0.0003 0.0004 0.0007 0.0004 0.0003 0.0002 0.0004 0.0003 0.0002 0.0001 0.0006 0.0004 0.0004 0.0003 0.0002 0.0005 0.0005 0.0002 0.0003 0.0007 0.0002 0.0003 0.0005 0.0002 0.0003 0.0004 0.0003 0.0001 0.0002 0.0004 0.0003 0.0002 0.0002 0.0001 0.0004 0.0003 0.0003 0.0003 
0.0006 0.0101 0.0014 0.0011 0.0029 0.0073 0.0041 0.0007 0.0001 0.0036 0.0021 0.0012 0.0010 0.0006 0.0003 0.0003 0.0005 0.0003 0.0003 0.0005 0.0003 0.0007 0.0002 0.0004 0.0002 0.0002 0.0004 0.0003 0.0005 0.0002 0.0003 0.0002 0.0002 0.0005 0.0002 0.0003 0.0002 0.0003 0.0004 0.0003 0.0004 0.0003 0.0005 0.0003 0.0004 0.0004 0.0004 0.0003 0.0004 0.0005 0.0007 0.0001 0.0002 0.0002 0.0005 0.0002 0.0001 0.0004 0.0007 0.0003 0.0005 0.0002 0.0004 0.0002 
0.0020 0.0094 0.0003 0.0013 0.0018 0.0048 0.0030 0.0013 0.0007 0.0007 0.0015 0.0014 0.0005 0.0006 0.0003 0.0002 0.0005 0.0005 0.0002 0.0005 0.0004 0.0003 0.0005 0.0002 0.0003 0.0003 0.0009 0.0004 0.0007 0.0003 0.0004 0.0003 0.0004 0.0005 0.0005 0.0007 0.0003 0.0002 0.0002 0.0002 0.0001 0.0004 0.0004 0.0004 0.0005 0.0003 0.0005 0.0005 0.0004 0.0003 0.0003 0.0004 0.0006 0.0003 0.0004 0.0003 0.0002 0.0004 0.0004 0.0004 0.0004 0.0006 0.0005 0.0002 
0.0010 0.0060 0.0005 0.0010 0.0009 0.0052 0.0011 0.0003 0.0006 0.0007 0.0011 0.0004 0.0003 0.0005 0.0002 0.0004 0.0001 0.0002 0.0002 0.0002 0.0001 0.0005 0.0004 0.0002 0.0002 0.0002 0.0002 0.0003 0.0005 0.0001 0.0003 0.0005 0.0002 0.0005 0.0002 0.0002 0.0002 0.0003 0.0002 0.0002 0.0002 0.0004 0.0003 0.0001 0.0004 0.0005 0.0002 0.0002 0.0003 0.0005 0.0004 0.0003 0.0003 0.0005 0.0003 0.0001 0.0003 0.0002 0.0003 0.0002 0.0002 0.0003 0.0003 0.0003 
0.0015 0.0058 0.0009 0.0007 0.0012 0.0065 0.0025 0.0007 0.0010 0.0007 0.0005 0.0007 0.0002 0.0003 0.0004 0.0002 0.0001 0.0001 0.0003 0.0003 0.0002 0.0002 0.0003 0.0003 0.0003 0.0002 0.0003 0.0005 0.0004 0.0002 0.0004 0.0003 0.0002 0.0004 0.0003 0.0003 0.0002 0.0003 0.0004 0.0008 0.0001 0.0003 0.0004 0.0002 0.0003 0.0005 0.0003 0.0003 0.0003 0.0002 0.0006 0.0004 0.0005 0.0005 0.0003 0.0005 0.0003 0.0002 0.0001 0.0004 0.0004 0.0005 0.0004 0.0005 
0.0005 0.0046 0.0010 0.0010 0.0011 0.0081 0.0037 0.0008 0.0011 0.0006 0.0006 0.0002 0.0003 0.0002 0.0002 0.0002 0.0002 0.0004 0.0003 0.0002 0.0002 0.0004 0.0002 0.0003 0.0002 0.0003 0.0003 0.0004 0.0003 0.0003 0.0002 0.0003 0.0002 0.0002 0.0002 0.0003 0.0004 0.0005 0.0005 0.0008 0.0003 0.0002 0.0004 0.0002 0.0002 0.0003 0.0004 0.0003 0.0005 0.0005 0.0001 0.0004 0.0002 0.0002 0.0003 0.0002 0.0002 0.0004 0.0001 0.0004 0.0004 0.0004 0.0004 0.0003 
0.0007 0.0042 0.0002 0.0006 0.0013 0.0063 0.0041 0.0012 0.0011 0.0007 0.0006 0.0010 0.0009 0.0004 0.0005 0.0002 0.0005 0.0004 0.0002 0.0004 0.0003 0.0003 0.0005 0.0004 0.0003 0.0008 0.0004 0.0002 0.0001 0.0003 0.0004 0.0001 0.0005 0.0003 0.0002 0.0005 0.0003 0.0006 0.0003 0.0006 0.0003 0.0003 0.0004 0.0007 0.0004 0.0004 0.0004 0.0003 0.0007 0.0003 0.0002 0.0005 0.0004 0.0003 0.0003 0.0002 0.0003 0.0002 0.0003 0.0002 0.0004 0.0001 0.0001 0.0002 
0.0009 0.0044 0.0009 0.0011 0.0013 0.0066 0.0041 0.0009 0.0008 0.0006 0.0010 0.0006 0.0006 0.0004 0.0007 0.0003 0.0001 0.0003 0.0002 0.0002 0.0002 0.0003 0.0003 0.0003 0.0002 0.0005 0.0005 0.0002 0.0002 0.0002 0.0002 0.0002 0.0002 0.0002 0.0002 0.0005 0.0003 0.0005 0.0004 0.0005 0.0003 0.0004 0.0003 0.0003 0.0001 0.0002 0.0005 0.0002 0.0006 0.0003 0.0002 0.0002 0.0004 0.0006 0.0004 0.0004 0.0002 0.0005 0.0004 0.0002 0.0002 0.0004 0.0004 0.0003 
0.0005 0.0018 0.0003 0.0006 0.0006 0.0047 0.0024 0.0004 0.0003 0.0004 0.0004 0.0002 0.0002 0.0002 0.0004 0.0002 0.0001 0.0001 0.0002 0.0002 0.0002 0.0002 0.0003 0.0004 0.0003 0.0002 0.0003 0.0001 0.0004 0.0003 0.0002 0.0004 0.0003 0.0004 0.0002 0.0003 0.0003 0.0002 0.0002 0.0003 0.0004 0.0007 0.0011 0.0002 0.0007 0.0003 0.0001 0.0003 0.0008 0.0003 0.0005 0.0003 0.0004 0.0002 0.0003 0.0005 0.0004 0.0001 0.0003 0.0004 0.0004 0.0003 0.0003 0.0005 
0.0005 0.0024 0.0002 0.0002 0.0005 0.0025 0.0011 0.0005 0.0003 0.0002 0.0004 0.0001 0.0004 0.0002 0.0002 0.0002 0.0002 0.0002 0.0003 0.0002 0.0002 0.0002 0.0003 0.0003 0.0002 0.0002 0.0004 0.0001 0.0002 0.0003 0.0003 0.0003 0.0003 0.0001 0.0008 0.0002 0.0002 0.0001 0.0003 0.0002 0.0006 0.0004 0.0005 0.0002 0.0002 0.0004 0.0003 0.0003 0.0002 0.0003 0.0002 0.0004 0.0006 0.0003 0.0003 0.0007 0.0002 0.0004 0.0003 0.0002 0.0005 0.0002 0.0004 0.0005 
0.0006 0.0022 0.0003 0.0004 0.0006 0.0021 0.0011 0.0003 0.0002 0.0002 0.0002 0.0003 0.0004 0.0001 0.0001 0.0004 0.0002 0.0003 0.0002 0.0001 0.0002 0.0002 0.0003 0.0002 0.0003 0.0002 0.0004 0.0004 0.0002 0.0002 0.0002 0.0004 0.0001 0.0001 0.0003 0.0001 0.0003 0.0002 0.0005 0.0004 0.0007 0.0006 0.0004 0.0003 0.0005 0.0003 0.0003 0.0005 0.0003 0.0005 0.0003 0.0003 0.0004 0.0002 0.0003 0.0001 0.0003 0.0003 0.0003 0.0004 0.0001 0.0004 0.0004 0.0004 
0.0004 0.0015 0.0003 0.0002 0.0003 0.0014 0.0011 0.0005 0.0002 0.0004 0.0002 0.0002 0.0005 0.0002 0.0002 0.0001 0.0002 0.0002 0.0001 0.0002 0.0001 0.0003 0.0003 0.0002 0.0003 0.0002 0.0004 0.0002 0.0002 0.0002 0.0004 0.0005 0.0002 0.0003 0.0003 0.0004 0.0006 0.0003 0.0002 0.0004 0.0002 0.0003 0.0002 0.0002 0.0009 0.0006 0.0002 0.0003 0.0004 0.0003 0.0003 0.0004 0.0006 0.0005 0.0004 0.0002 0.0002 0.0003 0.0002 0.0003 0.0004 0.0003 0.0004 0.0002 
0.0003 0.0009 0.0003 0.0003 0.0002 0.0013 0.0006 0.0002 0.0003 0.0001 0.0002 0.0001 0.0001 0.0003 0.0001 0.0002 0.0002 0.0001 0.0002 0.0003 0.0003 0.0001 0.0002 0.0003 0.0003 0.0003 0.0002 0.0005 0.0002 0.0002 0.0004 0.0002 0.0005 0.0002 0.0003 0.0002 0.0005 0.0001 0.0002 0.0002 0.0004 0.0005 0.0002 0.0004 0.0003 0.0006 0.0004 0.0001 0.0002 0.0003 0.0002 0.0007 0.0004 0.0005 0.0003 0.0003 0.0005 0.0004 0.0002 0.0005 0.0005 0.0002 0.0002 0.0003 
0.0003 0.0006 0.0002 0.0002 0.0002 0.0006 0.0002 0.0002 0.0002 0.0003 0.0002 0.0002 0.0001 0.0002 0.0004 0.0002 0.0002 0.0001 0.0001 0.0003 0.0002 0.0004 0.0003 0.0001 0.0003 0.0001 0.0002 0.0002 0.0001 0.0002 0.0003 0.0002 0.0003 0.0002 0.0002 0.0002 0.0002 0.0002 0.0003 0.0004 0.0002 0.0002 0.0004 0.0004 0.0004 0.0002 0.0002 0.0003 0.0006 0.0007 0.0004 0.0005 0.0003 0.0002 0.0001 0.0003 0.0003 0.0003 0.0002 0.0003 0.0001 0.0004 0.0003 0.0001 
0.0002 0.0008 0.0001 0.0003 0.0003 0.0003 0.0003 0.0001 0.0002 0.0003 0.0003 0.0004 0.0001 0.0002 0.0001 0.0002 0.0002 0.0002 0.0002 0.0002 0.0003 0.0003 0.0004 0.0002 0.0003 0.0003 0.0002 0.0002 0.0003 0.0001 0.0001 0.0004 0.0004 0.0006 0.0003 0.0004 0.0002 0.0004 0.0001 0.0003 0.0004 0.0004 0.0002 0.0004 0.0003 0.0002 0.0002 0.0002 0.0003 0.0003 0.0005 0.0004 0.0002 0.0004 0.0002 0.0003 0.0001 0.0002 0.0003 0.0003 0.0001 0.0005 0.0003 0.0003 
0.0002 0.0006 0.0004 0.0004 0.0001 0.0002 0.0004 0.0002 0.0002 0.0002 0.0003 0.0003 0.0001 0.0001 0.0004 0.0003 0.0002 0.0003 0.0002 0.0002 0.0002 0.0002 0.0001 0.0005 0.0005 0.0001 0.0003 0.0002 0.0002 0.0001 0.0002 0.0003 0.0001 0.0005 0.0004 0.0003 0.0005 0.0003 0.0004 0.0001 0.0002 0.0008 0.0002 0.0003 0.0005 0.0004 0.0007 0.0008 0.0001 0.0004 0.0003 0.0005 0.0001 0.0004 0.0004 0.0002 0.0004 0.0002 0.0003 0.0005 0.0004 0.0002 0.0003 0.0005 
