0.0001 0.0003 0.0007 0.0001 0.0005 0.0003 0.0002 0.0003 0.0004 0.0007 0.0007 0.0002 0.0004 0.0002 0.0003 0.0003 0.0004 0.0004 0.0003 0.0003 0.0002 0.0002 0.0005 0.0005 0.0005 0.0006 0.0012 0.0003 0.0003 0.0003 0.0002 0.0002 0.0003 0.0001 0.0006 0.0003 0.0008 0.0007 0.0006 0.0011 0.0004 0.0007 0.0004 0.0006 0.0002 0.0004 0.0004 0.0004 0.0006 0.0005 0.0007 0.0006 0.0004 0.0003 0.0004 0.0002 0.0001 0.0002 0.0003 0.0003 0.0004 0.0002 0.0004 0.0002 
0.0001 0.0004 0.0003 0.0001 0.0004 0.0004 0.0002 0.0004 0.0003 0.0005 0.0003 0.0004 0.0003 0.0003 0.0002 0.0001 0.0002 0.0003 0.0002 0.0001 0.0003 0.0003 0.0003 0.0005 0.0002 0.0003 0.0003 0.0006 0.0001 0.0002 0.0004 0.0002 0.0003 0.0002 0.0006 0.0004 0.0004 0.0003 0.0004 0.0003 0.0003 0.0007 0.0003 0.0006 0.0004 0.0001 0.0003 0.0005 0.0006 0.0005 0.0005 0.0005 0.0007 0.0005 0.0002 0.0001 0.0005 0.0004 0.0002 0.0001 0.0002 0.0002 0.0001 0.0002 
0.0001 0.0003 0.0001 0.0002 0.0003 0.0004 0.0001 0.0003 0.0004 0.0004 0.0003 0.0003 0.0001 0.0003 0.0002 0.0004 0.0002 0.0002 0.0003 0.0003 0.0002 0.0002 0.0002 0.0002 0.0002 0.0002 0.0003 0.0007 0.0005 0.0001 0.0003 0.0004 0.0005 0.0004 0.0002 0.0004 0.0002 0.0003 0.0002 0.0005 0.0002 0.0004 0.0005 0.0005 0.0002 0.0003 0.0004 0.0003 0.0004 0.0004 0.0004 0.0006 0.0004 0.0003 0.0003 0.0003 0.0004 0.0002 0.0005 0.0005 0.0002 0.0004 0.0004 0.0005 
0.0002 0.0002 0.0001 0.0001 0.0001 0.0003 0.0001 0.0004 0.0001 0.0002 0.0004 0.0004 0.0003 0.0002 0.0002 0.0002 0.0001 0.0003 0.0002 0.0005 0.0003 0.0002 0.0003 0.0005 0.0004 0.0007 0.0004 0.0005 0.0003 0.0001 0.0003 0.0002 0.0008 0.0003 0.0001 0.0004 0.0003 0.0002 0.0003 0.0007 0.0005 0.0005 0.0004 0.0004 0.0002 0.0007 0.0004 0.0004 0.0003 0.0002 0.0005 0.0005 0.0003 0.0003 0.0003 0.0003 0.0003 0.0003 0.0004 0.0002 0.0004 0.0002 0.0003 0.0004 
0.0002 0.0003 0.0001 0.0003 0.0002 0.0001 0.0001 0.0001 0.0005 0.0003 0.0006 0.0002 0.0003 0.0002 0.0002 0.0001 0.0001 0.0004 0.0002 0.0003 0.0002 0.0002 0.0001 0.0004 0.0003 0.0002 0.0003 0.0004 0.0002 0.0002 0.0002 0.0001 0.0004 0.0004 0.0004 0.0002 0.0004 0.0002 0.0005 0.0006 0.0004 0.0005 0.0003 0.0004 0.0002 0.0005 0.0003 0.0002 0.0004 0.0005 0.0004 0.0004 0.0004 0.0001 0.0004 0.0003 0.0003 0.0002 0.0004 0.0002 0.0003 0.0003 0.0003 0.0002 
0.0001 0.0002 0.0002 0.0002 0.0002 0.0002 0.0001 0.0002 0.0003 0.0004 0.0001 0.0001 0.0001 0.0002 0.0003 0.0004 0.0003 0.0001 0.0004 0.0002 0.0003 0.0003 0.0002 0.0004 0.0001 0.0002 0.0003 0.0004 0.0003 0.0004 0.0001 0.0002 0.0002 0.0002 0.0005 0.0003 0.0004 0.0002 0.0004 0.0005 0.0007 0.0002 0.0003 0.0003 0.0004 0.0003 0.0003 0.0008 0.0002 0.0003 0.0002 0.0003 0.0007 0.0004 0.0002 0.0001 0.0002 0.0002 0.0004 0.0002 0.0003 0.0004 0.0005 0.0004 
0.0002 0.0002 0.0001 0.0001 0.0001 0.0003 0.0001 0.0001 0.0002 0.0001 0.0003 0.0002 0.0003 0.0001 0.0004 0.0001 0.0002 0.0003 0.0001 0.0002 0.0002 0.0003 0.0004 0.0003 0.0001 0.0002 0.0002 0.0004 0.0001 0.0003 0.0006 0.0001 0.0005 0.0003 0.0004 0.0003 0.0001 0.0004 0.0003 0.0002 0.0002 0.0003 0.0004 0.0002 0.0004 0.0004 0.0003 0.0002 0.0004 0.0001 0.0005 0.0004 0.0003 0.0001 0.0003 0.0004 0.0003 0.0004 0.0002 0.0001 0.0003 0.0002 0.0002 0.0003 
0.0002 0.0001 0.0001 0.0001 0.0003 0.0002 0.0001 0.0000 0.0003 0.0003 0.0002 0.0002 0.0001 0.0003 0.0002 0.0002 0.0002 0.0002 0.0004 0.0003 0.0003 0.0002 0.0003 0.0003 0.0002 0.0002 0.0005 0.0001 0.0003 0.0004 0.0003 0.0003 0.0005 0.0004 0.0002 0.0003 0.0003 0.0003 0.0003 0.0004 0.0002 0.0003 0.0006 0.0006 0.0007 0.0002 0.0004 0.0004 0.0003 0.0001 0.0006 0.0003 0.0003 0.0005 0.0001 0.0004 0.0003 0.0004 0.0002 0.0003 0.0003 0.0003 0.0004 0.0005 
0.0002 0.0003 0.0001 0.0002 0.0003 0.0002 0.0001 0.0001 0.0003 0.0001 0.0004 0.0003 0.0003 0.0001 0.0001 0.0003 0.0003 0.0002 0.0002 0.0002 0.0002 0.0003 0.0003 0.0002 0.0001 0.0003 0.0003 0.0003 0.0004 0.0004 0.0007 0.0004 0.0008 0.0003 0.0002 0.0002 0.0003 0.0003 0.0004 0.0002 0.0004 0.0003 0.0003 0.0004 0.0007 0.0004 0.0002 0.0004 0.0003 0.0003 0.0003 0.0006 0.0002 0.0003 0.0005 0.0003 0.0003 0.0003 0.0001 0.0003 0.0004 0.0004 0.0004 0.0003 
0.0001 0.0002 0.0001 0.0001 0.0002 0.0004 0.0002 0.0003 0.0002 0.0000 0.0002 0.0002 0.0003 0.0001 0.0002 0.0003 0.0002 0.0002 0.0002 0.0004 0.0003 0.0002 0.0003 0.0002 0.0003 0.0002 0.0004 0.0002 0.0002 0.0002 0.0001 0.0004 0.0002 0.0003 0.0003 0.0003 0.0002 0.0004 0.0004 0.0002 0.0005 0.0002 0.0003 0.0003 0.0006 0.0002 0.0003 0.0002 0.0002 0.0004 0.0002 0.0003 0.0004 0.0002 0.0002 0.0004 0.0001 0.0004 0.0005 0.0001 0.0003 0.0004 0.0003 0.0001 
0.0001 0.0002 0.0001 0.0002 0.0002 0.0003 0.0001 0.0001 0.0003 0.0002 0.0003 0.0002 0.0002 0.0003 0.0001 0.0005 0.0004 0.0000 0.0004 0.0004 0.0002 0.0003 0.0001 0.0002 0.0003 0.0005 0.0005 0.0003 0.0003 0.0003 0.0005 0.0002 0.0002 0.0004 0.0002 0.0006 0.0005 0.0002 0.0002 0.0008 0.0004 0.0004 0.0005 0.0006 0.0004 0.0003 0.0005 0.0007 0.0007 0.0002 0.0006 0.0004 0.0004 0.0005 0.0003 0.0003 0.0004 0.0004 0.0003 0.0001 0.0004 0.0003 0.0005 0.0002 
0.0001 0.0002 0.0001 0.0001 0.0001 0.0001 0.0002 0.0002 0.0001 0.0004 0.0001 0.0003 0.0002 0.0003 0.0005 0.0003 0.0003 0.0003 0.0002 0.0002 0.0005 0.0003 0.0003 0.0002 0.0005 0.0006 0.0007 0.0005 0.0008 0.0008 0.0009 0.0003 0.0002 0.0004 0.0007 0.0006 0.0004 0.0004 0.0010 0.0011 0.0005 0.0010 0.0007 0.0010 0.0008 0.0013 0.0009 0.0011 0.0009 0.0005 0.0008 0.0004 0.0006 0.0006 0.0002 0.0003 0.0006 0.0003 0.0003 0.0007 0.0002 0.0002 0.0002 0.0005 
0.0001 0.0002 0.0001 0.0001 0.0002 0.0000 0.0002 0.0002 0.0002 0.0002 0.0002 0.0004 0.0001 0.0002 0.0003 0.0002 0.0001 0.0002 0.0003 0.0004 0.0005 0.0002 0.0004 0.0002 0.0006 0.0004 0.0005 0.0005 0.0006 0.0003 0.0005 0.0001 0.0003 0.0002 0.0002 0.0004 0.0003 0.0004 0.0005 0.0004 0.0002 0.0003 0.0006 0.0003 0.0007 0.0008 0.0006 0.0007 0.0003 0.0005 0.0006 0.0002 0.0003 0.0002 0.0004 0.0003 0.0002 0.0005 0.0003 0.0002 0.0004 0.0003 0.0003 0.0003 
0.0001 0.0002 0.0001 0.0002 0.0002 0.0000 0.0001 0.0001 0.0002 0.0002 0.0001 0.0002 0.0002 0.0002 0.0003 0.0002 0.0002 0.0003 0.0003 0.0003 0.0006 0.0001 0.0002 0.0002 0.0003 0.0003 0.0003 0.0002 0.0002 0.0004 0.0003 0.0004 0.0002 0.0002 0.0003 0.0003 0.0004 0.0004 0.0003 0.0002 0.0002 0.0003 0.0004 0.0003 0.0002 0.0003 0.0005 0.0007 0.0004 0.0005 0.0004 0.0005 0.0003 0.0003 0.0002 0.0003 0.0004 0.0004 0.0004 0.0005 0.0004 0.0004 0.0004 0.0001 
0.0001 0.0003 0.0001 0.0002 0.0002 0.0003 0.0001 0.0001 0.0002 0.0002 0.0001 0.0001 0.0003 0.0002 0.0002 0.0002 0.0001 0.0002 0.0001 0.0002 0.0002 0.0001 0.0001 0.0002 0.0005 0.0002 0.0004 0.0002 0.0005 0.0003 0.0006 0.0001 0.0003 0.0003 0.0002 0.0006 0.0002 0.0005 0.0005 0.0005 0.0003 0.0004 0.0003 0.0004 0.0006 0.0005 0.0002 0.0007 0.0004 0.0006 0.0003 0.0003 0.0003 0.0005 0.0007 0.0002 0.0003 0.0003 0.0002 0.0004 0.0002 0.0003 0.0004 0.0001 
0.0001 0.0003 0.0001 0.0003 0.0003 0.0002 0.0003 0.0002 0.0000 0.0001 0.0001 0.0001 0.0001 0.0002 0.0002 0.0002 0.0002 0.0003 0.0002 0.0004 0.0005 0.0003 0.0007 0.0003 0.0003 0.0005 0.0004 0.0004 0.0003 0.0005 0.0005 0.0002 0.0002 0.0003 0.0005 0.0006 0.0004 0.0008 0.0003 0.0006 0.0005 0.0005 0.0002 0.0004 0.0005 0.0004 0.0003 0.0009 0.0007 0.0003 0.0005 0.0002 0.0002 0.0002 0.0005 0.0004 0.0003 0.0003 0.0003 0.0006 0.0004 0.0002 0.0004 0.0004 
0.0001 0.0002 0.0002 0.0003 0.0001 0.0002 0.0002 0.0001 0.0002 0.0001 0.0001 0.0001 0.0004 0.0003 0.0001 0.0004 0.0001 0.0003 0.0001 0.0004 0.0006 0.0001 0.0001 0.0002 0.0003 0.0006 0.0009 0.0004 0.0008 0.0007 0.0005 0.0002 0.0005 0.0003 0.0002 0.0002 0.0005 0.0002 0.0004 0.0004 0.0003 0.0001 0.0002 0.0003 0.0003 0.0003 0.0004 0.0009 0.0002 0.0003 0.0006 0.0004 0.0005 0.0005 0.0003 0.0004 0.0005 0.0003 0.0003 0.0002 0.0004 0.0003 0.0003 0.0002 
0.0001 0.0002 0.0002 0.0001 0.0002 0.0001 0.0002 0.0003 0.0002 0.0003 0.0002 0.0001 0.0003 0.0001 0.0001 0.0003 0.0003 0.0002 0.0003 0.0001 0.0002 0.0002 0.0005 0.0006 0.0002 0.0002 0.0003 0.0002 0.0003 0.0005 0.0004 0.0002 0.0002 0.0003 0.0004 0.0002 0.0003 0.0002 0.0002 0.0004 0.0004 0.0005 0.0002 0.0005 0.0002 0.0009 0.0005 0.0004 0.0005 0.0006 0.0004 0.0003 0.0003 0.0003 0.0002 0.0003 0.0005 0.0002 0.0003 0.0005 0.0004 0.0003 0.0003 0.0005 
0.0002 0.0002 0.0002 0.0002 0.0002 0.0002 0.0002 0.0001 0.0002 0.0002 0.0001 0.0001 0.0004 0.0004 0.0002 0.0004 0.0001 0.0002 0.0001 0.0002 0.0002 0.0004 0.0003 0.0003 0.0006 0.0002 0.0003 0.0002 0.0003 0.0002 0.0005 0.0004 0.0005 0.0003 0.0004 0.0001 0.0003 0.0004 0.0003 0.0003 0.0004 0.0004 0.0003 0.0005 0.0004 0.0005 0.0005 0.0007 0.0003 0.0004 0.0002 0.0003 0.0003 0.0003 0.0002 0.0004 0.0002 0.0003 0.0005 0.0004 0.0005 0.0005 0.0002 0.0005 
0.0006 0.0011 0.0003 0.0003 0.0002 0.0002 0.0001 0.0001 0.0002 0.0002 0.0002 0.0002 0.0002 0.0004 0.0001 0.0002 0.0002 0.0003 0.0004 0.0004 0.0002 0.0001 0.0002 0.0004 0.0003 0.0002 0.0003 0.0003 0.0003 0.0003 0.0004 0.0003 0.0006 0.0005 0.0004 0.0004 0.0004 0.0004 0.0003 0.0003 0.0008 0.0004 0.0007 0.0003 0.0002 0.0004 0.0004 0.0006 0.0003 0.0005 0.0002 0.0004 0.0004 0.0004 0.0003 0.0003 0.0002 0.0003 0.0004 0.0004 0.0002 0.0005 0.0003 0.0003 
0.0065 0.0117 0.0038 0.0034 0.0022 0.0012 0.0013 0.0009 0.0008 0.0006 0.0004 0.0004 0.0004 0.0005 0.0008 0.0008 0.0006 0.0006 0.0004 0.0003 0.0003 0.0008 0.0004 0.0003 0.0003 0.0004 0.0004 0.0003 0.0008 0.0003 0.0004 0.0005 0.0003 0.0004 0.0005 0.0004 0.0002 0.0004 0.0003 0.0003 0.0006 0.0003 0.0003 0.0002 0.0007 0.0004 0.0005 0.0005 0.0006 0.0005 0.0002 0.0003 0.0003 0.0001 0.0001 0.0003 0.0003 0.0002 0.0003 0.0002 0.0002 0.0005 0.0005 0.0005 
0.0054 0.0496 0.0536 0.0147 0.0096 0.0084 0.0050 0.0041 0.0035 0.0030 0.0030 0.0024 0.0017 0.0022 0.0021 0.0018 0.0018 0.0017 0.0020 0.0017 0.0018 0.0010 0.0012 0.0009 0.0013 0.0013 0.0010 0.0019 0.0008 0.0011 0.0011 0.0011 0.0011 0.0009 0.0013 0.0011 0.0007 0.0008 0.0009 0.0010 0.0009 0.0008 0.0007 0.0005 0.0010 0.0012 0.0006 0.0013 0.0007 0.0005 0.0005 0.0003 0.0004 0.0010 0.0007 0.0007 0.0006 0.0007 0.0004 0.0007 0.0008 0.0008 0.0009 0.0005 
0.0132 0.0615 0.0603 0.0209 0.0127 0.0077 0.0065 0.0062 0.0055 0.0047 0.0040 0.0037 0.0036 0.0033 0.0025 0.0025 0.0031 0.0030 0.0018 0.0019 0.0018 0.0014 0.0017 0.0016 0.0020 0.0022 0.0015 0.0011 0.0017 0.0019 0.0016 0.0015 0.0014 0.0014 0.0014 0.0017 0.0017 0.0013 0.0010 0.0014 0.0010 0.0014 0.0013 0.0013 0.0015 0.0010 0.0005 0.0013 0.0010 0.0016 0.0009 0.0012 0.0011 0.0008 0.0012 0.0011 0.0010 0.0014 0.0009 0.0011 0.0010 0.0010 0.0014 0.0011 
0.0286 0.0611 0.0567 0.0219 0.0212 0.0083 0.0059 0.0067 0.0109 0.0103 0.0066 0.0024 0.0095 0.0090 0.0080 0.0053 0.0045 0.0042 0.0056 0.0011 0.0014 0.0022 0.0022 0.0030 0.0045 0.0038 0.0058 0.0029 0.0013 0.0005 0.0004 0.0010 0.0010 0.0009 0.0007 0.0015 0.0017 0.0013 0.0009 0.0005 0.0009 0.0011 0.0016 0.0016 0.0013 0.0014 0.0013 0.0012 0.0014 0.0013 0.0008 0.0012 0.0011 0.0009 0.0010 0.0008 0.0008 0.0008 0.0009 0.0005 0.0009 0.0007 0.0009 0.0010 
0.0170 0.0863 0.0653 0.0200 0.0379 0.0117 0.0024 0.0045 0.0178 0.0092 0.0136 0.0060 0.0325 0.0334 0.0162 0.0325 0.0256 0.0131 0.0186 0.0197 0.0037 0.0041 0.0115 0.0068 0.0252 0.0328 0.0464 0.0679 0.0488 0.0201 0.0123 0.0032 0.0024 0.0034 0.0210 0.0089 0.0063 0.0028 0.0026 0.0005 0.0019 0.0024 0.0039 0.0030 0.0021 0.0024 0.0008 0.0023 0.0016 0.0019 0.0010 0.0016 0.0015 0.0014 0.0009 0.0011 0.0011 0.0009 0.0014 0.0012 0.0008 0.0008 0.0010 0.0011 
0.0154 0.1035 0.0793 0.0302 0.0259 0.0102 0.0091 0.0181 0.0294 0.0132 0.0336 0.0236 0.0543 0.0453 0.0448 0.0347 0.0257 0.0217 0.0212 0.0195 0.0040 0.0079 0.0148 0.0072 0.0273 0.0312 0.0502 0.0342 0.0415 0.0233 0.0164 0.0047 0.0018 0.0027 0.0060 0.0081 0.0023 0.0012 0.0018 0.0039 0.0016 0.0036 0.0029 0.0037 0.0012 0.0026 0.0012 0.0036 0.0036 0.0007 0.0003 0.0016 0.0002 0.0012 0.0016 0.0011 0.0003 0.0003 0.0002 0.0007 0.0006 0.0004 0.0005 0.0005 
0.0498 0.0767 0.0716 0.0476 0.0268 0.0138 0.0108 0.0315 0.0272 0.0255 0.0547 0.0203 0.0364 0.0200 0.0330 0.0255 0.0415 0.0221 0.0281 0.0376 0.0068 0.0087 0.0052 0.0049 0.0200 0.0262 0.0524 0.0452 0.0203 0.0284 0.0147 0.0067 0.0034 0.0046 0.0085 0.0023 0.0032 0.0027 0.0011 0.0018 0.0031 0.0018 0.0013 0.0020 0.0025 0.0019 0.0019 0.0018 0.0016 0.0017 0.0017 0.0009 0.0018 0.0014 0.0014 0.0014 0.0012 0.0013 0.0018 0.0013 0.0017 0.0016 0.0013 0.0015 
0.0305 0.1235 0.1186 0.0487 0.0414 0.0063 0.0118 0.0357 0.0506 0.0482 0.0809 0.0623 0.0197 0.0243 0.0293 0.0258 0.0147 0.0203 0.0207 0.0382 0.0088 0.0071 0.0049 0.0083 0.0244 0.0266 0.0498 0.0583 0.0461 0.0259 0.0137 0.0066 0.0029 0.0023 0.0017 0.0026 0.0048 0.0025 0.0023 0.0022 0.0014 0.0012 0.0011 0.0012 0.0007 0.0014 0.0007 0.0015 0.0014 0.0010 0.0009 0.0022 0.0012 0.0011 0.0008 0.0005 0.0009 0.0009 0.0008 0.0007 0.0006 0.0004 0.0007 0.0006 
0.0061 0.1072 0.1371 0.0650 0.0496 0.0402 0.0241 0.0479 0.0907 0.0812 0.1495 0.0317 0.0107 0.0237 0.0381 0.0311 0.0261 0.0250 0.0322 0.0486 0.0111 0.0134 0.0109 0.0085 0.0252 0.0380 0.0591 0.0814 0.0363 0.0430 0.0212 0.0108 0.0023 0.0018 0.0012 0.0037 0.0025 0.0058 0.0021 0.0012 0.0014 0.0012 0.0014 0.0010 0.0015 0.0011 0.0013 0.0016 0.0008 0.0009 0.0013 0.0020 0.0004 0.0002 0.0004 0.0016 0.0008 0.0008 0.0008 0.0007 0.0009 0.0008 0.0006 0.0008 
0.0370 0.0816 0.0753 0.1768 0.1090 0.0492 0.0284 0.0574 0.1590 0.1964 0.1685 0.0696 0.0357 0.0325 0.0373 0.0339 0.0341 0.0364 0.0543 0.0297 0.0340 0.0178 0.0245 0.0117 0.0347 0.0872 0.1022 0.1409 0.0762 0.0685 0.0447 0.0207 0.0059 0.0037 0.0059 0.0061 0.0059 0.0019 0.0036 0.0022 0.0025 0.0015 0.0020 0.0015 0.0019 0.0015 0.0016 0.0012 0.0019 0.0021 0.0016 0.0017 0.0021 0.0021 0.0017 0.0017 0.0018 0.0018 0.0017 0.0016 0.0016 0.0019 0.0017 0.0014 
0.0294 0.0649 0.1162 0.2501 0.2575 0.0838 0.0713 0.1111 0.2625 0.2059 0.1350 0.0482 0.0505 0.0585 0.0617 0.0412 0.0624 0.0502 0.0596 0.0883 0.0606 0.0484 0.0467 0.0471 0.0670 0.0889 0.1363 0.1257 0.1300 0.0905 0.0578 0.0273 0.0246 0.0159 0.0101 0.0165 0.0134 0.0096 0.0102 0.0072 0.0056 0.0054 0.0047 0.0046 0.0045 0.0032 0.0031 0.0024 0.0029 0.0026 0.0025 0.0024 0.0018 0.0018 0.0013 0.0012 0.0010 0.0011 0.0010 0.0009 0.0009 0.0005 0.0008 0.0008 
0.0384 0.0688 0.0808 0.1968 0.4459 0.1520 0.1433 0.1301 0.4090 0.1976 0.1040 0.1270 0.0503 0.0443 0.0500 0.0438 0.0665 0.0425 0.0412 0.0610 0.0399 0.0465 0.0701 0.0563 0.1210 0.1077 0.1978 0.1653 0.1751 0.1276 0.1154 0.0753 0.0241 0.0171 0.0145 0.0138 0.0039 0.0145 0.0099 0.0068 0.0059 0.0050 0.0040 0.0039 0.0027 0.0032 0.0024 0.0022 0.0022 0.0016 0.0021 0.0017 0.0014 0.0012 0.0011 0.0009 0.0008 0.0010 0.0008 0.0009 0.0004 0.0005 0.0008 0.0005 
0.0649 0.0889 0.0517 0.1132 0.5697 0.2870 0.1184 0.0761 0.4617 0.2981 0.1312 0.0935 0.0195 0.0390 0.0755 0.0730 0.0455 0.0335 0.0378 0.0392 0.0549 0.0307 0.1020 0.0858 0.1605 0.1216 0.2560 0.2570 0.1771 0.1690 0.1278 0.0692 0.0102 0.0110 0.0271 0.0187 0.0147 0.0192 0.0038 0.0027 0.0030 0.0028 0.0044 0.0042 0.0036 0.0031 0.0035 0.0037 0.0042 0.0039 0.0039 0.0039 0.0040 0.0039 0.0040 0.0039 0.0039 0.0036 0.0039 0.0039 0.0041 0.0036 0.0044 0.0037 
0.0283 0.1352 0.0835 0.0889 0.4749 0.3257 0.0621 0.1568 0.3720 0.2941 0.1157 0.1355 0.0421 0.0412 0.0691 0.0513 0.0531 0.0412 0.0340 0.0429 0.0365 0.0999 0.1576 0.0631 0.1321 0.1429 0.2360 0.1944 0.1789 0.2250 0.2012 0.0590 0.0158 0.0095 0.0166 0.0234 0.0155 0.0175 0.0119 0.0029 0.0025 0.0037 0.0016 0.0006 0.0019 0.0019 0.0006 0.0009 0.0018 0.0020 0.0010 0.0012 0.0021 0.0016 0.0008 0.0015 0.0015 0.0014 0.0009 0.0017 0.0015 0.0013 0.0015 0.0013 
0.0116 0.0881 0.0886 0.0868 0.2742 0.3468 0.0941 0.1682 0.3183 0.2251 0.1376 0.1115 0.0529 0.0366 0.0560 0.0322 0.0536 0.0392 0.0251 0.0437 0.0289 0.1116 0.0444 0.0994 0.0946 0.1467 0.2526 0.2710 0.2646 0.2211 0.1446 0.0821 0.0162 0.0282 0.0152 0.0374 0.0240 0.0167 0.0077 0.0049 0.0016 0.0014 0.0017 0.0012 0.0012 0.0009 0.0007 0.0008 0.0005 0.0008 0.0009 0.0005 0.0003 0.0006 0.0008 0.0007 0.0007 0.0005 0.0006 0.0006 0.0002 0.0007 0.0004 0.0003 
0.0115 0.1026 0.0768 0.0561 0.1025 0.1070 0.0749 0.1068 0.2140 0.1447 0.1430 0.1376 0.0821 0.0373 0.0474 0.0406 0.0586 0.0601 0.0657 0.0559 0.0435 0.0664 0.1071 0.0423 0.1577 0.1818 0.2166 0.1834 0.2680 0.2059 0.1668 0.1075 0.0484 0.0351 0.0386 0.0081 0.0291 0.0228 0.0194 0.0243 0.0135 0.0107 0.0091 0.0081 0.0073 0.0068 0.0054 0.0045 0.0042 0.0048 0.0039 0.0034 0.0032 0.0028 0.0024 0.0023 0.0019 0.0014 0.0014 0.0011 0.0010 0.0007 0.0004 0.0003 
0.0410 0.0723 0.0630 0.0472 0.0830 0.0760 0.0700 0.1106 0.1862 0.1801 0.1257 0.1372 0.0599 0.0546 0.0423 0.0435 0.0443 0.0327 0.0530 0.0330 0.0475 0.0822 0.0392 0.0738 0.1179 0.0691 0.1780 0.1672 0.2536 0.2033 0.1508 0.0741 0.0565 0.0166 0.0330 0.0261 0.0214 0.0124 0.0129 0.0118 0.0113 0.0119 0.0099 0.0094 0.0081 0.0070 0.0069 0.0060 0.0057 0.0053 0.0047 0.0046 0.0040 0.0041 0.0036 0.0037 0.0036 0.0033 0.0031 0.0030 0.0030 0.0028 0.0028 0.0026 
0.0221 0.0812 0.0534 0.0184 0.1083 0.0940 0.0785 0.0939 0.1905 0.1602 0.2507 0.1073 0.0191 0.0227 0.0678 0.0395 0.0370 0.0207 0.0263 0.0079 0.0242 0.0179 0.0188 0.0837 0.1143 0.0585 0.1268 0.1157 0.2061 0.1608 0.1026 0.0334 0.0125 0.0046 0.0244 0.0271 0.0191 0.0133 0.0091 0.0094 0.0025 0.0030 0.0023 0.0020 0.0020 0.0024 0.0013 0.0019 0.0019 0.0019 0.0017 0.0014 0.0016 0.0015 0.0018 0.0017 0.0013 0.0015 0.0012 0.0014 0.0018 0.0012 0.0015 0.0013 
0.0261 0.0703 0.0211 0.0204 0.0749 0.1021 0.0591 0.0696 0.1838 0.1579 0.0810 0.0736 0.0301 0.0168 0.0091 0.0102 0.0068 0.0127 0.0087 0.0071 0.0148 0.0083 0.0175 0.0199 0.0456 0.0341 0.0225 0.0224 0.0286 0.0486 0.0392 0.0081 0.0105 0.0027 0.0185 0.0243 0.0123 0.0113 0.0069 0.0048 0.0027 0.0032 0.0027 0.0021 0.0021 0.0029 0.0018 0.0020 0.0021 0.0020 0.0018 0.0019 0.0021 0.0018 0.0018 0.0020 0.0018 0.0017 0.0017 0.0020 0.0013 0.0020 0.0015 0.0018 
0.0107 0.0597 0.0030 0.0265 0.0311 0.0839 0.0409 0.1031 0.0414 0.0485 0.0653 0.0222 0.0168 0.0122 0.0076 0.0068 0.0031 0.0050 0.0080 0.0096 0.0067 0.0163 0.0213 0.0267 0.0138 0.0151 0.0192 0.0126 0.0185 0.0336 0.0324 0.0053 0.0044 0.0028 0.0066 0.0089 0.0074 0.0063 0.0022 0.0006 0.0013 0.0017 0.0016 0.0014 0.0006 0.0007 0.0005 0.0004 0.0005 0.0007 0.0003 0.0003 0.0008 0.0014 0.0003 0.0005 0.0006 0.0004 0.0007 0.0006 0.0004 0.0004 0.0007 0.0004 
0.0073 0.0470 0.0171 0.0092 0.0085 0.0660 0.0257 0.0325 0.0456 0.0531 0.0546 0.0212 0.0135 0.0033 0.0048 0.0063 0.0017 0.0047 0.0055 0.0048 0.0061 0.0079 0.0147 0.0097 0.0099 0.0139 0.0110 0.0072 0.0203 0.0199 0.0094 0.0016 0.0033 0.0022 0.0076 0.0097 0.0029 0.0030 0.0009 0.0002 0.0009 0.0010 0.0008 0.0020 0.0002 0.0007 0.0007 0.0004 0.0005 0.0003 0.0004 0.0004 0.0004 0.0009 0.0002 0.0007 0.0002 0.0003 0.0002 0.0001 0.0005 0.0004 0.0003 0.0003 
0.0140 0.0270 0.0080 0.0072 0.0166 0.0237 0.0141 0.0182 0.0221 0.0281 0.0296 0.0125 0.0086 0.0014 0.0034 0.0017 0.0001 0.0017 0.0015 0.0041 0.0052 0.0050 0.0112 0.0061 0.0090 0.0055 0.0028 0.0021 0.0061 0.0119 0.0096 0.0023 0.0011 0.0009 0.0012 0.0053 0.0046 0.0013 0.0004 0.0002 0.0006 0.0005 0.0007 0.0007 0.0005 0.0007 0.0005 0.0003 0.0002 0.0002 0.0004 0.0003 0.0005 0.0004 0.0006 0.0002 0.0001 0.0005 0.0004 0.0003 0.0002 0.0002 0.0005 0.0002 
0.0039 0.0216 0.0063 0.0081 0.0055 0.0201 0.0224 0.0209 0.0087 0.0171 0.0221 0.0187 0.0081 0.0022 0.0039 0.0028 0.0034 0.0023 0.0011 0.0032 0.0029 0.0063 0.0056 0.0054 0.0076 0.0053 0.0052 0.0042 0.0068 0.0066 0.0053 0.0015 0.0005 0.0005 0.0010 0.0045 0.0018 0.0007 0.0016 0.0010 0.0011 0.0007 0.0009 0.0013 0.0013 0.0009 0.0009 0.0010 0.0005 0.0007 0.0012 0.0010 0.0013 0.0007 0.0005 0.0007 0.0009 0.0010 0.0006 0.0009 0.0005 0.0006 0.0005 0.0006 
0.0095 0.0125 0.0057 0.0027 0.0102 0.0023 0.0151 0.0220 0.0203 0.0240 0.0113 0.0049 0.0041 0.0028 0.0017 0.0024 0.0022 0.0027 0.0014 0.0013 0.0015 0.0031 0.0031 0.0016 0.0022 0.0011 0.0009 0.0017 0.0068 0.0019 0.0010 0.0009 0.0005 0.0004 0.0004 0.0032 0.0014 0.0006 0.0004 0.0005 0.0004 0.0006 0.0005 0.0007 0.0005 0.0006 0.0002 0.0003 0.0003 0.0005 0.0006 0.0005 0.0002 0.0005 0.0006 0.0005 0.0007 0.0006 0.0003 0.0006 0.0005 0.0002 0.0006 0.0004 
0.0023 0.0223 0.0047 0.0051 0.0034 0.0094 0.0090 0.0095 0.0104 0.0195 0.0120 0.0101 0.0033 0.0030 0.0017 0.0020 0.0013 0.0012 0.0012 0.0008 0.0012 0.0024 0.0018 0.0008 0.0024 0.0009 0.0008 0.0010 0.0052 0.0044 0.0014 0.0006 0.0005 0.0004 0.0004 0.0009 0.0008 0.0003 0.0003 0.0003 0.0004 0.0003 0.0005 0.0001 0.0001 0.0004 0.0005 0.0004 0.0003 0.0005 0.0004 0.0002 0.0004 0.0002 0.0001 0.0005 0.0002 0.0002 0.0004 0.0003 0.0004 0.0003 0.0002 0.0002 
0.0048 0.0201 0.0041 0.0034 0.0057 0.0092 0.0101 0.0032 0.0050 0.0150 0.0033 0.0052 0.0022 0.0012 0.0009 0.0011 0.0014 0.0008 0.0006 0.0008 0.0007 0.0019 0.0008 0.0008 0.0011 0.0008 0.0009 0.0004 0.0012 0.0020 0.0008 0.0006 0.0005 0.0003 0.0005 0.0007 0.0005 0.0003 0.0006 0.0003 0.0003 0.0004 0.0002 0.0004 0.0004 0.0008 0.0004 0.0006 0.0004 0.0005 0.0003 0.0003 0.0006 0.0006 0.0004 0.0005 0.0007 0.0003 0.0004 0.0003 0.0003 0.0003 0.0005 0.0003 
0.0059 0.0212 0.0036 0.0023 0.0066 0.0091 0.0051 0.0071 0.0039 0.0090 0.0054 0.0066 0.0028 0.0019 0.0014 0.0012 0.0012 0.0012 0.0010 0.0012 0.0008 0.0009 0.0006 0.0010 0.0008 0.0005 0.0004 0.0007 0.0013 0.0013 0.0011 0.0006 0.0006 0.0005 0.0006 0.0007 0.0006 0.0006 0.0005 0.0003 0.0004 0.0009 0.0005 0.0004 0.0006 0.0009 0.0008 0.0003 0.0003 0.0004 0.0005 0.0007 0.0005 0.0002 0.0005 0.0005 0.0005 0.0004 0.0006 0.0002 0.0004 0.0005 0.0006 0.0002 
0.0031 0.0184 0.0035 0.0026 0.0029 0.0098 0.0072 0.0063 0.0028 0.0063 0.0063 0.0026 0.0012 0.0010 0.0007 0.0007 0.0005 0.0007 0.0004 0.0003 0.0003 0.0003 0.0004 0.0006 0.0003 0.0003 0.0004 0.0003 0.0013 0.0003 0.0008 0.0005 0.0003 0.0003 0.0002 0.0004 0.0005 0.0001 0.0004 0.0003 0.0002 0.0002 0.0003 0.0003 0.0002 0.0005 0.0003 0.0003 0.0005 0.0004 0.0009 0.0003 0.0001 0.0006 0.0006 0.0003 0.0004 0.0003 0.0001 0.0003 0.0005 0.0003 0.0003 0.0002 
0.0030 0.0143 0.0021 0.0015 0.0039 0.0057 0.0071 0.0055 0.0039 0.0037 0.0027 0.0010 0.0008 0.0005 0.0003 0.0004 0.0004 0.0004 0.0003 0.0003 0.0003 0.0003 0.0003 0.0006 0.0004 0.0001 0.0003 0.0005 0.0005 0.0004 0.0002 0.0005 0.0004 0.0002 0.0003 0.0002 0.0005 0.0003 0.0002 0.0005 0.0002 0.0001 0.0003 0.0002 0.0003 0.0004 0.0002 0.0005 0.0006 0.0005 0.0006 0.0003 0.0006 0.0002 0.0004 0.0003 0.0003 0.0002 0.0003 0.0003 0.0004 0.0001 0.0003 0.0003 
0.0042 0.0097 0.0013 0.0006 0.0011 0.0038 0.0019 0.0032 0.0047 0.0058 0.0025 0.0006 0.0003 0.0004 0.0002 0.0002 0.0002 0.0003 0.0002 0.0001 0.0002 0.0002 0.0003 0.0001 0.0002 0.0002 0.0002 0.0003 0.0003 0.0007 0.0002 0.0002 0.0001 0.0002 0.0002 0.0003 0.0002 0.0004 0.0002 0.0003 0.0003 0.0003 0.0002 0.0003 0.0003 0.0002 0.0004 0.0003 0.0004 0.0004 0.0002 0.0002 0.0003 0.0002 0.0001 0.0002 0.0003 0.0004 0.0002 0.0005 0.0003 0.0001 0.0002 0.0003 
0.0011 0.0065 0.0009 0.0009 0.0008 0.0034 0.0010 0.0023 0.0019 0.0019 0.0032 0.0009 0.0004 0.0004 0.0004 0.0003 0.0004 0.0005 0.0002 0.0003 0.0004 0.0003 0.0002 0.0001 0.0003 0.0002 0.0003 0.0002 0.0003 0.0001 0.0001 0.0002 0.0002 0.0002 0.0003 0.0002 0.0004 0.0002 0.0001 0.0001 0.0003 0.0005 0.0002 0.0003 0.0001 0.0005 0.0005 0.0002 0.0003 0.0003 0.0005 0.0006 0.0004 0.0003 0.0006 0.0004 0.0006 0.0002 0.0003 0.0005 0.0003 0.0003 0.0002 0.0003 
0.0014 0.0030 0.0006 0.0004 0.0009 0.0011 0.0010 0.0012 0.0034 0.0009 0.0015 0.0005 0.0004 0.0002 0.0002 0.0003 0.0001 0.0003 0.0002 0.0003 0.0004 0.0003 0.0003 0.0001 0.0005 0.0002 0.0002 0.0003 0.0004 0.0003 0.0003 0.0002 0.0002 0.0002 0.0004 0.0003 0.0003 0.0002 0.0004 0.0007 0.0001 0.0003 0.0004 0.0004 0.0002 0.0003 0.0002 0.0005 0.0005 0.0003 0.0005 0.0003 0.0007 0.0004 0.0002 0.0002 0.0006 0.0003 0.0001 0.0005 0.0003 0.0004 0.0002 0.0004 
0.0008 0.0020 0.0002 0.0003 0.0002 0.0011 0.0008 0.0010 0.0021 0.0015 0.0016 0.0000 0.0002 0.0002 0.0002 0.0002 0.0002 0.0001 0.0002 0.0002 0.0002 0.0002 0.0002 0.0001 0.0002 0.0002 0.0002 0.0004 0.0003 0.0002 0.0002 0.0002 0.0003 0.0002 0.0004 0.0002 0.0003 0.0003 0.0002 0.0003 0.0003 0.0003 0.0004 0.0002 0.0003 0.0004 0.0003 0.0005 0.0003 0.0004 0.0004 0.0003 0.0003 0.0002 0.0004 0.0003 0.0001 0.0003 0.0003 0.0001 0.0003 0.0002 0.0005 0.0002 
0.0008 0.0014 0.0002 0.0003 0.0001 0.0005 0.0007 0.0004 0.0011 0.0008 0.0012 0.0003 0.0003 0.0005 0.0001 0.0003 0.0001 0.0002 0.0002 0.0001 0.0003 0.0003 0.0003 0.0002 0.0002 0.0002 0.0002 0.0004 0.0002 0.0003 0.0001 0.0003 0.0001 0.0004 0.0005 0.0002 0.0003 0.0003 0.0005 0.0005 0.0006 0.0003 0.0003 0.0002 0.0001 0.0001 0.0002 0.0006 0.0005 0.0004 0.0005 0.0002 0.0004 0.0007 0.0002 0.0004 0.0001 0.0003 0.0001 0.0003 0.0006 0.0003 0.0002 0.0003 
0.0006 0.0023 0.0002 0.0001 0.0004 0.0009 0.0007 0.0001 0.0005 0.0004 0.0014 0.0003 0.0002 0.0003 0.0003 0.0003 0.0001 0.0001 0.0001 0.0002 0.0005 0.0003 0.0001 0.0004 0.0004 0.0004 0.0002 0.0003 0.0003 0.0003 0.0004 0.0004 0.0001 0.0002 0.0002 0.0002 0.0003 0.0003 0.0002 0.0006 0.0009 0.0005 0.0003 0.0002 0.0003 0.0003 0.0006 0.0006 0.0004 0.0002 0.0004 0.0004 0.0004 0.0003 0.0003 0.0002 0.0004 0.0001 0.0002 0.0003 0.0003 0.0002 0.0006 0.0003 
0.0008 0.0027 0.0004 0.0003 0.0002 0.0003 0.0004 0.0004 0.0005 0.0004 0.0012 0.0002 0.0002 0.0001 0.0003 0.0004 0.0001 0.0004 0.0002 0.0002 0.0003 0.0002 0.0003 0.0001 0.0003 0.0002 0.0001 0.0001 0.0002 0.0004 0.0001 0.0003 0.0002 0.0004 0.0001 0.0003 0.0004 0.0004 0.0005 0.0004 0.0002 0.0005 0.0003 0.0001 0.0003 0.0004 0.0005 0.0005 0.0005 0.0003 0.0003 0.0002 0.0004 0.0003 0.0004 0.0003 0.0001 0.0003 0.0003 0.0003 0.0004 0.0003 0.0006 0.0004 
0.0004 0.0024 0.0004 0.0001 0.0004 0.0004 0.0002 0.0004 0.0002 0.0003 0.0002 0.0000 0.0002 0.0001 0.0001 0.0002 0.0002 0.0002 0.0003 0.0002 0.0002 0.0003 0.0000 0.0001 0.0002 0.0003 0.0003 0.0001 0.0003 0.0001 0.0003 0.0005 0.0002 0.0004 0.0003 0.0006 0.0003 0.0003 0.0003 0.0002 0.0002 0.0005 0.0002 0.0003 0.0003 0.0005 0.0003 0.0003 0.0002 0.0004 0.0003 0.0003 0.0003 0.0004 0.0003 0.0005 0.0002 0.0004 0.0002 0.0004 0.0003 0.0004 0.0003 0.0001 
0.0004 0.0017 0.0002 0.0003 0.0002 0.0003 0.0003 0.0006 0.0004 0.0001 0.0002 0.0002 0.0002 0.0001 0.0003 0.0002 0.0002 0.0002 0.0002 0.0001 0.0002 0.0002 0.0003 0.0002 0.0001 0.0002 0.0000 0.0002 0.0002 0.0002 0.0001 0.0001 0.0003 0.0002 0.0002 0.0003 0.0003 0.0004 0.0002 0.0003 0.0003 0.0002 0.0005 0.0002 0.0004 0.0005 0.0007 0.0004 0.0004 0.0004 0.0004 0.0004 0.0003 0.0003 0.0003 0.0003 0.0003 0.0003 0.0004 0.0004 0.0001 0.0003 0.0003 0.0001 
0.0003 0.0015 0.0002 0.0003 0.0004 0.0003 0.0001 0.0003 0.0003 0.0002 0.0003 0.0001 0.0004 0.0001 0.0003 0.0003 0.0000 0.0001 0.0001 0.0002 0.0002 0.0001 0.0002 0.0002 0.0005 0.0002 0.0001 0.0002 0.0000 0.0002 0.0003 0.0002 0.0005 0.0003 0.0004 0.0005 0.0003 0.0001 0.0005 0.0003 0.0004 0.0003 0.0003 0.0001 0.0002 0.0004 0.0004 0.0006 0.0004 0.0005 0.0002 0.0003 0.0002 0.0003 0.0004 0.0004 0.0004 0.0005 0.0001 0.0003 0.0003 0.0003 0.0002 0.0005 
0.0004 0.0007 0.0002 0.0002 0.0000 0.0003 0.0001 0.0001 0.0003 0.0001 0.0004 0.0003 0.0003 0.0001 0.0002 0.0001 0.0001 0.0003 0.0002 0.0002 0.0002 0.0001 0.0002 0.0003 0.0002 0.0001 0.0002 0.0006 0.0002 0.0002 0.0001 0.0004 0.0004 0.0002 0.0003 0.0003 0.0002 0.0002 0.0003 0.0003 0.0005 0.0003 0.0003 0.0005 0.0005 0.0003 0.0002 0.0006 0.0006 0.0003 0.0003 0.0006 0.0003 0.0004 0.0006 0.0005 0.0004 0.0003 0.0003 0.0004 0.0001 0.0004 0.0002 0.0004 
0.0001 0.0008 0.0002 0.0001 0.0001 0.0001 0.0001 0.0002 0.0001 0.0002 0.0004 0.0001 0.0002 0.0001 0.0002 0.0003 0.0001 0.0001 0.0002 0.0001 0.0002 0.0003 0.0002 0.0002 0.0004 0.0003 0.0002 0.0003 0.0003 0.0002 0.0005 0.0003 0.0003 0.0003 0.0001 0.0002 0.0002 0.0002 0.0003 0.0003 0.0005 0.0001 0.0006 0.0007 0.0002 0.0003 0.0003 0.0006 0.0004 0.0006 0.0003 0.0003 0.0003 0.0002 0.0004 0.0004 0.0002 0.0004 0.0002 0.0003 0.0003 0.0003 0.0004 0.0003 
0.0002 0.0003 0.0000 0.0002 0.0002 0.0001 0.0002 0.0004 0.0002 0.0002 0.0003 0.0003 0.0003 0.0002 0.0003 0.0005 0.0002 0.0002 0.0002 0.0002 0.0002 0.0002 0.0002 0.0001 0.0001 0.0002 0.0002 0.0003 0.0003 0.0002 0.0003 0.0004 0.0003 0.0002 0.0004 0.0005 0.0003 0.0003 0.0002 0.0004 0.0002 0.0003 0.0006 0.0007 0.0002 0.0004 0.0005 0.0006 0.0004 0.0004 0.0004 0.0006 0.0003 0.0004 0.0002 0.0001 0.0003 0.0004 0.0003 0.0004 0.0004 0.0002 0.0003 0.0005 
0.0002 0.0007 0.0001 0.0001 0.0001 0.0005 0.0001 0.0002 0.0001 0.0005 0.0002 0.0004 0.0003 0.0001 0.0003 0.0007 0.0003 0.0001 0.0003 0.0002 0.0001 0.0003 0.0002 0.0002 0.0003 0.0003 0.0001 0.0002 0.0004 0.0002 0.0007 0.0002 0.0004 0.0002 0.0001 0.0003 0.0003 0.0006 0.0003 0.0002 0.0002 0.0001 0.0003 0.0006 0.0002 0.0005 0.0004 0.0004 0.0004 0.0004 0.0002 0.0002 0.0002 0.0004 0.0003 0.0003 0.0003 0.0003 0.0002 0.0004 0.0008 0.0008 0.0004 0.0003 
0.0003 0.0001 0.0002 0.0002 0.0004 0.0001 0.0004 0.0002 0.0003 0.0001 0.0002 0.0001 0.0003 0.0002 0.0001 0.0002 0.0001 0.0001 0.0002 0.0002 0.0001 0.0005 0.0002 0.0002 0.0001 0.0001 0.0002 0.0002 0.0002 0.0002 0.0007 0.0004 0.0005 0.0005 0.0003 0.0004 0.0004 0.0005 0.0001 0.0004 0.0004 0.0002 0.0004 0.0004 0.0003 0.0005 0.0006 0.0004 0.0003 0.0003 0.0002 0.0003 0.0004 0.0005 0.0003 0.0002 0.0002 0.0003 0.0004 0.0003 0.0007 0.0002 0.0003 0.0003 
