0.0003 0.0002 0.0001 0.0002 0.0002 0.0004 0.0001 0.0002 0.0001 0.0004 0.0006 0.0002 0.0002 0.0004 0.0002 0.0002 0.0002 0.0005 0.0004 0.0004 0.0003 0.0004 0.0002 0.0004 0.0004 0.0006 0.0006 0.0003 0.0001 0.0005 0.0007 0.0006 0.0005 0.0004 0.0003 0.0005 0.0004 0.0006 0.0003 0.0003 0.0003 0.0004 0.0004 0.0004 0.0002 0.0005 0.0002 0.0004 0.0005 0.0005 0.0005 0.0003 0.0005 0.0003 0.0002 0.0005 0.0005 0.0003 0.0002 0.0004 0.0003 0.0002 0.0004 0.0003 
0.0003 0.0002 0.0001 0.0002 0.0001 0.0001 0.0002 0.0000 0.0002 0.0001 0.0003 0.0001 0.0003 0.0004 0.0004 0.0002 0.0003 0.0003 0.0005 0.0004 0.0002 0.0003 0.0002 0.0005 0.0003 0.0003 0.0004 0.0003 0.0003 0.0002 0.0005 0.0004 0.0003 0.0002 0.0003 0.0006 0.0002 0.0005 0.0005 0.0005 0.0004 0.0006 0.0003 0.0003 0.0003 0.0004 0.0003 0.0006 0.0004 0.0002 0.0003 0.0005 0.0005 0.0005 0.0005 0.0004 0.0001 0.0003 0.0003 0.0003 0.0004 0.0004 0.0003 0.0003 
0.0001 0.0005 0.0001 0.0001 0.0001 0.0001 0.0003 0.0001 0.0000 0.0002 0.0002 0.0003 0.0001 0.0002 0.0002 0.0002 0.0004 0.0003 0.0003 0.0002 0.0002 0.0003 0.0002 0.0003 0.0003 0.0003 0.0004 0.0003 0.0003 0.0002 0.0002 0.0001 0.0004 0.0004 0.0001 0.0002 0.0003 0.0003 0.0007 0.0003 0.0004 0.0004 0.0002 0.0006 0.0006 0.0009 0.0004 0.0005 0.0006 0.0003 0.0004 0.0005 0.0002 0.0005 0.0003 0.0002 0.0003 0.0002 0.0002 0.0002 0.0005 0.0004 0.0006 0.0005 
0.0001 0.0002 0.0002 0.0002 0.0003 0.0002 0.0001 0.0002 0.0001 0.0001 0.0003 0.0001 0.0002 0.0001 0.0003 0.0002 0.0004 0.0003 0.0002 0.0003 0.0004 0.0002 0.0003 0.0002 0.0002 0.0004 0.0002 0.0001 0.0002 0.0004 0.0006 0.0003 0.0002 0.0001 0.0005 0.0006 0.0004 0.0003 0.0008 0.0004 0.0003 0.0004 0.0004 0.0006 0.0005 0.0005 0.0003 0.0001 0.0008 0.0003 0.0003 0.0005 0.0002 0.0003 0.0003 0.0003 0.0002 0.0002 0.0005 0.0003 0.0003 0.0003 0.0003 0.0001 
0.0001 0.0001 0.0002 0.0002 0.0002 0.0003 0.0002 0.0003 0.0001 0.0002 0.0001 0.0002 0.0002 0.0001 0.0002 0.0003 0.0002 0.0004 0.0001 0.0002 0.0003 0.0002 0.0002 0.0005 0.0005 0.0004 0.0002 0.0001 0.0005 0.0004 0.0003 0.0001 0.0002 0.0002 0.0002 0.0006 0.0003 0.0004 0.0005 0.0003 0.0001 0.0004 0.0002 0.0005 0.0002 0.0005 0.0004 0.0003 0.0003 0.0004 0.0001 0.0005 0.0003 0.0005 0.0005 0.0002 0.0003 0.0004 0.0003 0.0002 0.0005 0.0005 0.0004 0.0002 
0.0002 0.0002 0.0002 0.0002 0.0003 0.0002 0.0002 0.0003 0.0001 0.0002 0.0001 0.0002 0.0001 0.0001 0.0002 0.0002 0.0002 0.0001 0.0003 0.0002 0.0003 0.0004 0.0002 0.0002 0.0001 0.0002 0.0003 0.0004 0.0007 0.0004 0.0004 0.0003 0.0001 0.0001 0.0003 0.0004 0.0004 0.0002 0.0002 0.0002 0.0003 0.0003 0.0008 0.0003 0.0003 0.0002 0.0004 0.0003 0.0003 0.0002 0.0002 0.0004 0.0005 0.0002 0.0003 0.0004 0.0002 0.0002 0.0002 0.0004 0.0005 0.0004 0.0005 0.0004 
0.0002 0.0001 0.0001 0.0002 0.0002 0.0001 0.0002 0.0004 0.0001 0.0001 0.0001 0.0002 0.0001 0.0003 0.0002 0.0001 0.0001 0.0001 0.0003 0.0004 0.0001 0.0003 0.0003 0.0005 0.0003 0.0001 0.0001 0.0003 0.0001 0.0005 0.0001 0.0004 0.0004 0.0002 0.0003 0.0003 0.0004 0.0001 0.0003 0.0004 0.0002 0.0003 0.0004 0.0003 0.0004 0.0005 0.0004 0.0005 0.0004 0.0004 0.0003 0.0005 0.0003 0.0004 0.0003 0.0002 0.0003 0.0003 0.0003 0.0005 0.0003 0.0004 0.0004 0.0003 
0.0002 0.0001 0.0001 0.0002 0.0002 0.0002 0.0001 0.0001 0.0001 0.0002 0.0002 0.0001 0.0001 0.0003 0.0001 0.0001 0.0003 0.0003 0.0004 0.0003 0.0002 0.0002 0.0001 0.0001 0.0003 0.0005 0.0004 0.0002 0.0003 0.0005 0.0001 0.0002 0.0006 0.0001 0.0002 0.0004 0.0004 0.0005 0.0007 0.0002 0.0002 0.0003 0.0002 0.0004 0.0003 0.0003 0.0003 0.0003 0.0004 0.0002 0.0004 0.0005 0.0005 0.0008 0.0006 0.0003 0.0005 0.0003 0.0001 0.0003 0.0005 0.0002 0.0002 0.0004 
0.0002 0.0001 0.0002 0.0001 0.0002 0.0001 0.0001 0.0003 0.0002 0.0002 0.0003 0.0002 0.0005 0.0003 0.0003 0.0002 0.0002 0.0001 0.0001 0.0003 0.0002 0.0002 0.0001 0.0000 0.0002 0.0002 0.0002 0.0002 0.0001 0.0006 0.0004 0.0006 0.0002 0.0001 0.0002 0.0002 0.0002 0.0005 0.0006 0.0002 0.0003 0.0003 0.0002 0.0002 0.0003 0.0003 0.0002 0.0004 0.0004 0.0003 0.0006 0.0003 0.0003 0.0003 0.0003 0.0003 0.0005 0.0002 0.0003 0.0005 0.0001 0.0002 0.0005 0.0001 
0.0001 0.0001 0.0001 0.0002 0.0002 0.0001 0.0002 0.0002 0.0001 0.0001 0.0002 0.0002 0.0002 0.0002 0.0004 0.0002 0.0002 0.0003 0.0003 0.0002 0.0003 0.0002 0.0001 0.0001 0.0002 0.0001 0.0001 0.0003 0.0002 0.0005 0.0002 0.0004 0.0002 0.0003 0.0004 0.0002 0.0002 0.0006 0.0010 0.0005 0.0003 0.0002 0.0005 0.0003 0.0005 0.0004 0.0005 0.0004 0.0005 0.0002 0.0003 0.0003 0.0004 0.0003 0.0003 0.0003 0.0003 0.0004 0.0002 0.0004 0.0002 0.0003 0.0003 0.0003 
0.0001 0.0002 0.0001 0.0001 0.0001 0.0002 0.0001 0.0002 0.0001 0.0001 0.0002 0.0002 0.0003 0.0002 0.0001 0.0002 0.0004 0.0001 0.0002 0.0005 0.0002 0.0002 0.0002 0.0003 0.0003 0.0003 0.0002 0.0003 0.0001 0.0003 0.0002 0.0002 0.0002 0.0004 0.0003 0.0006 0.0004 0.0005 0.0005 0.0002 0.0001 0.0003 0.0005 0.0002 0.0004 0.0005 0.0006 0.0003 0.0003 0.0004 0.0003 0.0003 0.0004 0.0003 0.0003 0.0003 0.0003 0.0005 0.0003 0.0002 0.0002 0.0003 0.0004 0.0003 
0.0001 0.0002 0.0003 0.0001 0.0002 0.0002 0.0003 0.0002 0.0001 0.0004 0.0003 0.0002 0.0001 0.0002 0.0004 0.0003 0.0001 0.0002 0.0003 0.0002 0.0003 0.0002 0.0003 0.0001 0.0002 0.0003 0.0002 0.0003 0.0003 0.0001 0.0004 0.0002 0.0003 0.0002 0.0004 0.0002 0.0003 0.0002 0.0003 0.0005 0.0003 0.0002 0.0002 0.0002 0.0002 0.0002 0.0007 0.0001 0.0005 0.0003 0.0005 0.0002 0.0005 0.0005 0.0003 0.0003 0.0005 0.0002 0.0003 0.0005 0.0004 0.0004 0.0001 0.0005 
0.0003 0.0002 0.0002 0.0001 0.0003 0.0002 0.0002 0.0002 0.0001 0.0002 0.0003 0.0001 0.0002 0.0002 0.0009 0.0003 0.0003 0.0003 0.0001 0.0002 0.0002 0.0005 0.0003 0.0005 0.0001 0.0002 0.0007 0.0003 0.0004 0.0002 0.0002 0.0003 0.0003 0.0001 0.0003 0.0003 0.0003 0.0005 0.0003 0.0005 0.0003 0.0003 0.0003 0.0004 0.0003 0.0003 0.0007 0.0003 0.0004 0.0003 0.0003 0.0003 0.0003 0.0009 0.0004 0.0002 0.0003 0.0002 0.0004 0.0004 0.0001 0.0003 0.0007 0.0007 
0.0004 0.0001 0.0003 0.0002 0.0002 0.0001 0.0002 0.0004 0.0003 0.0002 0.0003 0.0002 0.0003 0.0002 0.0005 0.0003 0.0003 0.0002 0.0001 0.0001 0.0002 0.0003 0.0003 0.0001 0.0002 0.0003 0.0007 0.0005 0.0001 0.0002 0.0001 0.0003 0.0004 0.0003 0.0005 0.0005 0.0002 0.0003 0.0003 0.0007 0.0004 0.0001 0.0003 0.0003 0.0004 0.0004 0.0005 0.0003 0.0003 0.0004 0.0006 0.0002 0.0004 0.0006 0.0003 0.0003 0.0001 0.0002 0.0004 0.0003 0.0006 0.0003 0.0004 0.0005 
0.0002 0.0002 0.0002 0.0001 0.0001 0.0001 0.0002 0.0001 0.0002 0.0001 0.0004 0.0003 0.0002 0.0002 0.0005 0.0002 0.0001 0.0003 0.0002 0.0002 0.0003 0.0003 0.0005 0.0006 0.0003 0.0001 0.0004 0.0002 0.0004 0.0002 0.0002 0.0001 0.0001 0.0005 0.0003 0.0004 0.0002 0.0004 0.0002 0.0003 0.0002 0.0004 0.0003 0.0005 0.0006 0.0003 0.0012 0.0002 0.0003 0.0003 0.0002 0.0004 0.0004 0.0003 0.0004 0.0003 0.0003 0.0004 0.0003 0.0003 0.0004 0.0002 0.0004 0.0002 
0.0001 0.0002 0.0001 0.0001 0.0002 0.0001 0.0002 0.0001 0.0001 0.0002 0.0004 0.0001 0.0005 0.0002 0.0002 0.0000 0.0004 0.0002 0.0002 0.0002 0.0001 0.0004 0.0004 0.0004 0.0001 0.0003 0.0003 0.0002 0.0006 0.0002 0.0003 0.0002 0.0003 0.0002 0.0002 0.0004 0.0003 0.0002 0.0005 0.0004 0.0003 0.0004 0.0003 0.0002 0.0009 0.0005 0.0009 0.0004 0.0004 0.0004 0.0003 0.0004 0.0005 0.0003 0.0002 0.0004 0.0003 0.0002 0.0003 0.0004 0.0003 0.0001 0.0005 0.0003 
0.0001 0.0003 0.0001 0.0003 0.0002 0.0002 0.0001 0.0001 0.0001 0.0003 0.0002 0.0002 0.0002 0.0003 0.0003 0.0002 0.0004 0.0002 0.0002 0.0002 0.0001 0.0001 0.0002 0.0001 0.0002 0.0001 0.0003 0.0006 0.0009 0.0003 0.0002 0.0004 0.0004 0.0004 0.0003 0.0004 0.0002 0.0003 0.0003 0.0003 0.0005 0.0004 0.0004 0.0004 0.0009 0.0004 0.0006 0.0003 0.0002 0.0008 0.0006 0.0005 0.0004 0.0004 0.0003 0.0004 0.0006 0.0002 0.0001 0.0004 0.0002 0.0004 0.0005 0.0001 
0.0001 0.0002 0.0001 0.0002 0.0001 0.0002 0.0004 0.0001 0.0002 0.0002 0.0004 0.0001 0.0003 0.0001 0.0002 0.0002 0.0002 0.0002 0.0001 0.0003 0.0001 0.0004 0.0004 0.0003 0.0002 0.0002 0.0002 0.0004 0.0003 0.0005 0.0003 0.0004 0.0010 0.0003 0.0002 0.0003 0.0002 0.0004 0.0005 0.0004 0.0004 0.0003 0.0004 0.0005 0.0008 0.0005 0.0005 0.0006 0.0001 0.0006 0.0004 0.0001 0.0001 0.0002 0.0005 0.0005 0.0003 0.0004 0.0004 0.0003 0.0005 0.0003 0.0005 0.0004 
0.0001 0.0002 0.0002 0.0002 0.0002 0.0003 0.0002 0.0002 0.0003 0.0001 0.0005 0.0005 0.0004 0.0004 0.0003 0.0002 0.0003 0.0002 0.0004 0.0003 0.0001 0.0005 0.0002 0.0004 0.0002 0.0005 0.0005 0.0003 0.0002 0.0004 0.0005 0.0005 0.0005 0.0007 0.0006 0.0002 0.0002 0.0005 0.0003 0.0007 0.0004 0.0004 0.0004 0.0005 0.0003 0.0006 0.0005 0.0007 0.0002 0.0004 0.0004 0.0005 0.0003 0.0004 0.0002 0.0005 0.0004 0.0007 0.0007 0.0003 0.0002 0.0003 0.0003 0.0002 
0.0000 0.0002 0.0001 0.0002 0.0002 0.0006 0.0003 0.0012 0.0004 0.0006 0.0005 0.0006 0.0013 0.0009 0.0010 0.0007 0.0008 0.0009 0.0011 0.0004 0.0006 0.0008 0.0006 0.0007 0.0014 0.0013 0.0007 0.0018 0.0006 0.0007 0.0003 0.0022 0.0008 0.0012 0.0007 0.0009 0.0011 0.0026 0.0015 0.0016 0.0009 0.0017 0.0008 0.0013 0.0011 0.0021 0.0009 0.0008 0.0010 0.0013 0.0016 0.0020 0.0020 0.0017 0.0015 0.0006 0.0007 0.0007 0.0003 0.0005 0.0003 0.0002 0.0002 0.0003 
0.0024 0.0025 0.0024 0.0036 0.0055 0.0077 0.0031 0.0151 0.0104 0.0091 0.0150 0.0124 0.0171 0.0118 0.0223 0.0122 0.0091 0.0246 0.0041 0.0198 0.0091 0.0099 0.0035 0.0098 0.0407 0.0377 0.0600 0.0328 0.0179 0.0065 0.0081 0.0239 0.0283 0.0135 0.0174 0.0189 0.0230 0.0361 0.0417 0.0561 0.0280 0.0566 0.0375 0.0432 0.0710 0.0781 0.0669 0.0715 0.0427 0.0377 0.0220 0.0693 0.0158 0.0497 0.0480 0.0110 0.0094 0.0253 0.0039 0.0054 0.0033 0.0031 0.0024 0.0020 
0.0052 0.0058 0.0030 0.0074 0.0210 0.0148 0.0083 0.0161 0.0154 0.0111 0.0284 0.0076 0.0115 0.0177 0.0685 0.0324 0.0570 0.0274 0.0132 0.0074 0.0098 0.0182 0.0176 0.0226 0.0766 0.0363 0.0909 0.0936 0.0633 0.0245 0.0228 0.0468 0.0155 0.0233 0.0526 0.0697 0.0473 0.1018 0.0742 0.0891 0.1000 0.1280 0.1556 0.1810 0.1284 0.1018 0.0543 0.1730 0.1824 0.1147 0.0163 0.1635 0.0999 0.1441 0.0487 0.0540 0.0968 0.1049 0.0509 0.0206 0.0120 0.0056 0.0039 0.0041 
0.0092 0.0089 0.0083 0.0081 0.0096 0.0109 0.0096 0.0152 0.0074 0.0031 0.0179 0.0151 0.0305 0.0338 0.0367 0.0347 0.0293 0.0204 0.0191 0.0221 0.0139 0.0168 0.0202 0.0320 0.0355 0.0093 0.0335 0.0327 0.0607 0.0493 0.0653 0.0527 0.0368 0.0338 0.1399 0.1255 0.1824 0.1183 0.1286 0.1187 0.1353 0.1511 0.1636 0.0236 0.0507 0.2010 0.1852 0.2320 0.1433 0.1756 0.0669 0.1434 0.0672 0.0825 0.0862 0.0723 0.0475 0.0357 0.0182 0.0318 0.0218 0.0197 0.0166 0.0158 
0.0013 0.0013 0.0016 0.0020 0.0041 0.0057 0.0061 0.0040 0.0065 0.0033 0.0121 0.0081 0.0052 0.0220 0.0388 0.0337 0.0230 0.0178 0.0258 0.0187 0.0195 0.0142 0.0145 0.0156 0.0261 0.0554 0.0679 0.0550 0.1643 0.0582 0.1294 0.1148 0.0522 0.1199 0.0807 0.2406 0.2388 0.2324 0.2632 0.0827 0.2240 0.0938 0.0939 0.0852 0.1934 0.1512 0.1412 0.1271 0.2680 0.1077 0.0985 0.1464 0.0788 0.0749 0.0840 0.0683 0.0639 0.0435 0.0435 0.0229 0.0203 0.0194 0.0179 0.0189 
0.0151 0.0150 0.0155 0.0157 0.0146 0.0155 0.0169 0.0187 0.0182 0.0147 0.0073 0.0211 0.0099 0.0145 0.0206 0.0612 0.0268 0.0352 0.0225 0.0344 0.0335 0.0321 0.0379 0.0318 0.0630 0.0875 0.1799 0.2123 0.2333 0.1745 0.2409 0.0780 0.1023 0.1131 0.2058 0.1235 0.2236 0.1386 0.2464 0.1357 0.1773 0.1653 0.1454 0.1375 0.0645 0.2413 0.1506 0.3275 0.2832 0.1518 0.1363 0.1672 0.1106 0.1299 0.0543 0.0552 0.0625 0.0428 0.0332 0.0198 0.0129 0.0071 0.0056 0.0065 
0.0143 0.0145 0.0145 0.0141 0.0151 0.0178 0.0170 0.0138 0.0112 0.0158 0.0209 0.0187 0.0173 0.0157 0.0411 0.0625 0.0261 0.0199 0.0181 0.0167 0.0117 0.0185 0.0418 0.0580 0.0374 0.1298 0.0780 0.1484 0.1983 0.1428 0.2713 0.0989 0.1194 0.0995 0.1545 0.0895 0.1759 0.1446 0.0584 0.0831 0.1164 0.1422 0.1576 0.1303 0.1869 0.1151 0.1405 0.2863 0.2458 0.1312 0.0609 0.0907 0.1186 0.0415 0.1100 0.0908 0.0666 0.0306 0.0397 0.0170 0.0147 0.0172 0.0155 0.0147 
0.0064 0.0073 0.0070 0.0055 0.0084 0.0068 0.0073 0.0091 0.0086 0.0096 0.0135 0.0075 0.0102 0.0142 0.0716 0.0312 0.0278 0.0138 0.0075 0.0188 0.0135 0.0161 0.0092 0.0068 0.0438 0.0493 0.1141 0.1494 0.1789 0.2000 0.1978 0.1124 0.0353 0.0637 0.0849 0.1902 0.1692 0.0811 0.0558 0.1420 0.0776 0.0384 0.1939 0.1546 0.0596 0.1366 0.1160 0.2384 0.1149 0.1117 0.0559 0.0324 0.0642 0.0652 0.0663 0.0273 0.0583 0.0353 0.0195 0.0181 0.0096 0.0106 0.0095 0.0087 
0.0138 0.0430 0.0699 0.0322 0.0170 0.0165 0.0084 0.0143 0.0126 0.0103 0.0139 0.0117 0.0088 0.0256 0.0762 0.2011 0.1529 0.0318 0.0367 0.0379 0.0091 0.0368 0.0229 0.0272 0.0365 0.0625 0.0812 0.0664 0.1384 0.0692 0.1007 0.0982 0.0125 0.0580 0.0339 0.0301 0.0435 0.0206 0.0709 0.0490 0.0679 0.0965 0.0531 0.0482 0.0430 0.0425 0.0286 0.0469 0.0588 0.0515 0.0338 0.0414 0.0312 0.0162 0.0131 0.0093 0.0151 0.0046 0.0015 0.0040 0.0012 0.0012 0.0003 0.0004 
0.0129 0.1145 0.1816 0.1348 0.0473 0.0318 0.0249 0.0199 0.0224 0.0282 0.0105 0.0346 0.0326 0.0444 0.1421 0.2700 0.3961 0.1660 0.0825 0.1076 0.0650 0.1642 0.1201 0.0688 0.1417 0.1472 0.2280 0.2402 0.3369 0.2018 0.1648 0.0964 0.0473 0.0328 0.0310 0.0213 0.0300 0.0277 0.0124 0.0162 0.0162 0.0154 0.0209 0.0183 0.0178 0.0193 0.0241 0.0203 0.0111 0.0173 0.0155 0.0150 0.0194 0.0047 0.0084 0.0075 0.0037 0.0022 0.0014 0.0008 0.0004 0.0001 0.0002 0.0003 
0.0343 0.1272 0.1329 0.1469 0.0707 0.0181 0.0080 0.0121 0.0114 0.0041 0.0092 0.0317 0.0113 0.0441 0.0599 0.1232 0.2241 0.2007 0.1307 0.0915 0.0447 0.1411 0.1764 0.0965 0.1354 0.1262 0.2264 0.2305 0.2069 0.1849 0.1242 0.0819 0.0747 0.0181 0.0305 0.0144 0.0149 0.0148 0.0116 0.0151 0.0138 0.0047 0.0113 0.0156 0.0070 0.0121 0.0066 0.0110 0.0078 0.0160 0.0077 0.0074 0.0130 0.0033 0.0028 0.0026 0.0013 0.0019 0.0023 0.0017 0.0013 0.0012 0.0015 0.0007 
0.0797 0.1032 0.1276 0.0888 0.0560 0.0343 0.0285 0.0221 0.0291 0.0288 0.0328 0.0259 0.0355 0.0357 0.0424 0.0818 0.2045 0.1355 0.0845 0.0775 0.0272 0.0753 0.0465 0.0692 0.1179 0.1229 0.1786 0.1987 0.1796 0.1051 0.0776 0.0757 0.0266 0.0212 0.0177 0.0178 0.0103 0.0091 0.0046 0.0065 0.0114 0.0075 0.0049 0.0119 0.0076 0.0088 0.0167 0.0076 0.0043 0.0112 0.0035 0.0032 0.0081 0.0025 0.0031 0.0023 0.0019 0.0013 0.0006 0.0011 0.0005 0.0007 0.0008 0.0006 
0.0387 0.1582 0.1249 0.0756 0.0995 0.0432 0.0274 0.0282 0.0240 0.0251 0.0224 0.0294 0.0321 0.0440 0.0370 0.0564 0.1330 0.1197 0.0740 0.0478 0.0720 0.0768 0.0580 0.1182 0.1917 0.1335 0.1753 0.2072 0.2642 0.1853 0.1281 0.1235 0.0459 0.0325 0.0403 0.0145 0.0183 0.0150 0.0131 0.0110 0.0118 0.0122 0.0067 0.0117 0.0099 0.0061 0.0119 0.0073 0.0114 0.0106 0.0048 0.0103 0.0040 0.0032 0.0046 0.0030 0.0028 0.0039 0.0038 0.0036 0.0039 0.0036 0.0035 0.0034 
0.0137 0.1544 0.1213 0.0714 0.0371 0.0182 0.0067 0.0154 0.0178 0.0120 0.0120 0.0096 0.0129 0.0167 0.0232 0.0312 0.0538 0.1204 0.0707 0.0621 0.0515 0.0631 0.0743 0.0802 0.1246 0.1006 0.1845 0.1657 0.1973 0.1587 0.1531 0.0981 0.0336 0.0179 0.0330 0.0070 0.0253 0.0044 0.0090 0.0063 0.0048 0.0054 0.0053 0.0068 0.0028 0.0045 0.0063 0.0036 0.0046 0.0024 0.0042 0.0021 0.0039 0.0026 0.0024 0.0035 0.0030 0.0026 0.0029 0.0029 0.0028 0.0026 0.0023 0.0027 
0.0159 0.1589 0.1204 0.0375 0.0495 0.0145 0.0107 0.0169 0.0187 0.0112 0.0123 0.0049 0.0185 0.0125 0.0335 0.0252 0.0325 0.0977 0.0586 0.0540 0.0254 0.0424 0.0785 0.0967 0.1107 0.1055 0.1577 0.1141 0.1680 0.1491 0.1636 0.0803 0.0536 0.0123 0.0202 0.0061 0.0128 0.0053 0.0085 0.0060 0.0072 0.0057 0.0057 0.0028 0.0046 0.0043 0.0024 0.0047 0.0031 0.0056 0.0036 0.0049 0.0034 0.0040 0.0042 0.0037 0.0033 0.0038 0.0038 0.0035 0.0036 0.0035 0.0033 0.0032 
0.0253 0.1181 0.0868 0.0365 0.0267 0.0140 0.0110 0.0162 0.0108 0.0036 0.0043 0.0061 0.0044 0.0113 0.0236 0.0241 0.0233 0.0787 0.0411 0.0262 0.0259 0.0298 0.0614 0.0430 0.0309 0.0149 0.0317 0.0304 0.0248 0.0722 0.0154 0.0337 0.0160 0.0070 0.0121 0.0089 0.0109 0.0035 0.0038 0.0030 0.0029 0.0033 0.0019 0.0031 0.0023 0.0024 0.0021 0.0019 0.0034 0.0035 0.0028 0.0025 0.0028 0.0020 0.0021 0.0026 0.0021 0.0025 0.0024 0.0023 0.0024 0.0024 0.0024 0.0021 
0.0414 0.0813 0.0330 0.0399 0.0291 0.0080 0.0074 0.0076 0.0091 0.0029 0.0063 0.0036 0.0022 0.0068 0.0125 0.0157 0.0161 0.0254 0.0102 0.0127 0.0080 0.0215 0.0141 0.0331 0.0216 0.0168 0.0268 0.0145 0.0280 0.0179 0.0214 0.0107 0.0150 0.0110 0.0080 0.0055 0.0064 0.0025 0.0009 0.0006 0.0007 0.0009 0.0013 0.0002 0.0002 0.0012 0.0008 0.0009 0.0023 0.0011 0.0004 0.0008 0.0006 0.0003 0.0002 0.0005 0.0003 0.0003 0.0003 0.0005 0.0006 0.0003 0.0004 0.0002 
0.0214 0.0765 0.0213 0.0296 0.0084 0.0145 0.0063 0.0041 0.0058 0.0054 0.0042 0.0046 0.0055 0.0058 0.0102 0.0108 0.0070 0.0052 0.0150 0.0096 0.0111 0.0067 0.0127 0.0134 0.0058 0.0100 0.0065 0.0026 0.0110 0.0197 0.0148 0.0064 0.0036 0.0027 0.0035 0.0059 0.0055 0.0017 0.0011 0.0014 0.0016 0.0012 0.0011 0.0011 0.0008 0.0007 0.0008 0.0006 0.0011 0.0013 0.0016 0.0012 0.0008 0.0010 0.0008 0.0009 0.0009 0.0010 0.0005 0.0011 0.0007 0.0010 0.0007 0.0007 
0.0142 0.0809 0.0273 0.0153 0.0054 0.0043 0.0011 0.0032 0.0009 0.0021 0.0009 0.0004 0.0015 0.0012 0.0036 0.0032 0.0020 0.0070 0.0085 0.0077 0.0048 0.0043 0.0056 0.0076 0.0024 0.0019 0.0037 0.0020 0.0062 0.0060 0.0042 0.0031 0.0048 0.0015 0.0028 0.0011 0.0006 0.0008 0.0007 0.0004 0.0007 0.0004 0.0005 0.0002 0.0002 0.0003 0.0006 0.0005 0.0014 0.0004 0.0006 0.0008 0.0005 0.0002 0.0006 0.0005 0.0003 0.0002 0.0004 0.0003 0.0002 0.0004 0.0001 0.0003 
0.0210 0.0560 0.0110 0.0068 0.0077 0.0049 0.0015 0.0011 0.0009 0.0005 0.0003 0.0010 0.0017 0.0007 0.0027 0.0025 0.0017 0.0051 0.0020 0.0039 0.0044 0.0034 0.0064 0.0069 0.0024 0.0030 0.0018 0.0021 0.0044 0.0063 0.0026 0.0027 0.0028 0.0008 0.0009 0.0007 0.0014 0.0007 0.0005 0.0003 0.0003 0.0004 0.0006 0.0005 0.0003 0.0005 0.0005 0.0005 0.0009 0.0005 0.0004 0.0008 0.0005 0.0004 0.0001 0.0002 0.0003 0.0004 0.0004 0.0006 0.0005 0.0003 0.0004 0.0002 
0.0093 0.0397 0.0088 0.0048 0.0072 0.0030 0.0027 0.0038 0.0016 0.0018 0.0015 0.0017 0.0012 0.0017 0.0034 0.0011 0.0020 0.0069 0.0019 0.0016 0.0031 0.0005 0.0047 0.0031 0.0012 0.0008 0.0006 0.0006 0.0025 0.0012 0.0024 0.0014 0.0022 0.0008 0.0011 0.0008 0.0013 0.0004 0.0005 0.0004 0.0005 0.0004 0.0008 0.0006 0.0006 0.0005 0.0005 0.0005 0.0007 0.0005 0.0007 0.0003 0.0004 0.0003 0.0006 0.0005 0.0009 0.0005 0.0005 0.0004 0.0003 0.0009 0.0006 0.0005 
0.0164 0.0180 0.0143 0.0061 0.0007 0.0011 0.0011 0.0016 0.0011 0.0010 0.0007 0.0005 0.0006 0.0003 0.0024 0.0009 0.0004 0.0059 0.0022 0.0015 0.0012 0.0016 0.0042 0.0017 0.0017 0.0006 0.0008 0.0007 0.0014 0.0011 0.0014 0.0024 0.0010 0.0005 0.0005 0.0005 0.0013 0.0007 0.0007 0.0005 0.0002 0.0006 0.0006 0.0004 0.0004 0.0002 0.0004 0.0006 0.0003 0.0006 0.0007 0.0004 0.0005 0.0002 0.0007 0.0003 0.0003 0.0006 0.0002 0.0002 0.0002 0.0003 0.0003 0.0006 
0.0079 0.0255 0.0099 0.0029 0.0031 0.0023 0.0012 0.0016 0.0012 0.0011 0.0009 0.0009 0.0011 0.0008 0.0009 0.0008 0.0009 0.0028 0.0007 0.0007 0.0008 0.0010 0.0013 0.0011 0.0013 0.0007 0.0006 0.0005 0.0009 0.0005 0.0003 0.0014 0.0007 0.0005 0.0008 0.0010 0.0017 0.0005 0.0004 0.0002 0.0003 0.0004 0.0001 0.0007 0.0005 0.0003 0.0003 0.0004 0.0004 0.0002 0.0003 0.0004 0.0006 0.0006 0.0005 0.0004 0.0004 0.0001 0.0004 0.0006 0.0004 0.0002 0.0004 0.0005 
0.0079 0.0259 0.0059 0.0043 0.0015 0.0019 0.0012 0.0007 0.0008 0.0007 0.0005 0.0006 0.0005 0.0006 0.0003 0.0007 0.0012 0.0013 0.0009 0.0006 0.0016 0.0008 0.0006 0.0004 0.0004 0.0005 0.0006 0.0008 0.0008 0.0011 0.0010 0.0006 0.0006 0.0004 0.0005 0.0002 0.0003 0.0005 0.0003 0.0003 0.0002 0.0003 0.0005 0.0002 0.0004 0.0005 0.0005 0.0005 0.0006 0.0005 0.0004 0.0005 0.0005 0.0003 0.0005 0.0003 0.0003 0.0004 0.0005 0.0002 0.0003 0.0002 0.0007 0.0005 
0.0103 0.0226 0.0040 0.0018 0.0013 0.0005 0.0005 0.0006 0.0003 0.0002 0.0004 0.0003 0.0004 0.0003 0.0007 0.0004 0.0004 0.0007 0.0003 0.0005 0.0004 0.0007 0.0005 0.0004 0.0004 0.0006 0.0004 0.0002 0.0006 0.0006 0.0010 0.0004 0.0003 0.0003 0.0002 0.0004 0.0003 0.0003 0.0004 0.0004 0.0003 0.0003 0.0003 0.0004 0.0001 0.0002 0.0004 0.0005 0.0004 0.0002 0.0004 0.0002 0.0003 0.0003 0.0006 0.0003 0.0005 0.0003 0.0003 0.0002 0.0002 0.0004 0.0003 0.0004 
0.0037 0.0214 0.0062 0.0033 0.0018 0.0014 0.0011 0.0014 0.0009 0.0008 0.0009 0.0007 0.0005 0.0007 0.0007 0.0006 0.0005 0.0007 0.0006 0.0008 0.0004 0.0007 0.0004 0.0003 0.0001 0.0005 0.0007 0.0004 0.0002 0.0004 0.0003 0.0005 0.0005 0.0005 0.0002 0.0004 0.0006 0.0007 0.0004 0.0005 0.0002 0.0001 0.0004 0.0006 0.0008 0.0010 0.0007 0.0006 0.0005 0.0004 0.0005 0.0002 0.0006 0.0005 0.0001 0.0003 0.0005 0.0004 0.0003 0.0004 0.0003 0.0005 0.0004 0.0005 
0.0065 0.0183 0.0020 0.0004 0.0010 0.0004 0.0003 0.0004 0.0003 0.0002 0.0004 0.0002 0.0003 0.0002 0.0003 0.0002 0.0003 0.0002 0.0004 0.0003 0.0003 0.0003 0.0002 0.0004 0.0006 0.0004 0.0004 0.0004 0.0004 0.0005 0.0002 0.0003 0.0001 0.0003 0.0002 0.0002 0.0001 0.0003 0.0004 0.0003 0.0005 0.0002 0.0003 0.0005 0.0010 0.0007 0.0012 0.0006 0.0003 0.0002 0.0002 0.0003 0.0003 0.0004 0.0004 0.0002 0.0001 0.0003 0.0001 0.0002 0.0004 0.0003 0.0004 0.0002 
0.0046 0.0124 0.0010 0.0012 0.0004 0.0003 0.0003 0.0004 0.0002 0.0002 0.0004 0.0002 0.0003 0.0003 0.0005 0.0002 0.0004 0.0003 0.0001 0.0002 0.0004 0.0003 0.0003 0.0005 0.0003 0.0004 0.0004 0.0003 0.0002 0.0003 0.0005 0.0002 0.0004 0.0003 0.0003 0.0003 0.0002 0.0004 0.0001 0.0002 0.0005 0.0002 0.0006 0.0002 0.0003 0.0004 0.0003 0.0005 0.0003 0.0005 0.0004 0.0003 0.0002 0.0005 0.0002 0.0003 0.0004 0.0003 0.0003 0.0006 0.0003 0.0005 0.0002 0.0004 
0.0016 0.0093 0.0016 0.0014 0.0009 0.0007 0.0006 0.0006 0.0004 0.0004 0.0003 0.0003 0.0005 0.0004 0.0004 0.0002 0.0007 0.0001 0.0002 0.0004 0.0003 0.0001 0.0003 0.0005 0.0004 0.0002 0.0005 0.0002 0.0003 0.0002 0.0002 0.0004 0.0003 0.0003 0.0003 0.0001 0.0004 0.0002 0.0002 0.0004 0.0002 0.0004 0.0007 0.0003 0.0004 0.0003 0.0005 0.0004 0.0005 0.0006 0.0002 0.0005 0.0002 0.0004 0.0003 0.0002 0.0001 0.0002 0.0002 0.0001 0.0005 0.0004 0.0004 0.0001 
0.0032 0.0059 0.0004 0.0002 0.0004 0.0001 0.0001 0.0007 0.0006 0.0002 0.0002 0.0003 0.0002 0.0002 0.0003 0.0004 0.0002 0.0003 0.0001 0.0001 0.0002 0.0003 0.0002 0.0007 0.0003 0.0003 0.0004 0.0004 0.0003 0.0002 0.0003 0.0004 0.0004 0.0003 0.0002 0.0002 0.0005 0.0003 0.0002 0.0003 0.0002 0.0005 0.0007 0.0002 0.0006 0.0003 0.0003 0.0004 0.0009 0.0005 0.0003 0.0004 0.0004 0.0003 0.0002 0.0006 0.0003 0.0003 0.0003 0.0003 0.0002 0.0003 0.0003 0.0004 
0.0012 0.0031 0.0009 0.0004 0.0004 0.0002 0.0002 0.0002 0.0002 0.0002 0.0002 0.0003 0.0003 0.0002 0.0002 0.0003 0.0003 0.0004 0.0002 0.0002 0.0006 0.0005 0.0003 0.0002 0.0004 0.0002 0.0003 0.0002 0.0003 0.0003 0.0003 0.0003 0.0002 0.0003 0.0004 0.0005 0.0002 0.0004 0.0004 0.0004 0.0003 0.0003 0.0003 0.0005 0.0007 0.0005 0.0004 0.0004 0.0006 0.0003 0.0002 0.0002 0.0004 0.0004 0.0004 0.0004 0.0003 0.0003 0.0003 0.0002 0.0004 0.0004 0.0003 0.0004 
0.0013 0.0021 0.0003 0.0004 0.0003 0.0001 0.0001 0.0003 0.0002 0.0003 0.0003 0.0002 0.0002 0.0002 0.0003 0.0001 0.0003 0.0002 0.0002 0.0001 0.0002 0.0004 0.0002 0.0003 0.0002 0.0002 0.0002 0.0003 0.0003 0.0001 0.0003 0.0003 0.0001 0.0001 0.0006 0.0005 0.0003 0.0003 0.0003 0.0001 0.0003 0.0002 0.0008 0.0002 0.0005 0.0004 0.0001 0.0004 0.0005 0.0005 0.0003 0.0006 0.0005 0.0004 0.0003 0.0005 0.0003 0.0002 0.0003 0.0002 0.0003 0.0002 0.0003 0.0005 
0.0007 0.0024 0.0005 0.0004 0.0003 0.0004 0.0003 0.0003 0.0001 0.0002 0.0003 0.0002 0.0003 0.0003 0.0002 0.0003 0.0004 0.0001 0.0001 0.0003 0.0002 0.0002 0.0002 0.0002 0.0002 0.0002 0.0003 0.0002 0.0004 0.0003 0.0002 0.0004 0.0002 0.0002 0.0005 0.0003 0.0001 0.0003 0.0001 0.0005 0.0002 0.0003 0.0003 0.0003 0.0002 0.0002 0.0005 0.0007 0.0002 0.0002 0.0003 0.0002 0.0003 0.0003 0.0004 0.0003 0.0001 0.0001 0.0005 0.0002 0.0003 0.0002 0.0001 0.0004 
0.0006 0.0018 0.0003 0.0002 0.0002 0.0003 0.0002 0.0003 0.0003 0.0004 0.0001 0.0002 0.0003 0.0003 0.0001 0.0002 0.0002 0.0002 0.0001 0.0002 0.0003 0.0006 0.0003 0.0003 0.0002 0.0002 0.0002 0.0002 0.0001 0.0001 0.0001 0.0002 0.0003 0.0005 0.0002 0.0004 0.0003 0.0003 0.0002 0.0005 0.0005 0.0005 0.0005 0.0005 0.0002 0.0001 0.0006 0.0003 0.0002 0.0003 0.0004 0.0003 0.0005 0.0002 0.0002 0.0004 0.0002 0.0003 0.0005 0.0002 0.0003 0.0003 0.0004 0.0004 
0.0006 0.0022 0.0003 0.0002 0.0001 0.0002 0.0002 0.0002 0.0002 0.0001 0.0004 0.0001 0.0003 0.0002 0.0004 0.0003 0.0004 0.0004 0.0003 0.0002 0.0002 0.0003 0.0004 0.0002 0.0002 0.0003 0.0003 0.0003 0.0002 0.0002 0.0004 0.0003 0.0002 0.0004 0.0002 0.0003 0.0004 0.0004 0.0006 0.0004 0.0003 0.0005 0.0002 0.0004 0.0004 0.0003 0.0011 0.0003 0.0005 0.0006 0.0004 0.0002 0.0002 0.0003 0.0003 0.0003 0.0003 0.0004 0.0003 0.0003 0.0002 0.0002 0.0003 0.0003 
0.0009 0.0017 0.0005 0.0002 0.0003 0.0002 0.0004 0.0001 0.0001 0.0002 0.0002 0.0002 0.0002 0.0001 0.0002 0.0001 0.0002 0.0003 0.0001 0.0003 0.0003 0.0002 0.0005 0.0003 0.0003 0.0003 0.0002 0.0001 0.0002 0.0003 0.0004 0.0002 0.0003 0.0003 0.0003 0.0002 0.0003 0.0003 0.0002 0.0004 0.0003 0.0003 0.0002 0.0008 0.0008 0.0006 0.0008 0.0002 0.0006 0.0003 0.0002 0.0003 0.0002 0.0004 0.0003 0.0003 0.0000 0.0005 0.0003 0.0002 0.0003 0.0004 0.0006 0.0006 
0.0004 0.0007 0.0002 0.0001 0.0002 0.0003 0.0003 0.0002 0.0002 0.0002 0.0002 0.0003 0.0002 0.0001 0.0004 0.0002 0.0003 0.0001 0.0002 0.0003 0.0003 0.0003 0.0003 0.0003 0.0002 0.0009 0.0002 0.0001 0.0004 0.0001 0.0003 0.0006 0.0003 0.0002 0.0003 0.0003 0.0002 0.0003 0.0006 0.0002 0.0003 0.0004 0.0003 0.0002 0.0004 0.0003 0.0005 0.0005 0.0003 0.0006 0.0004 0.0004 0.0001 0.0002 0.0004 0.0003 0.0003 0.0003 0.0002 0.0004 0.0001 0.0002 0.0003 0.0001 
0.0003 0.0008 0.0001 0.0002 0.0001 0.0006 0.0001 0.0002 0.0003 0.0003 0.0003 0.0002 0.0004 0.0001 0.0002 0.0003 0.0004 0.0003 0.0002 0.0004 0.0004 0.0002 0.0002 0.0002 0.0002 0.0002 0.0003 0.0002 0.0002 0.0003 0.0002 0.0002 0.0001 0.0003 0.0004 0.0003 0.0004 0.0004 0.0006 0.0004 0.0006 0.0005 0.0002 0.0004 0.0005 0.0002 0.0009 0.0005 0.0005 0.0008 0.0006 0.0006 0.0003 0.0002 0.0002 0.0004 0.0003 0.0003 0.0003 0.0003 0.0001 0.0004 0.0004 0.0005 
0.0005 0.0005 0.0001 0.0001 0.0002 0.0003 0.0003 0.0002 0.0002 0.0004 0.0004 0.0003 0.0001 0.0002 0.0000 0.0002 0.0003 0.0005 0.0003 0.0005 0.0004 0.0003 0.0004 0.0003 0.0002 0.0003 0.0003 0.0003 0.0003 0.0003 0.0004 0.0001 0.0003 0.0001 0.0001 0.0003 0.0001 0.0002 0.0004 0.0003 0.0004 0.0003 0.0003 0.0004 0.0003 0.0003 0.0008 0.0004 0.0005 0.0003 0.0003 0.0004 0.0003 0.0004 0.0004 0.0005 0.0003 0.0002 0.0002 0.0002 0.0004 0.0006 0.0003 0.0004 
0.0002 0.0004 0.0004 0.0002 0.0002 0.0002 0.0006 0.0003 0.0001 0.0002 0.0003 0.0004 0.0003 0.0001 0.0002 0.0003 0.0003 0.0005 0.0002 0.0003 0.0004 0.0004 0.0002 0.0001 0.0002 0.0004 0.0004 0.0002 0.0002 0.0002 0.0002 0.0005 0.0006 0.0002 0.0002 0.0002 0.0004 0.0001 0.0003 0.0001 0.0004 0.0003 0.0004 0.0003 0.0002 0.0006 0.0009 0.0002 0.0005 0.0003 0.0006 0.0004 0.0003 0.0004 0.0004 0.0001 0.0001 0.0003 0.0003 0.0004 0.0004 0.0003 0.0002 0.0003 
0.0004 0.0001 0.0001 0.0003 0.0001 0.0003 0.0003 0.0002 0.0001 0.0001 0.0004 0.0004 0.0002 0.0002 0.0003 0.0001 0.0002 0.0004 0.0002 0.0002 0.0003 0.0002 0.0002 0.0002 0.0002 0.0003 0.0004 0.0003 0.0003 0.0003 0.0004 0.0003 0.0003 0.0003 0.0003 0.0001 0.0003 0.0002 0.0002 0.0003 0.0002 0.0006 0.0006 0.0003 0.0006 0.0005 0.0004 0.0005 0.0004 0.0002 0.0003 0.0002 0.0002 0.0003 0.0001 0.0002 0.0003 0.0003 0.0003 0.0004 0.0002 0.0002 0.0003 0.0002 
0.0003 0.0003 0.0001 0.0001 0.0001 0.0002 0.0003 0.0002 0.0001 0.0001 0.0002 0.0003 0.0002 0.0001 0.0001 0.0002 0.0001 0.0002 0.0002 0.0002 0.0003 0.0003 0.0002 0.0001 0.0002 0.0002 0.0002 0.0002 0.0002 0.0003 0.0002 0.0002 0.0007 0.0004 0.0003 0.0003 0.0006 0.0002 0.0001 0.0003 0.0002 0.0004 0.0004 0.0002 0.0005 0.0008 0.0007 0.0003 0.0005 0.0005 0.0002 0.0003 0.0004 0.0002 0.0004 0.0002 0.0004 0.0004 0.0002 0.0004 0.0002 0.0004 0.0006 0.0003 
0.0002 0.0001 0.0001 0.0001 0.0002 0.0002 0.0002 0.0003 0.0003 0.0001 0.0002 0.0005 0.0004 0.0002 0.0001 0.0001 0.0004 0.0002 0.0001 0.0002 0.0002 0.0001 0.0005 0.0004 0.0001 0.0003 0.0002 0.0003 0.0004 0.0003 0.0003 0.0003 0.0003 0.0003 0.0002 0.0002 0.0002 0.0004 0.0004 0.0002 0.0003 0.0004 0.0002 0.0004 0.0002 0.0004 0.0005 0.0005 0.0002 0.0002 0.0003 0.0003 0.0002 0.0006 0.0004 0.0004 0.0002 0.0004 0.0004 0.0004 0.0005 0.0004 0.0002 0.0006 
0.0003 0.0004 0.0001 0.0001 0.0001 0.0004 0.0003 0.0002 0.0002 0.0004 0.0003 0.0002 0.0002 0.0002 0.0005 0.0003 0.0002 0.0007 0.0002 0.0002 0.0003 0.0002 0.0002 0.0005 0.0002 0.0002 0.0001 0.0004 0.0002 0.0004 0.0002 0.0001 0.0002 0.0002 0.0002 0.0004 0.0004 0.0004 0.0002 0.0005 0.0004 0.0004 0.0001 0.0005 0.0002 0.0003 0.0004 0.0003 0.0003 0.0001 0.0004 0.0004 0.0004 0.0005 0.0003 0.0001 0.0003 0.0003 0.0002 0.0003 0.0002 0.0002 0.0002 0.0003 
0.0003 0.0003 0.0002 0.0002 0.0001 0.0004 0.0001 0.0002 0.0002 0.0002 0.0001 0.0001 0.0002 0.0002 0.0004 0.0003 0.0003 0.0002 0.0002 0.0002 0.0001 0.0002 0.0003 0.0003 0.0006 0.0003 0.0004 0.0001 0.0000 0.0003 0.0002 0.0002 0.0007 0.0003 0.0003 0.0008 0.0002 0.0005 0.0003 0.0003 0.0006 0.0004 0.0004 0.0002 0.0004 0.0004 0.0007 0.0003 0.0004 0.0002 0.0004 0.0004 0.0005 0.0004 0.0003 0.0001 0.0004 0.0007 0.0004 0.0002 0.0003 0.0005 0.0003 0.0002 
