0.0001 0.0004 0.0003 0.0001 0.0001 0.0004 0.0002 0.0003 0.0001 0.0003 0.0002 0.0002 0.0004 0.0001 0.0004 0.0002 0.0002 0.0004 0.0004 0.0002 0.0002 0.0002 0.0004 0.0006 0.0004 0.0003 0.0002 0.0004 0.0004 0.0006 0.0003 0.0001 0.0002 0.0003 0.0002 0.0002 0.0002 0.0005 0.0002 0.0001 0.0003 0.0003 0.0004 0.0002 0.0004 0.0005 0.0002 0.0006 0.0005 0.0005 0.0004 0.0001 0.0004 0.0005 0.0005 0.0004 0.0002 0.0003 0.0003 0.0005 0.0003 0.0004 0.0002 0.0006 
0.0003 0.0004 0.0002 0.0001 0.0002 0.0004 0.0002 0.0003 0.0002 0.0002 0.0002 0.0002 0.0004 0.0002 0.0003 0.0002 0.0002 0.0002 0.0001 0.0002 0.0003 0.0002 0.0002 0.0003 0.0002 0.0002 0.0004 0.0003 0.0004 0.0003 0.0002 0.0004 0.0003 0.0005 0.0003 0.0003 0.0004 0.0005 0.0001 0.0003 0.0005 0.0003 0.0002 0.0004 0.0003 0.0006 0.0003 0.0005 0.0007 0.0006 0.0002 0.0004 0.0006 0.0003 0.0003 0.0006 0.0005 0.0005 0.0001 0.0002 0.0001 0.0005 0.0003 0.0002 
0.0001 0.0001 0.0003 0.0001 0.0004 0.0003 0.0001 0.0001 0.0002 0.0001 0.0002 0.0001 0.0005 0.0003 0.0003 0.0004 0.0002 0.0002 0.0002 0.0002 0.0003 0.0003 0.0003 0.0003 0.0003 0.0002 0.0002 0.0003 0.0004 0.0003 0.0004 0.0003 0.0003 0.0003 0.0003 0.0003 0.0003 0.0005 0.0003 0.0004 0.0004 0.0003 0.0008 0.0009 0.0004 0.0003 0.0007 0.0004 0.0006 0.0009 0.0003 0.0003 0.0005 0.0004 0.0001 0.0003 0.0003 0.0005 0.0005 0.0006 0.0003 0.0003 0.0004 0.0002 
0.0003 0.0003 0.0002 0.0001 0.0002 0.0004 0.0003 0.0001 0.0002 0.0002 0.0002 0.0002 0.0004 0.0002 0.0006 0.0003 0.0004 0.0002 0.0003 0.0001 0.0001 0.0005 0.0002 0.0002 0.0001 0.0002 0.0003 0.0001 0.0002 0.0003 0.0006 0.0005 0.0001 0.0005 0.0003 0.0003 0.0002 0.0004 0.0004 0.0003 0.0005 0.0004 0.0011 0.0006 0.0002 0.0004 0.0003 0.0005 0.0003 0.0005 0.0004 0.0006 0.0003 0.0005 0.0003 0.0004 0.0005 0.0005 0.0003 0.0003 0.0004 0.0001 0.0005 0.0004 
0.0003 0.0003 0.0001 0.0002 0.0002 0.0002 0.0002 0.0002 0.0003 0.0002 0.0002 0.0001 0.0004 0.0002 0.0003 0.0004 0.0005 0.0003 0.0005 0.0003 0.0004 0.0006 0.0004 0.0005 0.0003 0.0002 0.0001 0.0001 0.0003 0.0001 0.0002 0.0003 0.0004 0.0004 0.0002 0.0002 0.0003 0.0006 0.0002 0.0005 0.0003 0.0005 0.0006 0.0003 0.0001 0.0003 0.0004 0.0005 0.0005 0.0002 0.0003 0.0003 0.0002 0.0005 0.0003 0.0003 0.0004 0.0003 0.0003 0.0001 0.0004 0.0002 0.0003 0.0002 
0.0003 0.0003 0.0002 0.0004 0.0001 0.0002 0.0001 0.0002 0.0001 0.0002 0.0004 0.0002 0.0001 0.0002 0.0002 0.0003 0.0002 0.0001 0.0005 0.0002 0.0001 0.0003 0.0005 0.0002 0.0004 0.0005 0.0004 0.0003 0.0002 0.0003 0.0004 0.0003 0.0002 0.0002 0.0005 0.0003 0.0004 0.0005 0.0003 0.0003 0.0005 0.0004 0.0004 0.0002 0.0004 0.0005 0.0005 0.0006 0.0005 0.0004 0.0002 0.0004 0.0005 0.0004 0.0003 0.0003 0.0005 0.0003 0.0001 0.0001 0.0003 0.0004 0.0004 0.0003 
0.0004 0.0003 0.0002 0.0005 0.0001 0.0003 0.0003 0.0001 0.0002 0.0002 0.0002 0.0002 0.0003 0.0000 0.0003 0.0002 0.0004 0.0005 0.0002 0.0000 0.0003 0.0003 0.0002 0.0004 0.0004 0.0005 0.0003 0.0002 0.0001 0.0003 0.0004 0.0006 0.0003 0.0002 0.0005 0.0003 0.0002 0.0002 0.0003 0.0003 0.0003 0.0003 0.0006 0.0004 0.0004 0.0003 0.0004 0.0002 0.0004 0.0002 0.0003 0.0004 0.0005 0.0003 0.0004 0.0004 0.0002 0.0001 0.0004 0.0004 0.0003 0.0002 0.0001 0.0006 
0.0003 0.0002 0.0004 0.0003 0.0001 0.0002 0.0002 0.0001 0.0002 0.0001 0.0003 0.0001 0.0003 0.0001 0.0001 0.0002 0.0003 0.0007 0.0004 0.0001 0.0002 0.0005 0.0005 0.0004 0.0003 0.0005 0.0002 0.0004 0.0003 0.0005 0.0003 0.0003 0.0003 0.0003 0.0006 0.0001 0.0003 0.0004 0.0002 0.0002 0.0005 0.0003 0.0009 0.0004 0.0002 0.0003 0.0002 0.0003 0.0003 0.0003 0.0004 0.0002 0.0003 0.0003 0.0004 0.0004 0.0002 0.0001 0.0003 0.0003 0.0003 0.0004 0.0002 0.0004 
0.0005 0.0001 0.0001 0.0003 0.0002 0.0001 0.0001 0.0002 0.0001 0.0001 0.0001 0.0001 0.0004 0.0002 0.0001 0.0003 0.0001 0.0004 0.0003 0.0001 0.0003 0.0005 0.0003 0.0004 0.0004 0.0003 0.0002 0.0002 0.0004 0.0004 0.0004 0.0002 0.0003 0.0003 0.0005 0.0002 0.0002 0.0003 0.0004 0.0004 0.0004 0.0006 0.0006 0.0009 0.0005 0.0004 0.0004 0.0004 0.0004 0.0007 0.0003 0.0003 0.0003 0.0004 0.0001 0.0005 0.0003 0.0004 0.0003 0.0001 0.0004 0.0003 0.0002 0.0004 
0.0005 0.0001 0.0001 0.0002 0.0001 0.0002 0.0002 0.0002 0.0002 0.0001 0.0002 0.0000 0.0003 0.0002 0.0001 0.0001 0.0005 0.0005 0.0005 0.0002 0.0002 0.0001 0.0005 0.0006 0.0002 0.0005 0.0004 0.0003 0.0002 0.0004 0.0005 0.0002 0.0002 0.0001 0.0004 0.0001 0.0001 0.0003 0.0002 0.0003 0.0002 0.0003 0.0003 0.0003 0.0003 0.0005 0.0003 0.0002 0.0004 0.0005 0.0004 0.0005 0.0003 0.0003 0.0003 0.0001 0.0002 0.0002 0.0003 0.0003 0.0003 0.0003 0.0006 0.0001 
0.0005 0.0004 0.0002 0.0001 0.0003 0.0002 0.0002 0.0001 0.0001 0.0001 0.0003 0.0002 0.0002 0.0002 0.0002 0.0002 0.0003 0.0003 0.0004 0.0006 0.0003 0.0004 0.0003 0.0004 0.0002 0.0004 0.0005 0.0007 0.0003 0.0002 0.0003 0.0005 0.0002 0.0003 0.0006 0.0006 0.0005 0.0003 0.0003 0.0004 0.0003 0.0009 0.0003 0.0004 0.0004 0.0004 0.0003 0.0002 0.0002 0.0004 0.0008 0.0007 0.0004 0.0003 0.0002 0.0005 0.0005 0.0003 0.0001 0.0003 0.0005 0.0004 0.0003 0.0002 
0.0004 0.0005 0.0003 0.0003 0.0001 0.0002 0.0003 0.0001 0.0002 0.0001 0.0002 0.0002 0.0003 0.0001 0.0002 0.0001 0.0003 0.0003 0.0005 0.0003 0.0003 0.0003 0.0003 0.0003 0.0004 0.0003 0.0002 0.0006 0.0004 0.0004 0.0005 0.0008 0.0002 0.0003 0.0003 0.0005 0.0008 0.0002 0.0004 0.0003 0.0004 0.0003 0.0003 0.0004 0.0005 0.0003 0.0004 0.0003 0.0002 0.0003 0.0006 0.0004 0.0004 0.0004 0.0005 0.0003 0.0003 0.0001 0.0003 0.0001 0.0003 0.0004 0.0004 0.0002 
0.0006 0.0006 0.0002 0.0002 0.0003 0.0003 0.0002 0.0002 0.0002 0.0002 0.0002 0.0003 0.0002 0.0005 0.0002 0.0001 0.0002 0.0003 0.0003 0.0001 0.0002 0.0002 0.0002 0.0005 0.0002 0.0003 0.0001 0.0009 0.0002 0.0005 0.0003 0.0005 0.0002 0.0002 0.0003 0.0004 0.0005 0.0002 0.0005 0.0002 0.0004 0.0003 0.0003 0.0003 0.0004 0.0003 0.0003 0.0005 0.0002 0.0005 0.0006 0.0006 0.0003 0.0006 0.0002 0.0004 0.0003 0.0002 0.0005 0.0003 0.0005 0.0002 0.0002 0.0005 
0.0006 0.0005 0.0001 0.0002 0.0003 0.0003 0.0002 0.0003 0.0002 0.0003 0.0005 0.0002 0.0005 0.0002 0.0004 0.0007 0.0002 0.0004 0.0002 0.0002 0.0001 0.0003 0.0005 0.0001 0.0004 0.0010 0.0009 0.0017 0.0010 0.0003 0.0007 0.0019 0.0015 0.0011 0.0015 0.0006 0.0013 0.0003 0.0009 0.0029 0.0047 0.0029 0.0032 0.0041 0.0007 0.0004 0.0009 0.0004 0.0007 0.0016 0.0012 0.0009 0.0027 0.0028 0.0013 0.0019 0.0006 0.0003 0.0003 0.0003 0.0001 0.0003 0.0003 0.0001 
0.0005 0.0004 0.0001 0.0002 0.0001 0.0002 0.0003 0.0001 0.0003 0.0001 0.0002 0.0004 0.0004 0.0003 0.0000 0.0008 0.0003 0.0004 0.0006 0.0001 0.0003 0.0008 0.0003 0.0002 0.0005 0.0002 0.0004 0.0021 0.0004 0.0003 0.0004 0.0014 0.0009 0.0005 0.0005 0.0011 0.0017 0.0001 0.0007 0.0012 0.0013 0.0010 0.0007 0.0014 0.0003 0.0004 0.0004 0.0005 0.0011 0.0009 0.0011 0.0006 0.0008 0.0003 0.0005 0.0008 0.0004 0.0007 0.0003 0.0002 0.0003 0.0003 0.0002 0.0005 
0.0007 0.0004 0.0002 0.0002 0.0004 0.0001 0.0003 0.0002 0.0003 0.0004 0.0002 0.0002 0.0003 0.0002 0.0002 0.0005 0.0001 0.0002 0.0004 0.0003 0.0002 0.0001 0.0002 0.0003 0.0004 0.0006 0.0003 0.0007 0.0005 0.0003 0.0003 0.0007 0.0008 0.0003 0.0006 0.0006 0.0011 0.0005 0.0004 0.0006 0.0003 0.0005 0.0001 0.0011 0.0003 0.0004 0.0006 0.0003 0.0006 0.0005 0.0005 0.0008 0.0007 0.0003 0.0003 0.0003 0.0003 0.0002 0.0002 0.0003 0.0003 0.0002 0.0001 0.0003 
0.0007 0.0003 0.0002 0.0004 0.0005 0.0001 0.0002 0.0002 0.0002 0.0002 0.0004 0.0001 0.0003 0.0002 0.0001 0.0002 0.0003 0.0003 0.0003 0.0002 0.0002 0.0001 0.0002 0.0004 0.0003 0.0004 0.0003 0.0004 0.0001 0.0001 0.0004 0.0010 0.0003 0.0002 0.0004 0.0002 0.0004 0.0004 0.0002 0.0007 0.0003 0.0006 0.0005 0.0004 0.0003 0.0004 0.0005 0.0003 0.0007 0.0003 0.0002 0.0002 0.0008 0.0008 0.0004 0.0003 0.0003 0.0004 0.0002 0.0001 0.0003 0.0004 0.0002 0.0003 
0.0010 0.0007 0.0001 0.0002 0.0001 0.0002 0.0003 0.0004 0.0001 0.0003 0.0001 0.0002 0.0001 0.0002 0.0002 0.0006 0.0002 0.0004 0.0005 0.0003 0.0005 0.0004 0.0001 0.0002 0.0004 0.0003 0.0003 0.0005 0.0003 0.0003 0.0003 0.0001 0.0004 0.0006 0.0009 0.0006 0.0002 0.0004 0.0001 0.0008 0.0005 0.0003 0.0005 0.0003 0.0003 0.0002 0.0004 0.0002 0.0004 0.0002 0.0008 0.0004 0.0004 0.0002 0.0005 0.0005 0.0001 0.0003 0.0003 0.0005 0.0003 0.0004 0.0002 0.0006 
0.0010 0.0007 0.0003 0.0004 0.0005 0.0004 0.0003 0.0002 0.0002 0.0003 0.0002 0.0001 0.0001 0.0004 0.0004 0.0006 0.0001 0.0001 0.0002 0.0002 0.0002 0.0002 0.0003 0.0001 0.0003 0.0001 0.0004 0.0004 0.0003 0.0001 0.0002 0.0011 0.0004 0.0005 0.0013 0.0006 0.0001 0.0004 0.0006 0.0009 0.0006 0.0004 0.0010 0.0007 0.0003 0.0004 0.0007 0.0003 0.0009 0.0006 0.0003 0.0007 0.0004 0.0010 0.0005 0.0004 0.0006 0.0005 0.0003 0.0004 0.0003 0.0004 0.0002 0.0003 
0.0013 0.0003 0.0001 0.0002 0.0003 0.0001 0.0002 0.0003 0.0002 0.0003 0.0003 0.0002 0.0002 0.0003 0.0003 0.0002 0.0004 0.0002 0.0005 0.0002 0.0002 0.0003 0.0005 0.0002 0.0002 0.0002 0.0003 0.0003 0.0002 0.0003 0.0003 0.0004 0.0003 0.0002 0.0007 0.0006 0.0004 0.0003 0.0003 0.0005 0.0004 0.0004 0.0004 0.0004 0.0004 0.0005 0.0011 0.0006 0.0005 0.0002 0.0006 0.0004 0.0006 0.0006 0.0004 0.0004 0.0003 0.0002 0.0003 0.0004 0.0002 0.0002 0.0004 0.0004 
0.0010 0.0005 0.0005 0.0004 0.0010 0.0004 0.0002 0.0003 0.0014 0.0007 0.0009 0.0005 0.0006 0.0010 0.0008 0.0017 0.0015 0.0004 0.0005 0.0004 0.0004 0.0013 0.0007 0.0016 0.0016 0.0013 0.0010 0.0013 0.0003 0.0005 0.0014 0.0017 0.0009 0.0016 0.0010 0.0012 0.0008 0.0011 0.0017 0.0022 0.0023 0.0007 0.0016 0.0017 0.0006 0.0013 0.0017 0.0011 0.0015 0.0027 0.0023 0.0014 0.0007 0.0009 0.0008 0.0007 0.0009 0.0011 0.0006 0.0004 0.0004 0.0003 0.0001 0.0002 
0.0039 0.0038 0.0049 0.0071 0.0076 0.0059 0.0043 0.0026 0.0189 0.0106 0.0075 0.0099 0.0126 0.0218 0.0561 0.0270 0.0108 0.0170 0.0082 0.0018 0.0051 0.0168 0.0547 0.0375 0.0188 0.0220 0.0231 0.0146 0.0021 0.0043 0.0106 0.0484 0.0119 0.0117 0.0090 0.0155 0.0210 0.0097 0.0662 0.0515 0.0764 0.1232 0.0345 0.1354 0.1276 0.0456 0.0604 0.0489 0.1198 0.1114 0.2356 0.1123 0.1097 0.1179 0.0496 0.0435 0.0391 0.0301 0.0087 0.0027 0.0027 0.0039 0.0029 0.0016 
0.0042 0.0038 0.0048 0.0134 0.0018 0.0088 0.0045 0.0069 0.0080 0.0090 0.0075 0.0175 0.0092 0.0212 0.0509 0.0342 0.0108 0.0141 0.0023 0.0056 0.0063 0.0242 0.0434 0.0282 0.0155 0.0203 0.0392 0.0203 0.0199 0.0415 0.0626 0.1107 0.0510 0.0525 0.1038 0.0184 0.0891 0.0838 0.0588 0.1287 0.3208 0.3480 0.1774 0.3401 0.1585 0.1136 0.0416 0.0735 0.1016 0.1902 0.2698 0.1247 0.1445 0.0811 0.1179 0.1340 0.0400 0.0197 0.0176 0.0060 0.0044 0.0046 0.0047 0.0037 
0.0013 0.0002 0.0012 0.0049 0.0033 0.0024 0.0006 0.0022 0.0041 0.0017 0.0055 0.0026 0.0038 0.0046 0.0069 0.0061 0.0038 0.0038 0.0042 0.0018 0.0038 0.0109 0.0073 0.0222 0.0482 0.0102 0.0275 0.0182 0.0128 0.0282 0.0100 0.0138 0.0114 0.0115 0.0280 0.0080 0.0127 0.0274 0.0426 0.0206 0.0447 0.0301 0.0267 0.0443 0.0230 0.0437 0.0073 0.0291 0.0448 0.0104 0.0160 0.0241 0.0196 0.0100 0.0097 0.0075 0.0075 0.0019 0.0030 0.0018 0.0020 0.0014 0.0015 0.0012 
0.0019 0.0028 0.0058 0.0190 0.0167 0.0176 0.0035 0.0038 0.0193 0.0085 0.0100 0.0371 0.0574 0.0231 0.0838 0.0572 0.0284 0.0406 0.0234 0.0125 0.0162 0.1428 0.1828 0.2276 0.0955 0.1894 0.1247 0.0843 0.0599 0.0590 0.0329 0.1422 0.1404 0.0812 0.1651 0.0514 0.1112 0.0939 0.0540 0.1473 0.0592 0.1148 0.0962 0.0582 0.1068 0.0609 0.0406 0.0791 0.0779 0.0775 0.0825 0.1390 0.0213 0.0570 0.0872 0.0270 0.0337 0.0132 0.0121 0.0020 0.0009 0.0015 0.0013 0.0011 
0.0052 0.0054 0.0047 0.0104 0.0064 0.0038 0.0021 0.0023 0.0058 0.0058 0.0112 0.0112 0.0160 0.0270 0.0227 0.0393 0.0341 0.0273 0.0186 0.0165 0.0459 0.1654 0.0608 0.1284 0.0858 0.2411 0.3615 0.1183 0.0628 0.2765 0.1726 0.2357 0.1849 0.1448 0.1707 0.1493 0.1729 0.1867 0.1362 0.2161 0.1311 0.3266 0.2919 0.2342 0.1423 0.1153 0.0988 0.0830 0.1466 0.0753 0.1037 0.1679 0.1653 0.1924 0.0534 0.0898 0.0460 0.0270 0.0142 0.0034 0.0022 0.0034 0.0007 0.0006 
0.0109 0.0110 0.0121 0.0113 0.0145 0.0111 0.0079 0.0074 0.0175 0.0104 0.0119 0.0183 0.0171 0.0247 0.0573 0.0643 0.0321 0.0338 0.0365 0.0296 0.0524 0.2077 0.0996 0.1235 0.1783 0.3095 0.4440 0.5152 0.3907 0.4363 0.2579 0.3953 0.3414 0.1832 0.0949 0.1063 0.1073 0.1513 0.1745 0.2317 0.3400 0.1676 0.1192 0.2858 0.2664 0.0908 0.0405 0.1079 0.0785 0.2395 0.1477 0.1396 0.1434 0.1518 0.0962 0.1527 0.1316 0.0294 0.0349 0.0111 0.0070 0.0075 0.0057 0.0060 
0.0009 0.0015 0.0020 0.0079 0.0079 0.0053 0.0012 0.0022 0.0081 0.0061 0.0027 0.0078 0.0106 0.0212 0.1746 0.0555 0.0355 0.0207 0.0194 0.0264 0.0274 0.1722 0.0901 0.0638 0.1508 0.1756 0.1068 0.1209 0.0984 0.1358 0.2011 0.3003 0.1197 0.0322 0.1423 0.0813 0.1724 0.1690 0.1508 0.2736 0.0938 0.1477 0.1221 0.1231 0.1103 0.1241 0.0680 0.0874 0.0367 0.0727 0.0905 0.1392 0.1257 0.0876 0.0771 0.0992 0.0351 0.0319 0.0129 0.0088 0.0027 0.0034 0.0018 0.0012 
0.0129 0.0227 0.0432 0.0440 0.0316 0.0136 0.0032 0.0060 0.0156 0.0072 0.0072 0.0101 0.0260 0.0439 0.0719 0.0562 0.0406 0.0231 0.0051 0.0156 0.0339 0.0791 0.0390 0.0118 0.0198 0.0308 0.1160 0.0863 0.0958 0.1146 0.1098 0.0788 0.0970 0.1849 0.0606 0.0622 0.0230 0.0343 0.0682 0.0892 0.0878 0.0554 0.0671 0.0861 0.0369 0.0455 0.0089 0.0432 0.0402 0.0563 0.0885 0.0682 0.0304 0.0499 0.0638 0.0488 0.0161 0.0216 0.0073 0.0116 0.0098 0.0097 0.0096 0.0093 
0.0382 0.0440 0.1693 0.1956 0.1440 0.0094 0.0139 0.0269 0.0270 0.0188 0.0333 0.0450 0.0732 0.0748 0.2750 0.6451 0.2786 0.1099 0.0912 0.0459 0.1141 0.1586 0.1929 0.1200 0.1103 0.1132 0.1576 0.1016 0.1050 0.1833 0.1506 0.1848 0.1867 0.1537 0.0446 0.0432 0.0395 0.0309 0.0391 0.0297 0.0180 0.0362 0.0108 0.0164 0.0192 0.0187 0.0227 0.0144 0.0169 0.0138 0.0110 0.0291 0.0113 0.0082 0.0151 0.0110 0.0116 0.0103 0.0076 0.0080 0.0068 0.0071 0.0072 0.0070 
0.0029 0.0507 0.0986 0.2569 0.0874 0.0379 0.0106 0.0225 0.0405 0.0215 0.0285 0.0471 0.0472 0.0629 0.2523 0.5587 0.2279 0.1590 0.0774 0.0555 0.0760 0.3795 0.1767 0.1843 0.1487 0.1081 0.1547 0.1024 0.1100 0.1386 0.1844 0.0884 0.1932 0.0836 0.0438 0.0102 0.0151 0.0122 0.0170 0.0211 0.0158 0.0133 0.0268 0.0231 0.0147 0.0179 0.0087 0.0125 0.0043 0.0014 0.0123 0.0046 0.0171 0.0089 0.0012 0.0071 0.0018 0.0024 0.0032 0.0004 0.0010 0.0009 0.0008 0.0008 
0.0301 0.0587 0.1607 0.1111 0.1206 0.0357 0.0038 0.0151 0.0212 0.0137 0.0286 0.0449 0.0613 0.0563 0.1787 0.2858 0.2980 0.2284 0.0945 0.0469 0.0718 0.2568 0.2184 0.1704 0.1642 0.1415 0.0928 0.1046 0.1354 0.0989 0.1622 0.2418 0.0747 0.0851 0.0519 0.0116 0.0151 0.0140 0.0129 0.0177 0.0117 0.0035 0.0139 0.0212 0.0132 0.0170 0.0186 0.0211 0.0163 0.0097 0.0111 0.0226 0.0110 0.0123 0.0088 0.0082 0.0092 0.0096 0.0091 0.0080 0.0085 0.0088 0.0085 0.0081 
0.0213 0.0707 0.1265 0.1052 0.1172 0.0351 0.0165 0.0134 0.0182 0.0196 0.0279 0.0270 0.0369 0.0186 0.0626 0.1191 0.2410 0.1528 0.0810 0.0346 0.1432 0.2037 0.1936 0.1428 0.1089 0.1281 0.1153 0.0999 0.1327 0.1597 0.1187 0.1489 0.1701 0.0830 0.0678 0.0232 0.0178 0.0110 0.0112 0.0085 0.0101 0.0100 0.0083 0.0107 0.0101 0.0066 0.0081 0.0098 0.0046 0.0046 0.0048 0.0071 0.0130 0.0052 0.0060 0.0054 0.0046 0.0051 0.0048 0.0050 0.0050 0.0051 0.0046 0.0047 
0.0340 0.0685 0.0670 0.0767 0.0781 0.0281 0.0216 0.0159 0.0185 0.0175 0.0171 0.0306 0.0409 0.0514 0.0863 0.1301 0.1301 0.1275 0.0125 0.0818 0.0587 0.1114 0.1254 0.1304 0.0922 0.1107 0.1066 0.0773 0.1310 0.0867 0.0550 0.1236 0.0965 0.0929 0.0815 0.0624 0.0544 0.0461 0.0364 0.0434 0.0357 0.0331 0.0301 0.0288 0.0295 0.0273 0.0292 0.0257 0.0256 0.0249 0.0243 0.0219 0.0266 0.0230 0.0235 0.0222 0.0220 0.0220 0.0219 0.0213 0.0215 0.0212 0.0212 0.0214 
0.0156 0.0587 0.0939 0.0331 0.0504 0.0357 0.0227 0.0131 0.0127 0.0219 0.0102 0.0278 0.0212 0.0126 0.0372 0.0442 0.0769 0.0747 0.0806 0.0604 0.0418 0.0891 0.1747 0.0658 0.0812 0.0368 0.1032 0.0479 0.0749 0.1059 0.0444 0.1643 0.0771 0.0540 0.0331 0.0299 0.0208 0.0266 0.0256 0.0245 0.0208 0.0208 0.0197 0.0194 0.0182 0.0163 0.0152 0.0166 0.0155 0.0154 0.0148 0.0135 0.0137 0.0137 0.0137 0.0133 0.0133 0.0132 0.0133 0.0129 0.0130 0.0131 0.0128 0.0130 
0.0080 0.0544 0.1088 0.0267 0.0291 0.0306 0.0137 0.0053 0.0131 0.0115 0.0051 0.0149 0.0268 0.0213 0.0343 0.0282 0.0953 0.0620 0.0527 0.0409 0.0549 0.0590 0.0596 0.0728 0.0629 0.0330 0.0529 0.0517 0.0603 0.0304 0.0369 0.0448 0.0384 0.0162 0.0073 0.0154 0.0140 0.0114 0.0053 0.0090 0.0038 0.0033 0.0031 0.0025 0.0023 0.0030 0.0021 0.0020 0.0016 0.0017 0.0021 0.0020 0.0030 0.0021 0.0024 0.0018 0.0021 0.0018 0.0018 0.0017 0.0021 0.0018 0.0019 0.0015 
0.0076 0.0513 0.0935 0.0277 0.0202 0.0221 0.0085 0.0077 0.0177 0.0123 0.0047 0.0139 0.0100 0.0154 0.0274 0.0208 0.0327 0.0416 0.0179 0.0246 0.0423 0.0301 0.0250 0.0233 0.0200 0.0201 0.0216 0.0130 0.0273 0.0210 0.0221 0.0104 0.0201 0.0070 0.0099 0.0120 0.0033 0.0031 0.0026 0.0020 0.0018 0.0010 0.0011 0.0012 0.0007 0.0010 0.0007 0.0009 0.0004 0.0005 0.0004 0.0014 0.0013 0.0006 0.0008 0.0006 0.0005 0.0003 0.0006 0.0006 0.0006 0.0009 0.0003 0.0007 
0.0158 0.0459 0.0696 0.0150 0.0125 0.0119 0.0072 0.0053 0.0062 0.0054 0.0035 0.0080 0.0031 0.0040 0.0126 0.0106 0.0086 0.0177 0.0284 0.0078 0.0064 0.0335 0.0120 0.0076 0.0050 0.0117 0.0081 0.0061 0.0168 0.0045 0.0168 0.0078 0.0091 0.0119 0.0043 0.0070 0.0019 0.0015 0.0010 0.0009 0.0003 0.0003 0.0004 0.0007 0.0004 0.0007 0.0005 0.0005 0.0001 0.0009 0.0004 0.0008 0.0009 0.0004 0.0001 0.0001 0.0004 0.0003 0.0002 0.0001 0.0004 0.0002 0.0004 0.0002 
0.0124 0.0348 0.0430 0.0169 0.0151 0.0125 0.0055 0.0039 0.0035 0.0050 0.0023 0.0051 0.0049 0.0040 0.0024 0.0083 0.0141 0.0248 0.0085 0.0143 0.0040 0.0082 0.0104 0.0046 0.0072 0.0058 0.0049 0.0080 0.0090 0.0104 0.0022 0.0105 0.0078 0.0041 0.0049 0.0018 0.0014 0.0020 0.0014 0.0008 0.0014 0.0010 0.0007 0.0014 0.0009 0.0010 0.0011 0.0006 0.0011 0.0012 0.0009 0.0011 0.0013 0.0012 0.0013 0.0010 0.0008 0.0011 0.0010 0.0013 0.0009 0.0011 0.0014 0.0010 
0.0033 0.0324 0.0275 0.0159 0.0092 0.0032 0.0018 0.0028 0.0027 0.0042 0.0021 0.0027 0.0034 0.0028 0.0062 0.0132 0.0156 0.0084 0.0053 0.0093 0.0090 0.0033 0.0020 0.0055 0.0021 0.0032 0.0024 0.0065 0.0051 0.0084 0.0030 0.0069 0.0021 0.0018 0.0018 0.0007 0.0008 0.0012 0.0011 0.0010 0.0010 0.0010 0.0010 0.0001 0.0002 0.0005 0.0008 0.0005 0.0004 0.0002 0.0005 0.0005 0.0009 0.0004 0.0003 0.0008 0.0005 0.0006 0.0007 0.0003 0.0006 0.0005 0.0005 0.0004 
0.0021 0.0324 0.0188 0.0090 0.0031 0.0039 0.0033 0.0008 0.0010 0.0010 0.0009 0.0010 0.0014 0.0011 0.0020 0.0044 0.0038 0.0071 0.0052 0.0069 0.0071 0.0077 0.0032 0.0040 0.0016 0.0007 0.0024 0.0041 0.0023 0.0022 0.0009 0.0044 0.0013 0.0008 0.0007 0.0004 0.0006 0.0010 0.0002 0.0003 0.0003 0.0006 0.0001 0.0007 0.0003 0.0004 0.0003 0.0005 0.0006 0.0006 0.0004 0.0005 0.0005 0.0004 0.0001 0.0001 0.0003 0.0004 0.0004 0.0007 0.0004 0.0002 0.0002 0.0003 
0.0025 0.0303 0.0126 0.0089 0.0027 0.0028 0.0024 0.0002 0.0004 0.0015 0.0006 0.0006 0.0004 0.0008 0.0021 0.0025 0.0030 0.0031 0.0038 0.0014 0.0029 0.0047 0.0037 0.0013 0.0010 0.0005 0.0008 0.0025 0.0041 0.0015 0.0009 0.0014 0.0007 0.0006 0.0005 0.0006 0.0008 0.0006 0.0005 0.0004 0.0005 0.0002 0.0006 0.0003 0.0003 0.0002 0.0004 0.0002 0.0007 0.0006 0.0005 0.0005 0.0004 0.0002 0.0002 0.0003 0.0002 0.0002 0.0004 0.0005 0.0005 0.0003 0.0006 0.0005 
0.0044 0.0223 0.0067 0.0094 0.0039 0.0014 0.0020 0.0005 0.0006 0.0006 0.0005 0.0003 0.0006 0.0003 0.0006 0.0012 0.0019 0.0021 0.0025 0.0010 0.0033 0.0034 0.0013 0.0006 0.0006 0.0006 0.0004 0.0014 0.0027 0.0016 0.0003 0.0016 0.0005 0.0007 0.0006 0.0004 0.0004 0.0004 0.0003 0.0005 0.0002 0.0003 0.0006 0.0003 0.0002 0.0005 0.0005 0.0002 0.0004 0.0005 0.0003 0.0005 0.0006 0.0004 0.0003 0.0002 0.0004 0.0002 0.0006 0.0004 0.0002 0.0004 0.0001 0.0002 
0.0054 0.0135 0.0058 0.0075 0.0027 0.0005 0.0005 0.0011 0.0005 0.0006 0.0006 0.0002 0.0004 0.0007 0.0007 0.0013 0.0007 0.0012 0.0025 0.0018 0.0014 0.0022 0.0010 0.0003 0.0003 0.0004 0.0002 0.0009 0.0013 0.0010 0.0005 0.0005 0.0004 0.0003 0.0003 0.0009 0.0003 0.0003 0.0003 0.0005 0.0004 0.0002 0.0005 0.0002 0.0001 0.0003 0.0004 0.0004 0.0002 0.0003 0.0002 0.0004 0.0004 0.0003 0.0003 0.0004 0.0002 0.0003 0.0005 0.0005 0.0004 0.0004 0.0005 0.0004 
0.0026 0.0113 0.0056 0.0048 0.0027 0.0013 0.0008 0.0008 0.0005 0.0004 0.0005 0.0005 0.0005 0.0002 0.0004 0.0008 0.0011 0.0021 0.0019 0.0012 0.0011 0.0005 0.0009 0.0004 0.0006 0.0002 0.0001 0.0003 0.0007 0.0008 0.0003 0.0004 0.0004 0.0004 0.0004 0.0004 0.0004 0.0003 0.0002 0.0003 0.0005 0.0004 0.0002 0.0001 0.0002 0.0005 0.0003 0.0004 0.0004 0.0004 0.0005 0.0008 0.0003 0.0005 0.0002 0.0003 0.0003 0.0004 0.0002 0.0003 0.0004 0.0003 0.0004 0.0005 
0.0011 0.0120 0.0054 0.0031 0.0012 0.0010 0.0003 0.0006 0.0003 0.0002 0.0002 0.0002 0.0002 0.0002 0.0003 0.0002 0.0006 0.0012 0.0012 0.0003 0.0016 0.0012 0.0003 0.0003 0.0004 0.0003 0.0001 0.0005 0.0008 0.0004 0.0003 0.0007 0.0005 0.0004 0.0002 0.0003 0.0002 0.0003 0.0003 0.0003 0.0002 0.0003 0.0001 0.0003 0.0005 0.0003 0.0007 0.0004 0.0003 0.0006 0.0001 0.0004 0.0005 0.0003 0.0004 0.0002 0.0005 0.0004 0.0004 0.0002 0.0003 0.0003 0.0001 0.0002 
0.0003 0.0109 0.0036 0.0026 0.0010 0.0008 0.0002 0.0004 0.0002 0.0002 0.0003 0.0002 0.0002 0.0003 0.0004 0.0007 0.0003 0.0003 0.0003 0.0003 0.0005 0.0005 0.0005 0.0002 0.0001 0.0005 0.0003 0.0002 0.0003 0.0002 0.0002 0.0003 0.0002 0.0003 0.0003 0.0006 0.0005 0.0002 0.0004 0.0003 0.0003 0.0004 0.0003 0.0005 0.0001 0.0002 0.0002 0.0003 0.0002 0.0004 0.0003 0.0005 0.0003 0.0005 0.0002 0.0006 0.0003 0.0001 0.0002 0.0002 0.0002 0.0002 0.0002 0.0004 
0.0020 0.0087 0.0021 0.0021 0.0007 0.0004 0.0001 0.0001 0.0002 0.0002 0.0006 0.0002 0.0002 0.0001 0.0003 0.0005 0.0006 0.0005 0.0008 0.0004 0.0007 0.0004 0.0001 0.0005 0.0004 0.0003 0.0001 0.0002 0.0004 0.0004 0.0002 0.0006 0.0004 0.0005 0.0004 0.0002 0.0004 0.0003 0.0002 0.0002 0.0004 0.0002 0.0002 0.0003 0.0004 0.0002 0.0004 0.0005 0.0002 0.0004 0.0002 0.0003 0.0004 0.0003 0.0003 0.0002 0.0002 0.0004 0.0005 0.0004 0.0004 0.0003 0.0003 0.0003 
0.0014 0.0069 0.0010 0.0012 0.0005 0.0002 0.0003 0.0002 0.0001 0.0001 0.0002 0.0001 0.0002 0.0002 0.0003 0.0003 0.0002 0.0002 0.0003 0.0003 0.0004 0.0003 0.0002 0.0002 0.0004 0.0001 0.0002 0.0003 0.0001 0.0004 0.0004 0.0006 0.0005 0.0003 0.0005 0.0002 0.0004 0.0001 0.0002 0.0005 0.0003 0.0003 0.0008 0.0002 0.0004 0.0004 0.0007 0.0005 0.0005 0.0004 0.0003 0.0007 0.0004 0.0005 0.0003 0.0003 0.0003 0.0002 0.0003 0.0003 0.0003 0.0003 0.0004 0.0003 
0.0007 0.0070 0.0012 0.0007 0.0002 0.0003 0.0002 0.0001 0.0001 0.0002 0.0001 0.0002 0.0003 0.0004 0.0002 0.0002 0.0004 0.0001 0.0002 0.0003 0.0003 0.0002 0.0003 0.0003 0.0001 0.0002 0.0001 0.0005 0.0003 0.0003 0.0003 0.0001 0.0003 0.0004 0.0005 0.0003 0.0003 0.0003 0.0005 0.0001 0.0003 0.0005 0.0011 0.0005 0.0002 0.0003 0.0007 0.0005 0.0005 0.0005 0.0002 0.0004 0.0004 0.0006 0.0003 0.0004 0.0003 0.0003 0.0002 0.0001 0.0002 0.0007 0.0003 0.0003 
0.0007 0.0055 0.0007 0.0003 0.0002 0.0003 0.0001 0.0001 0.0002 0.0001 0.0002 0.0002 0.0002 0.0002 0.0002 0.0002 0.0003 0.0002 0.0002 0.0002 0.0003 0.0002 0.0002 0.0003 0.0002 0.0005 0.0003 0.0003 0.0001 0.0002 0.0003 0.0003 0.0003 0.0003 0.0002 0.0003 0.0003 0.0004 0.0005 0.0004 0.0005 0.0001 0.0014 0.0005 0.0003 0.0005 0.0007 0.0007 0.0004 0.0003 0.0004 0.0002 0.0003 0.0003 0.0004 0.0002 0.0005 0.0005 0.0004 0.0002 0.0004 0.0001 0.0005 0.0002 
0.0010 0.0044 0.0003 0.0005 0.0003 0.0004 0.0001 0.0002 0.0002 0.0003 0.0003 0.0002 0.0002 0.0002 0.0002 0.0003 0.0003 0.0001 0.0002 0.0001 0.0002 0.0002 0.0002 0.0002 0.0003 0.0004 0.0003 0.0002 0.0002 0.0003 0.0001 0.0003 0.0002 0.0003 0.0004 0.0001 0.0002 0.0003 0.0004 0.0004 0.0006 0.0003 0.0007 0.0004 0.0005 0.0003 0.0005 0.0012 0.0003 0.0003 0.0005 0.0006 0.0004 0.0005 0.0002 0.0004 0.0004 0.0003 0.0002 0.0002 0.0002 0.0003 0.0002 0.0003 
0.0008 0.0030 0.0003 0.0001 0.0002 0.0002 0.0001 0.0001 0.0001 0.0001 0.0004 0.0001 0.0002 0.0003 0.0003 0.0003 0.0002 0.0001 0.0002 0.0003 0.0004 0.0002 0.0003 0.0004 0.0004 0.0002 0.0003 0.0003 0.0002 0.0002 0.0002 0.0002 0.0002 0.0004 0.0002 0.0002 0.0002 0.0003 0.0002 0.0005 0.0006 0.0002 0.0003 0.0003 0.0001 0.0004 0.0005 0.0001 0.0005 0.0005 0.0003 0.0005 0.0002 0.0004 0.0003 0.0003 0.0004 0.0003 0.0002 0.0002 0.0003 0.0003 0.0004 0.0002 
0.0007 0.0029 0.0003 0.0002 0.0001 0.0002 0.0003 0.0002 0.0002 0.0001 0.0001 0.0002 0.0001 0.0003 0.0002 0.0001 0.0002 0.0002 0.0002 0.0002 0.0001 0.0002 0.0001 0.0003 0.0001 0.0002 0.0003 0.0003 0.0004 0.0003 0.0003 0.0003 0.0004 0.0004 0.0005 0.0008 0.0002 0.0002 0.0005 0.0002 0.0004 0.0003 0.0004 0.0003 0.0003 0.0005 0.0004 0.0002 0.0005 0.0002 0.0005 0.0004 0.0005 0.0003 0.0005 0.0005 0.0003 0.0003 0.0004 0.0002 0.0007 0.0004 0.0002 0.0004 
0.0007 0.0030 0.0003 0.0003 0.0001 0.0001 0.0003 0.0001 0.0001 0.0003 0.0003 0.0002 0.0002 0.0001 0.0002 0.0001 0.0002 0.0001 0.0003 0.0002 0.0002 0.0003 0.0002 0.0003 0.0001 0.0002 0.0002 0.0003 0.0002 0.0004 0.0003 0.0003 0.0002 0.0003 0.0003 0.0004 0.0003 0.0003 0.0008 0.0003 0.0005 0.0004 0.0003 0.0004 0.0004 0.0003 0.0004 0.0004 0.0003 0.0004 0.0005 0.0001 0.0004 0.0002 0.0002 0.0005 0.0003 0.0002 0.0005 0.0002 0.0002 0.0003 0.0004 0.0003 
0.0004 0.0014 0.0003 0.0004 0.0001 0.0002 0.0002 0.0001 0.0002 0.0005 0.0006 0.0001 0.0001 0.0002 0.0003 0.0001 0.0003 0.0002 0.0003 0.0004 0.0002 0.0003 0.0003 0.0005 0.0004 0.0002 0.0002 0.0002 0.0003 0.0001 0.0001 0.0005 0.0004 0.0004 0.0002 0.0001 0.0004 0.0001 0.0005 0.0003 0.0003 0.0002 0.0003 0.0004 0.0003 0.0003 0.0002 0.0005 0.0002 0.0005 0.0006 0.0010 0.0004 0.0005 0.0004 0.0002 0.0002 0.0005 0.0004 0.0003 0.0005 0.0003 0.0004 0.0002 
0.0004 0.0013 0.0004 0.0003 0.0002 0.0003 0.0005 0.0003 0.0003 0.0003 0.0004 0.0003 0.0002 0.0001 0.0003 0.0003 0.0005 0.0003 0.0003 0.0002 0.0002 0.0001 0.0001 0.0006 0.0004 0.0001 0.0001 0.0003 0.0001 0.0003 0.0002 0.0003 0.0002 0.0002 0.0002 0.0005 0.0005 0.0002 0.0003 0.0001 0.0004 0.0007 0.0007 0.0002 0.0002 0.0004 0.0001 0.0004 0.0006 0.0003 0.0003 0.0004 0.0004 0.0003 0.0002 0.0001 0.0004 0.0003 0.0003 0.0002 0.0005 0.0002 0.0003 0.0002 
0.0003 0.0011 0.0006 0.0002 0.0003 0.0003 0.0002 0.0001 0.0001 0.0003 0.0002 0.0002 0.0002 0.0002 0.0001 0.0002 0.0001 0.0002 0.0004 0.0002 0.0002 0.0002 0.0002 0.0002 0.0003 0.0004 0.0001 0.0003 0.0002 0.0002 0.0003 0.0002 0.0002 0.0003 0.0002 0.0005 0.0002 0.0002 0.0003 0.0002 0.0004 0.0003 0.0005 0.0003 0.0003 0.0004 0.0005 0.0002 0.0004 0.0003 0.0003 0.0005 0.0006 0.0006 0.0005 0.0003 0.0002 0.0002 0.0001 0.0005 0.0004 0.0003 0.0003 0.0003 
0.0002 0.0016 0.0006 0.0004 0.0002 0.0002 0.0002 0.0002 0.0002 0.0003 0.0004 0.0003 0.0003 0.0001 0.0003 0.0002 0.0001 0.0001 0.0005 0.0001 0.0001 0.0002 0.0004 0.0001 0.0002 0.0002 0.0004 0.0005 0.0005 0.0002 0.0002 0.0001 0.0001 0.0003 0.0002 0.0005 0.0004 0.0001 0.0002 0.0001 0.0004 0.0003 0.0004 0.0004 0.0004 0.0003 0.0005 0.0002 0.0003 0.0004 0.0004 0.0007 0.0003 0.0002 0.0005 0.0003 0.0004 0.0003 0.0005 0.0002 0.0003 0.0003 0.0003 0.0004 
0.0001 0.0008 0.0002 0.0001 0.0001 0.0003 0.0002 0.0001 0.0001 0.0004 0.0002 0.0001 0.0002 0.0002 0.0002 0.0002 0.0003 0.0003 0.0004 0.0004 0.0002 0.0003 0.0003 0.0002 0.0002 0.0002 0.0002 0.0006 0.0005 0.0003 0.0005 0.0003 0.0002 0.0002 0.0002 0.0003 0.0002 0.0004 0.0006 0.0003 0.0004 0.0002 0.0005 0.0002 0.0003 0.0004 0.0004 0.0002 0.0003 0.0003 0.0005 0.0004 0.0005 0.0003 0.0002 0.0006 0.0001 0.0002 0.0003 0.0003 0.0004 0.0002 0.0003 0.0004 
0.0003 0.0008 0.0002 0.0002 0.0002 0.0005 0.0003 0.0001 0.0001 0.0001 0.0002 0.0004 0.0001 0.0001 0.0002 0.0005 0.0001 0.0003 0.0003 0.0002 0.0002 0.0002 0.0003 0.0004 0.0002 0.0001 0.0002 0.0002 0.0003 0.0002 0.0004 0.0002 0.0002 0.0004 0.0002 0.0004 0.0003 0.0005 0.0003 0.0003 0.0002 0.0003 0.0003 0.0006 0.0004 0.0004 0.0002 0.0001 0.0006 0.0003 0.0004 0.0005 0.0003 0.0002 0.0004 0.0002 0.0003 0.0001 0.0001 0.0006 0.0003 0.0005 0.0002 0.0001 
0.0003 0.0005 0.0002 0.0001 0.0001 0.0003 0.0001 0.0002 0.0001 0.0003 0.0004 0.0003 0.0003 0.0003 0.0002 0.0002 0.0002 0.0002 0.0003 0.0003 0.0003 0.0001 0.0001 0.0001 0.0003 0.0001 0.0001 0.0004 0.0004 0.0003 0.0003 0.0002 0.0004 0.0003 0.0001 0.0003 0.0003 0.0006 0.0002 0.0004 0.0004 0.0002 0.0003 0.0005 0.0002 0.0003 0.0004 0.0003 0.0006 0.0004 0.0003 0.0004 0.0003 0.0005 0.0005 0.0005 0.0006 0.0003 0.0003 0.0004 0.0003 0.0002 0.0004 0.0003 
0.0002 0.0004 0.0001 0.0000 0.0001 0.0001 0.0005 0.0002 0.0002 0.0002 0.0001 0.0002 0.0003 0.0001 0.0001 0.0002 0.0002 0.0002 0.0002 0.0004 0.0002 0.0003 0.0001 0.0001 0.0002 0.0002 0.0002 0.0002 0.0002 0.0003 0.0003 0.0003 0.0004 0.0003 0.0002 0.0003 0.0004 0.0002 0.0006 0.0003 0.0003 0.0004 0.0002 0.0002 0.0005 0.0004 0.0003 0.0003 0.0004 0.0003 0.0004 0.0005 0.0005 0.0003 0.0002 0.0003 0.0001 0.0003 0.0004 0.0001 0.0005 0.0002 0.0006 0.0002 
0.0001 0.0008 0.0001 0.0001 0.0002 0.0002 0.0002 0.0002 0.0002 0.0002 0.0001 0.0002 0.0001 0.0002 0.0001 0.0001 0.0001 0.0002 0.0002 0.0002 0.0003 0.0002 0.0003 0.0002 0.0004 0.0003 0.0002 0.0002 0.0004 0.0001 0.0004 0.0004 0.0004 0.0002 0.0003 0.0003 0.0004 0.0003 0.0003 0.0003 0.0005 0.0003 0.0003 0.0003 0.0004 0.0004 0.0003 0.0005 0.0002 0.0004 0.0004 0.0004 0.0002 0.0002 0.0003 0.0006 0.0003 0.0005 0.0002 0.0002 0.0001 0.0005 0.0004 0.0001 
