0.0003 0.0002 0.0001 0.0001 0.0003 0.0004 0.0001 0.0003 0.0002 0.0002 0.0002 0.0001 0.0001 0.0002 0.0003 0.0003 0.0001 0.0003 0.0001 0.0002 0.0000 0.0002 0.0002 0.0006 0.0003 0.0002 0.0003 0.0002 0.0003 0.0001 0.0003 0.0002 0.0003 0.0003 0.0003 0.0002 0.0002 0.0004 0.0006 0.0004 0.0003 0.0003 0.0003 0.0004 0.0004 0.0002 0.0005 0.0002 0.0002 0.0004 0.0005 0.0007 0.0003 0.0002 0.0004 0.0003 0.0002 0.0001 0.0002 0.0004 0.0003 0.0001 0.0003 0.0002 
0.0004 0.0001 0.0001 0.0001 0.0004 0.0002 0.0001 0.0002 0.0001 0.0001 0.0001 0.0004 0.0001 0.0002 0.0004 0.0001 0.0002 0.0001 0.0003 0.0002 0.0000 0.0005 0.0002 0.0002 0.0002 0.0002 0.0002 0.0003 0.0002 0.0002 0.0002 0.0003 0.0003 0.0004 0.0006 0.0004 0.0001 0.0003 0.0003 0.0004 0.0002 0.0003 0.0002 0.0004 0.0004 0.0001 0.0003 0.0003 0.0004 0.0008 0.0006 0.0009 0.0003 0.0009 0.0006 0.0002 0.0004 0.0004 0.0001 0.0004 0.0003 0.0003 0.0004 0.0003 
0.0003 0.0002 0.0003 0.0002 0.0002 0.0002 0.0002 0.0001 0.0002 0.0001 0.0003 0.0001 0.0003 0.0001 0.0002 0.0002 0.0002 0.0003 0.0002 0.0008 0.0002 0.0002 0.0004 0.0002 0.0002 0.0003 0.0002 0.0003 0.0003 0.0005 0.0003 0.0003 0.0003 0.0005 0.0004 0.0002 0.0003 0.0004 0.0006 0.0003 0.0003 0.0002 0.0004 0.0003 0.0002 0.0004 0.0005 0.0005 0.0008 0.0006 0.0003 0.0002 0.0005 0.0006 0.0003 0.0004 0.0003 0.0003 0.0003 0.0003 0.0004 0.0004 0.0004 0.0004 
0.0003 0.0001 0.0001 0.0001 0.0001 0.0002 0.0002 0.0002 0.0003 0.0001 0.0001 0.0001 0.0001 0.0001 0.0001 0.0002 0.0002 0.0002 0.0002 0.0008 0.0002 0.0005 0.0001 0.0004 0.0004 0.0001 0.0002 0.0004 0.0005 0.0001 0.0003 0.0004 0.0005 0.0002 0.0003 0.0002 0.0003 0.0002 0.0004 0.0004 0.0004 0.0003 0.0005 0.0003 0.0003 0.0003 0.0002 0.0001 0.0008 0.0003 0.0006 0.0004 0.0004 0.0003 0.0003 0.0001 0.0003 0.0002 0.0002 0.0005 0.0002 0.0004 0.0004 0.0004 
0.0002 0.0001 0.0001 0.0001 0.0001 0.0002 0.0002 0.0003 0.0001 0.0001 0.0003 0.0003 0.0002 0.0001 0.0003 0.0003 0.0002 0.0002 0.0002 0.0002 0.0004 0.0003 0.0002 0.0001 0.0003 0.0004 0.0004 0.0002 0.0001 0.0002 0.0002 0.0005 0.0006 0.0004 0.0007 0.0004 0.0003 0.0003 0.0002 0.0002 0.0003 0.0002 0.0003 0.0003 0.0004 0.0006 0.0007 0.0003 0.0005 0.0008 0.0004 0.0004 0.0003 0.0006 0.0002 0.0002 0.0004 0.0003 0.0003 0.0003 0.0003 0.0002 0.0003 0.0002 
0.0002 0.0000 0.0001 0.0001 0.0002 0.0001 0.0002 0.0003 0.0002 0.0002 0.0002 0.0002 0.0003 0.0002 0.0003 0.0003 0.0001 0.0002 0.0004 0.0005 0.0002 0.0002 0.0004 0.0002 0.0004 0.0002 0.0003 0.0004 0.0002 0.0004 0.0002 0.0001 0.0006 0.0007 0.0005 0.0002 0.0002 0.0004 0.0004 0.0003 0.0002 0.0004 0.0003 0.0003 0.0004 0.0002 0.0002 0.0004 0.0002 0.0006 0.0006 0.0004 0.0003 0.0003 0.0003 0.0004 0.0004 0.0002 0.0003 0.0003 0.0005 0.0003 0.0004 0.0003 
0.0002 0.0003 0.0002 0.0001 0.0002 0.0001 0.0002 0.0002 0.0004 0.0002 0.0001 0.0002 0.0002 0.0002 0.0001 0.0002 0.0002 0.0002 0.0002 0.0002 0.0002 0.0003 0.0002 0.0002 0.0003 0.0002 0.0003 0.0002 0.0003 0.0003 0.0003 0.0002 0.0003 0.0005 0.0006 0.0004 0.0004 0.0002 0.0004 0.0007 0.0003 0.0003 0.0003 0.0009 0.0002 0.0003 0.0004 0.0005 0.0003 0.0007 0.0003 0.0002 0.0004 0.0005 0.0005 0.0002 0.0003 0.0005 0.0004 0.0002 0.0003 0.0002 0.0004 0.0002 
0.0002 0.0002 0.0003 0.0002 0.0004 0.0001 0.0001 0.0003 0.0002 0.0001 0.0001 0.0003 0.0003 0.0001 0.0002 0.0003 0.0002 0.0001 0.0002 0.0003 0.0003 0.0002 0.0002 0.0003 0.0003 0.0002 0.0002 0.0003 0.0003 0.0001 0.0002 0.0004 0.0002 0.0002 0.0001 0.0002 0.0002 0.0002 0.0002 0.0005 0.0004 0.0003 0.0002 0.0002 0.0003 0.0003 0.0005 0.0006 0.0004 0.0002 0.0002 0.0004 0.0004 0.0004 0.0002 0.0003 0.0004 0.0005 0.0003 0.0003 0.0002 0.0004 0.0002 0.0004 
0.0002 0.0003 0.0003 0.0001 0.0002 0.0004 0.0003 0.0002 0.0002 0.0004 0.0003 0.0002 0.0004 0.0003 0.0002 0.0003 0.0002 0.0004 0.0001 0.0002 0.0002 0.0005 0.0007 0.0002 0.0001 0.0003 0.0003 0.0003 0.0003 0.0002 0.0004 0.0003 0.0003 0.0002 0.0003 0.0004 0.0006 0.0003 0.0002 0.0005 0.0006 0.0001 0.0004 0.0007 0.0006 0.0004 0.0004 0.0005 0.0008 0.0006 0.0004 0.0006 0.0004 0.0005 0.0005 0.0002 0.0004 0.0001 0.0005 0.0006 0.0004 0.0006 0.0003 0.0001 
0.0002 0.0002 0.0003 0.0002 0.0002 0.0001 0.0004 0.0002 0.0001 0.0002 0.0003 0.0002 0.0002 0.0005 0.0002 0.0002 0.0001 0.0001 0.0002 0.0001 0.0003 0.0001 0.0006 0.0002 0.0002 0.0003 0.0002 0.0002 0.0004 0.0002 0.0003 0.0003 0.0004 0.0005 0.0003 0.0002 0.0003 0.0003 0.0004 0.0007 0.0005 0.0002 0.0004 0.0004 0.0002 0.0002 0.0005 0.0003 0.0005 0.0004 0.0004 0.0004 0.0005 0.0006 0.0003 0.0004 0.0002 0.0005 0.0004 0.0002 0.0002 0.0003 0.0005 0.0003 
0.0002 0.0001 0.0002 0.0002 0.0001 0.0002 0.0001 0.0002 0.0001 0.0002 0.0003 0.0001 0.0003 0.0002 0.0002 0.0002 0.0004 0.0003 0.0001 0.0002 0.0003 0.0002 0.0004 0.0002 0.0001 0.0001 0.0002 0.0004 0.0005 0.0004 0.0003 0.0003 0.0004 0.0003 0.0002 0.0002 0.0003 0.0002 0.0003 0.0005 0.0006 0.0003 0.0004 0.0008 0.0003 0.0009 0.0004 0.0003 0.0007 0.0005 0.0004 0.0004 0.0005 0.0001 0.0005 0.0005 0.0002 0.0004 0.0003 0.0002 0.0002 0.0003 0.0003 0.0004 
0.0004 0.0001 0.0002 0.0002 0.0001 0.0001 0.0001 0.0001 0.0001 0.0002 0.0003 0.0001 0.0002 0.0003 0.0004 0.0000 0.0002 0.0002 0.0002 0.0003 0.0004 0.0004 0.0002 0.0003 0.0003 0.0002 0.0001 0.0002 0.0002 0.0004 0.0004 0.0002 0.0004 0.0003 0.0001 0.0005 0.0002 0.0002 0.0002 0.0002 0.0003 0.0003 0.0005 0.0005 0.0005 0.0003 0.0005 0.0007 0.0007 0.0005 0.0005 0.0002 0.0004 0.0004 0.0004 0.0003 0.0002 0.0003 0.0003 0.0003 0.0001 0.0003 0.0003 0.0003 
0.0002 0.0002 0.0002 0.0004 0.0002 0.0004 0.0002 0.0002 0.0002 0.0002 0.0001 0.0003 0.0002 0.0002 0.0002 0.0002 0.0003 0.0002 0.0002 0.0003 0.0003 0.0002 0.0002 0.0003 0.0002 0.0003 0.0003 0.0002 0.0002 0.0001 0.0005 0.0003 0.0004 0.0002 0.0003 0.0004 0.0005 0.0002 0.0002 0.0003 0.0004 0.0005 0.0003 0.0009 0.0009 0.0005 0.0006 0.0006 0.0003 0.0003 0.0007 0.0005 0.0003 0.0007 0.0006 0.0004 0.0003 0.0001 0.0002 0.0004 0.0001 0.0003 0.0003 0.0002 
0.0002 0.0002 0.0002 0.0003 0.0002 0.0001 0.0004 0.0001 0.0003 0.0002 0.0002 0.0002 0.0002 0.0002 0.0003 0.0001 0.0001 0.0003 0.0004 0.0002 0.0002 0.0001 0.0004 0.0003 0.0002 0.0003 0.0009 0.0002 0.0003 0.0002 0.0003 0.0003 0.0004 0.0002 0.0006 0.0001 0.0002 0.0002 0.0006 0.0003 0.0009 0.0007 0.0001 0.0007 0.0004 0.0005 0.0006 0.0004 0.0003 0.0004 0.0006 0.0004 0.0005 0.0005 0.0003 0.0004 0.0002 0.0003 0.0003 0.0005 0.0003 0.0004 0.0003 0.0002 
0.0001 0.0001 0.0001 0.0002 0.0002 0.0003 0.0004 0.0001 0.0003 0.0002 0.0005 0.0002 0.0002 0.0001 0.0006 0.0003 0.0002 0.0001 0.0003 0.0002 0.0002 0.0003 0.0004 0.0003 0.0002 0.0002 0.0005 0.0002 0.0003 0.0004 0.0002 0.0003 0.0004 0.0001 0.0004 0.0001 0.0003 0.0002 0.0002 0.0003 0.0004 0.0004 0.0003 0.0003 0.0010 0.0002 0.0004 0.0008 0.0003 0.0007 0.0002 0.0007 0.0006 0.0003 0.0003 0.0004 0.0003 0.0004 0.0003 0.0001 0.0004 0.0004 0.0004 0.0003 
0.0003 0.0002 0.0001 0.0001 0.0002 0.0001 0.0002 0.0002 0.0002 0.0003 0.0002 0.0002 0.0003 0.0001 0.0005 0.0005 0.0005 0.0003 0.0001 0.0004 0.0002 0.0004 0.0003 0.0002 0.0002 0.0002 0.0004 0.0002 0.0003 0.0006 0.0003 0.0001 0.0004 0.0001 0.0005 0.0002 0.0003 0.0004 0.0007 0.0007 0.0007 0.0005 0.0006 0.0006 0.0005 0.0002 0.0004 0.0008 0.0008 0.0004 0.0004 0.0007 0.0010 0.0002 0.0003 0.0004 0.0003 0.0002 0.0005 0.0003 0.0002 0.0005 0.0004 0.0005 
0.0004 0.0003 0.0002 0.0002 0.0001 0.0001 0.0003 0.0001 0.0002 0.0003 0.0001 0.0003 0.0001 0.0002 0.0007 0.0004 0.0003 0.0005 0.0004 0.0002 0.0002 0.0003 0.0004 0.0003 0.0002 0.0006 0.0010 0.0008 0.0006 0.0013 0.0013 0.0009 0.0013 0.0009 0.0013 0.0014 0.0004 0.0033 0.0042 0.0035 0.0068 0.0102 0.0063 0.0055 0.0033 0.0005 0.0011 0.0029 0.0036 0.0017 0.0009 0.0026 0.0025 0.0021 0.0036 0.0023 0.0007 0.0005 0.0004 0.0004 0.0001 0.0005 0.0003 0.0005 
0.0004 0.0003 0.0001 0.0003 0.0002 0.0003 0.0002 0.0001 0.0001 0.0002 0.0001 0.0002 0.0002 0.0003 0.0005 0.0003 0.0002 0.0002 0.0004 0.0005 0.0004 0.0004 0.0007 0.0005 0.0005 0.0005 0.0024 0.0010 0.0005 0.0007 0.0008 0.0015 0.0014 0.0019 0.0003 0.0012 0.0003 0.0020 0.0048 0.0033 0.0067 0.0037 0.0040 0.0036 0.0024 0.0010 0.0012 0.0041 0.0038 0.0023 0.0025 0.0040 0.0044 0.0037 0.0049 0.0028 0.0007 0.0008 0.0004 0.0003 0.0003 0.0007 0.0004 0.0004 
0.0001 0.0001 0.0001 0.0001 0.0001 0.0003 0.0001 0.0003 0.0002 0.0001 0.0001 0.0003 0.0003 0.0003 0.0005 0.0003 0.0003 0.0002 0.0003 0.0003 0.0003 0.0006 0.0004 0.0003 0.0003 0.0002 0.0006 0.0003 0.0007 0.0004 0.0005 0.0004 0.0003 0.0008 0.0002 0.0006 0.0005 0.0003 0.0011 0.0007 0.0010 0.0010 0.0007 0.0010 0.0009 0.0011 0.0008 0.0012 0.0004 0.0004 0.0007 0.0009 0.0004 0.0004 0.0008 0.0004 0.0006 0.0004 0.0001 0.0003 0.0004 0.0002 0.0005 0.0002 
0.0001 0.0001 0.0002 0.0002 0.0002 0.0001 0.0003 0.0002 0.0002 0.0002 0.0004 0.0001 0.0001 0.0001 0.0004 0.0003 0.0004 0.0001 0.0002 0.0003 0.0004 0.0005 0.0002 0.0003 0.0002 0.0002 0.0003 0.0004 0.0003 0.0006 0.0005 0.0003 0.0002 0.0004 0.0002 0.0008 0.0003 0.0003 0.0008 0.0003 0.0006 0.0006 0.0004 0.0008 0.0012 0.0010 0.0004 0.0005 0.0007 0.0008 0.0002 0.0006 0.0006 0.0006 0.0006 0.0002 0.0005 0.0004 0.0004 0.0002 0.0004 0.0002 0.0004 0.0002 
0.0003 0.0002 0.0001 0.0001 0.0002 0.0003 0.0002 0.0002 0.0004 0.0001 0.0003 0.0002 0.0001 0.0001 0.0003 0.0004 0.0006 0.0003 0.0003 0.0004 0.0003 0.0003 0.0002 0.0006 0.0003 0.0006 0.0003 0.0002 0.0007 0.0004 0.0003 0.0002 0.0009 0.0008 0.0003 0.0003 0.0009 0.0014 0.0007 0.0006 0.0007 0.0003 0.0003 0.0012 0.0011 0.0011 0.0005 0.0011 0.0007 0.0009 0.0007 0.0003 0.0005 0.0010 0.0007 0.0006 0.0003 0.0005 0.0002 0.0004 0.0005 0.0004 0.0003 0.0004 
0.0002 0.0002 0.0002 0.0003 0.0002 0.0006 0.0006 0.0001 0.0004 0.0006 0.0004 0.0007 0.0002 0.0007 0.0004 0.0007 0.0009 0.0003 0.0004 0.0011 0.0009 0.0003 0.0009 0.0013 0.0015 0.0015 0.0013 0.0013 0.0013 0.0024 0.0024 0.0022 0.0017 0.0012 0.0012 0.0016 0.0016 0.0037 0.0027 0.0042 0.0042 0.0028 0.0033 0.0033 0.0020 0.0022 0.0012 0.0022 0.0027 0.0012 0.0025 0.0052 0.0062 0.0054 0.0055 0.0039 0.0023 0.0011 0.0006 0.0005 0.0004 0.0004 0.0002 0.0003 
0.0069 0.0067 0.0084 0.0085 0.0174 0.0091 0.0041 0.0062 0.0183 0.0152 0.0105 0.0255 0.0234 0.0175 0.0177 0.0501 0.0091 0.0085 0.0112 0.0039 0.0126 0.0311 0.0326 0.0178 0.0430 0.0241 0.0416 0.0318 0.0139 0.0483 0.0148 0.0304 0.0474 0.0437 0.0263 0.0450 0.0689 0.0933 0.0526 0.0925 0.1413 0.0913 0.1277 0.0302 0.0258 0.0413 0.0527 0.1068 0.1690 0.1512 0.2097 0.0477 0.0902 0.0822 0.1064 0.0264 0.0177 0.0076 0.0080 0.0085 0.0083 0.0049 0.0051 0.0048 
0.0231 0.0243 0.0246 0.0226 0.0244 0.0240 0.0224 0.0200 0.0170 0.0379 0.0347 0.0468 0.0430 0.0575 0.0974 0.0269 0.0163 0.0149 0.0220 0.0214 0.0241 0.1268 0.0932 0.0365 0.1065 0.0741 0.0891 0.0681 0.1757 0.1324 0.1286 0.1817 0.0888 0.0583 0.1957 0.1520 0.1132 0.1939 0.4678 0.3557 0.2364 0.4341 0.1280 0.1076 0.1103 0.0838 0.0730 0.2730 0.1864 0.1278 0.1454 0.3716 0.1017 0.0488 0.1164 0.0780 0.0860 0.0486 0.0095 0.0174 0.0079 0.0164 0.0079 0.0088 
0.0265 0.0258 0.0277 0.0307 0.0309 0.0247 0.0230 0.0264 0.0282 0.0305 0.0328 0.0316 0.0441 0.0436 0.0798 0.0719 0.0249 0.0331 0.0306 0.0486 0.0283 0.0870 0.0484 0.0692 0.0244 0.0435 0.0670 0.1254 0.1291 0.3979 0.3420 0.2345 0.1895 0.1487 0.0932 0.1474 0.1610 0.2928 0.3230 0.3320 0.4309 0.2807 0.0801 0.3324 0.1754 0.0863 0.1235 0.1527 0.0913 0.1265 0.1977 0.2240 0.1514 0.0918 0.0536 0.0517 0.0338 0.0308 0.0095 0.0064 0.0084 0.0080 0.0065 0.0048 
0.0047 0.0050 0.0051 0.0082 0.0076 0.0079 0.0070 0.0080 0.0108 0.0087 0.0081 0.0105 0.0159 0.0321 0.0664 0.0682 0.0247 0.0046 0.0180 0.0370 0.0340 0.1077 0.0924 0.0785 0.0676 0.2083 0.3467 0.3562 0.4471 0.4495 0.2298 0.1517 0.2803 0.2954 0.2791 0.1558 0.2371 0.3397 0.4902 0.2666 0.4494 0.6621 0.9538 0.1634 0.3151 0.0652 0.2794 0.4568 0.2133 0.2685 0.1362 0.4257 0.0870 0.1124 0.0962 0.0945 0.0356 0.0512 0.0334 0.0341 0.0287 0.0263 0.0305 0.0287 
0.0104 0.0100 0.0105 0.0082 0.0117 0.0125 0.0125 0.0120 0.0133 0.0170 0.0170 0.0174 0.0292 0.0489 0.0418 0.1322 0.0046 0.0150 0.0182 0.0311 0.0505 0.0773 0.0553 0.0583 0.1170 0.2534 0.1910 0.2341 0.1324 0.3426 0.2264 0.2111 0.3835 0.3114 0.1869 0.2235 0.2096 0.3940 0.2941 0.7258 0.6437 0.6593 0.4423 0.1613 0.0641 0.1567 0.2007 0.1818 0.2232 0.1509 0.2760 0.4261 0.2087 0.1839 0.2099 0.1303 0.1002 0.0461 0.0247 0.0236 0.0196 0.0162 0.0168 0.0162 
0.0053 0.0059 0.0057 0.0095 0.0074 0.0071 0.0074 0.0060 0.0114 0.0054 0.0089 0.0034 0.0111 0.0109 0.0756 0.1390 0.0249 0.0127 0.0254 0.0295 0.0154 0.3159 0.1126 0.0680 0.0902 0.1650 0.3586 0.3303 0.2869 0.6964 0.0983 0.2770 0.3024 0.3030 0.3942 0.2137 0.2643 0.2483 0.4440 0.5151 0.2660 0.4080 0.3262 0.2347 0.2440 0.1044 0.2088 0.1758 0.2039 0.1135 0.1693 0.3832 0.2597 0.1648 0.1179 0.0726 0.0397 0.0391 0.0108 0.0102 0.0052 0.0050 0.0051 0.0049 
0.0041 0.0035 0.0062 0.0095 0.0077 0.0095 0.0040 0.0038 0.0093 0.0037 0.0049 0.0074 0.0102 0.0218 0.0205 0.0264 0.0321 0.0133 0.0150 0.0150 0.0175 0.2545 0.1118 0.0570 0.0765 0.1566 0.1373 0.3268 0.0356 0.3976 0.0810 0.2318 0.1268 0.0747 0.0775 0.0412 0.1531 0.2433 0.2622 0.2363 0.3154 0.1117 0.1394 0.1046 0.0905 0.0415 0.1109 0.2015 0.0934 0.1909 0.0624 0.1182 0.1590 0.0464 0.0840 0.0631 0.0694 0.0161 0.0137 0.0110 0.0119 0.0126 0.0111 0.0114 
0.0104 0.0441 0.0976 0.0812 0.0822 0.0241 0.0141 0.0100 0.0273 0.0238 0.0181 0.0407 0.0231 0.0411 0.1705 0.2419 0.1147 0.0842 0.0385 0.0340 0.0961 0.1023 0.1573 0.1282 0.0785 0.1610 0.0724 0.1793 0.2006 0.2094 0.2026 0.1300 0.1189 0.0805 0.0279 0.0959 0.0649 0.1486 0.0728 0.0929 0.0749 0.0833 0.0552 0.0709 0.0255 0.0797 0.0460 0.0708 0.0779 0.0734 0.0341 0.0517 0.0465 0.0477 0.0385 0.0151 0.0268 0.0203 0.0137 0.0128 0.0125 0.0119 0.0122 0.0124 
0.0713 0.1061 0.1561 0.3377 0.0735 0.0334 0.0104 0.0244 0.0308 0.0296 0.0288 0.0369 0.0567 0.0542 0.1817 0.3662 0.2797 0.1691 0.0776 0.0681 0.0641 0.5370 0.2231 0.2622 0.2241 0.2586 0.2526 0.2071 0.4089 0.2199 0.3549 0.1130 0.2249 0.0732 0.0432 0.0149 0.0542 0.0343 0.0356 0.0510 0.0668 0.0256 0.0654 0.0272 0.0373 0.0550 0.0209 0.0445 0.0177 0.0438 0.0447 0.0272 0.0203 0.0149 0.0157 0.0234 0.0177 0.0160 0.0167 0.0153 0.0146 0.0140 0.0148 0.0142 
0.0328 0.0813 0.0718 0.2569 0.0783 0.0217 0.0243 0.0228 0.0402 0.0290 0.0236 0.0261 0.0290 0.0465 0.1207 0.2131 0.2392 0.1215 0.0775 0.0971 0.1223 0.5415 0.3511 0.1991 0.2420 0.1875 0.2505 0.3122 0.2461 0.3626 0.2863 0.2233 0.2165 0.0849 0.0509 0.0394 0.0428 0.0257 0.0564 0.0358 0.0385 0.0264 0.0440 0.0158 0.0280 0.0433 0.0261 0.0236 0.0212 0.0152 0.0269 0.0042 0.0269 0.0102 0.0289 0.0148 0.0178 0.0148 0.0146 0.0139 0.0135 0.0135 0.0135 0.0134 
0.0360 0.0963 0.0538 0.2826 0.0814 0.0146 0.0084 0.0113 0.0263 0.0135 0.0134 0.0217 0.0249 0.0169 0.1089 0.1151 0.1918 0.2363 0.1236 0.0609 0.0705 0.5152 0.2900 0.1961 0.2279 0.1902 0.2367 0.2700 0.2219 0.4253 0.2480 0.1620 0.0983 0.0863 0.0249 0.0198 0.0250 0.0198 0.0200 0.0204 0.0200 0.0224 0.0126 0.0020 0.0273 0.0098 0.0177 0.0080 0.0094 0.0136 0.0145 0.0209 0.0215 0.0197 0.0128 0.0091 0.0076 0.0074 0.0071 0.0067 0.0069 0.0065 0.0063 0.0062 
0.0075 0.0737 0.0804 0.1641 0.0887 0.0171 0.0171 0.0175 0.0283 0.0195 0.0200 0.0084 0.0336 0.0209 0.0861 0.0580 0.1947 0.2968 0.0736 0.0623 0.0950 0.2781 0.3386 0.1999 0.2202 0.1390 0.2087 0.2155 0.2321 0.3902 0.2410 0.2016 0.1162 0.0865 0.0476 0.0226 0.0231 0.0183 0.0115 0.0103 0.0132 0.0108 0.0107 0.0139 0.0142 0.0051 0.0110 0.0088 0.0042 0.0159 0.0134 0.0220 0.0108 0.0060 0.0058 0.0021 0.0011 0.0008 0.0012 0.0009 0.0009 0.0004 0.0010 0.0007 
0.0031 0.0551 0.0784 0.0714 0.0931 0.0270 0.0111 0.0163 0.0304 0.0186 0.0157 0.0193 0.0286 0.0247 0.0627 0.0835 0.1359 0.2728 0.0443 0.0661 0.1158 0.3107 0.1933 0.2398 0.1800 0.1809 0.1918 0.1499 0.2155 0.2764 0.1577 0.2257 0.0725 0.0784 0.0244 0.0076 0.0303 0.0145 0.0119 0.0084 0.0073 0.0100 0.0098 0.0048 0.0106 0.0017 0.0050 0.0079 0.0068 0.0194 0.0058 0.0163 0.0056 0.0043 0.0028 0.0021 0.0026 0.0023 0.0020 0.0017 0.0021 0.0020 0.0019 0.0016 
0.0085 0.0553 0.0403 0.0656 0.0705 0.0257 0.0131 0.0160 0.0270 0.0135 0.0063 0.0232 0.0312 0.0216 0.0460 0.0429 0.0922 0.1968 0.0691 0.0296 0.0513 0.2226 0.2777 0.1018 0.1331 0.0702 0.1245 0.0797 0.1246 0.1417 0.1306 0.0698 0.0549 0.0390 0.0088 0.0118 0.0142 0.0249 0.0202 0.0058 0.0022 0.0056 0.0047 0.0029 0.0014 0.0020 0.0059 0.0055 0.0016 0.0106 0.0126 0.0060 0.0044 0.0030 0.0009 0.0015 0.0007 0.0009 0.0004 0.0006 0.0002 0.0002 0.0005 0.0004 
0.0037 0.0490 0.0414 0.0571 0.0418 0.0121 0.0098 0.0071 0.0163 0.0063 0.0060 0.0086 0.0137 0.0297 0.0195 0.0186 0.0591 0.1128 0.0365 0.0241 0.0462 0.0448 0.0554 0.0500 0.0382 0.0316 0.0406 0.0275 0.0540 0.0576 0.0607 0.0428 0.0188 0.0147 0.0070 0.0106 0.0075 0.0145 0.0109 0.0038 0.0021 0.0028 0.0021 0.0027 0.0015 0.0011 0.0015 0.0010 0.0015 0.0019 0.0036 0.0035 0.0018 0.0009 0.0013 0.0008 0.0011 0.0007 0.0007 0.0008 0.0006 0.0007 0.0007 0.0008 
0.0057 0.0417 0.0329 0.0289 0.0161 0.0054 0.0054 0.0067 0.0042 0.0027 0.0034 0.0038 0.0097 0.0083 0.0115 0.0195 0.0273 0.0864 0.0453 0.0361 0.0263 0.0133 0.0413 0.0188 0.0297 0.0283 0.0233 0.0170 0.0320 0.0622 0.0240 0.0161 0.0192 0.0107 0.0072 0.0035 0.0042 0.0051 0.0039 0.0025 0.0016 0.0012 0.0021 0.0016 0.0006 0.0012 0.0006 0.0020 0.0008 0.0014 0.0013 0.0010 0.0011 0.0003 0.0007 0.0006 0.0002 0.0002 0.0003 0.0002 0.0004 0.0002 0.0003 0.0003 
0.0051 0.0405 0.0252 0.0230 0.0174 0.0025 0.0043 0.0042 0.0061 0.0044 0.0020 0.0029 0.0042 0.0062 0.0083 0.0179 0.0110 0.0326 0.0175 0.0195 0.0135 0.0194 0.0109 0.0060 0.0075 0.0186 0.0099 0.0273 0.0330 0.0301 0.0162 0.0107 0.0087 0.0123 0.0047 0.0050 0.0033 0.0041 0.0033 0.0012 0.0016 0.0014 0.0011 0.0012 0.0011 0.0014 0.0005 0.0016 0.0012 0.0010 0.0006 0.0012 0.0006 0.0005 0.0008 0.0008 0.0006 0.0007 0.0007 0.0006 0.0005 0.0005 0.0004 0.0008 
0.0083 0.0291 0.0186 0.0126 0.0145 0.0029 0.0037 0.0023 0.0034 0.0021 0.0016 0.0014 0.0025 0.0017 0.0073 0.0073 0.0072 0.0073 0.0119 0.0082 0.0084 0.0208 0.0038 0.0099 0.0057 0.0030 0.0106 0.0153 0.0101 0.0423 0.0089 0.0095 0.0050 0.0041 0.0013 0.0018 0.0006 0.0031 0.0012 0.0010 0.0004 0.0007 0.0008 0.0003 0.0008 0.0002 0.0003 0.0004 0.0004 0.0006 0.0009 0.0004 0.0014 0.0004 0.0001 0.0002 0.0007 0.0004 0.0006 0.0004 0.0003 0.0006 0.0003 0.0003 
0.0051 0.0318 0.0066 0.0023 0.0049 0.0034 0.0012 0.0014 0.0014 0.0010 0.0013 0.0018 0.0015 0.0028 0.0033 0.0032 0.0041 0.0113 0.0050 0.0062 0.0085 0.0161 0.0078 0.0089 0.0080 0.0065 0.0087 0.0120 0.0108 0.0240 0.0119 0.0018 0.0043 0.0021 0.0015 0.0010 0.0008 0.0022 0.0011 0.0009 0.0011 0.0004 0.0010 0.0004 0.0003 0.0004 0.0003 0.0003 0.0004 0.0006 0.0004 0.0004 0.0005 0.0006 0.0004 0.0003 0.0003 0.0005 0.0004 0.0004 0.0005 0.0002 0.0004 0.0003 
0.0015 0.0303 0.0013 0.0022 0.0046 0.0008 0.0016 0.0011 0.0010 0.0008 0.0013 0.0019 0.0005 0.0009 0.0007 0.0030 0.0029 0.0053 0.0036 0.0017 0.0043 0.0034 0.0035 0.0026 0.0034 0.0049 0.0042 0.0087 0.0106 0.0077 0.0020 0.0023 0.0017 0.0008 0.0011 0.0010 0.0005 0.0003 0.0014 0.0007 0.0007 0.0009 0.0003 0.0009 0.0003 0.0007 0.0004 0.0003 0.0009 0.0006 0.0005 0.0006 0.0001 0.0005 0.0009 0.0009 0.0004 0.0006 0.0006 0.0003 0.0004 0.0002 0.0005 0.0003 
0.0021 0.0237 0.0056 0.0052 0.0049 0.0006 0.0004 0.0004 0.0012 0.0008 0.0002 0.0017 0.0006 0.0007 0.0016 0.0009 0.0017 0.0079 0.0017 0.0018 0.0022 0.0025 0.0037 0.0016 0.0016 0.0022 0.0033 0.0029 0.0015 0.0024 0.0019 0.0006 0.0007 0.0007 0.0002 0.0002 0.0005 0.0003 0.0007 0.0003 0.0004 0.0003 0.0003 0.0007 0.0008 0.0009 0.0002 0.0002 0.0006 0.0005 0.0004 0.0002 0.0003 0.0004 0.0005 0.0005 0.0004 0.0004 0.0002 0.0002 0.0003 0.0004 0.0006 0.0003 
0.0030 0.0099 0.0066 0.0015 0.0020 0.0003 0.0004 0.0004 0.0004 0.0005 0.0007 0.0008 0.0003 0.0006 0.0007 0.0010 0.0014 0.0057 0.0013 0.0009 0.0006 0.0009 0.0024 0.0013 0.0009 0.0009 0.0015 0.0013 0.0021 0.0013 0.0006 0.0006 0.0005 0.0005 0.0004 0.0005 0.0004 0.0011 0.0008 0.0004 0.0004 0.0002 0.0007 0.0006 0.0010 0.0006 0.0007 0.0003 0.0002 0.0003 0.0003 0.0002 0.0004 0.0002 0.0003 0.0003 0.0001 0.0003 0.0003 0.0001 0.0004 0.0003 0.0002 0.0004 
0.0027 0.0043 0.0061 0.0020 0.0013 0.0008 0.0005 0.0003 0.0002 0.0001 0.0002 0.0004 0.0004 0.0005 0.0004 0.0005 0.0008 0.0060 0.0011 0.0008 0.0015 0.0006 0.0011 0.0007 0.0006 0.0010 0.0004 0.0003 0.0010 0.0011 0.0007 0.0003 0.0003 0.0003 0.0007 0.0005 0.0004 0.0011 0.0006 0.0003 0.0002 0.0001 0.0004 0.0006 0.0002 0.0008 0.0002 0.0002 0.0001 0.0004 0.0004 0.0004 0.0003 0.0002 0.0002 0.0001 0.0005 0.0004 0.0003 0.0001 0.0004 0.0004 0.0002 0.0003 
0.0016 0.0055 0.0033 0.0008 0.0007 0.0004 0.0005 0.0001 0.0008 0.0003 0.0001 0.0003 0.0003 0.0002 0.0001 0.0006 0.0006 0.0024 0.0009 0.0003 0.0010 0.0007 0.0023 0.0008 0.0004 0.0003 0.0003 0.0006 0.0012 0.0007 0.0006 0.0005 0.0001 0.0007 0.0002 0.0002 0.0005 0.0003 0.0006 0.0003 0.0003 0.0003 0.0006 0.0002 0.0005 0.0008 0.0003 0.0006 0.0005 0.0003 0.0002 0.0003 0.0003 0.0002 0.0002 0.0003 0.0002 0.0002 0.0002 0.0002 0.0003 0.0002 0.0004 0.0006 
0.0005 0.0064 0.0032 0.0014 0.0012 0.0002 0.0002 0.0003 0.0005 0.0001 0.0001 0.0003 0.0002 0.0003 0.0003 0.0001 0.0004 0.0012 0.0001 0.0002 0.0008 0.0004 0.0006 0.0004 0.0002 0.0003 0.0005 0.0003 0.0003 0.0005 0.0001 0.0002 0.0001 0.0004 0.0002 0.0003 0.0004 0.0002 0.0001 0.0002 0.0004 0.0003 0.0004 0.0005 0.0004 0.0005 0.0004 0.0001 0.0004 0.0005 0.0004 0.0003 0.0003 0.0004 0.0005 0.0005 0.0004 0.0005 0.0003 0.0005 0.0002 0.0006 0.0004 0.0003 
0.0003 0.0052 0.0014 0.0012 0.0017 0.0002 0.0003 0.0003 0.0003 0.0001 0.0002 0.0002 0.0004 0.0002 0.0003 0.0002 0.0001 0.0003 0.0001 0.0004 0.0002 0.0002 0.0003 0.0004 0.0002 0.0003 0.0004 0.0004 0.0005 0.0003 0.0004 0.0003 0.0003 0.0003 0.0004 0.0004 0.0005 0.0003 0.0004 0.0003 0.0001 0.0002 0.0003 0.0005 0.0005 0.0005 0.0003 0.0002 0.0004 0.0003 0.0003 0.0004 0.0004 0.0001 0.0006 0.0004 0.0003 0.0002 0.0003 0.0001 0.0003 0.0002 0.0003 0.0004 
0.0007 0.0026 0.0016 0.0010 0.0015 0.0011 0.0001 0.0002 0.0004 0.0005 0.0001 0.0001 0.0003 0.0002 0.0002 0.0003 0.0002 0.0003 0.0002 0.0004 0.0003 0.0006 0.0004 0.0002 0.0001 0.0002 0.0002 0.0003 0.0008 0.0003 0.0003 0.0002 0.0001 0.0006 0.0003 0.0002 0.0003 0.0002 0.0003 0.0003 0.0004 0.0004 0.0003 0.0003 0.0004 0.0004 0.0003 0.0003 0.0003 0.0005 0.0003 0.0004 0.0005 0.0001 0.0004 0.0003 0.0001 0.0002 0.0003 0.0003 0.0005 0.0005 0.0005 0.0002 
0.0006 0.0006 0.0010 0.0004 0.0010 0.0008 0.0002 0.0001 0.0002 0.0002 0.0002 0.0001 0.0003 0.0002 0.0002 0.0002 0.0003 0.0003 0.0003 0.0002 0.0002 0.0003 0.0004 0.0002 0.0001 0.0002 0.0003 0.0002 0.0002 0.0002 0.0003 0.0003 0.0004 0.0003 0.0007 0.0006 0.0003 0.0001 0.0003 0.0004 0.0004 0.0002 0.0006 0.0003 0.0004 0.0005 0.0002 0.0003 0.0003 0.0003 0.0003 0.0002 0.0004 0.0002 0.0003 0.0002 0.0002 0.0004 0.0004 0.0003 0.0003 0.0002 0.0005 0.0004 
0.0005 0.0020 0.0005 0.0005 0.0009 0.0006 0.0005 0.0002 0.0001 0.0002 0.0002 0.0002 0.0003 0.0003 0.0001 0.0002 0.0001 0.0003 0.0003 0.0002 0.0005 0.0003 0.0004 0.0003 0.0004 0.0001 0.0003 0.0003 0.0003 0.0003 0.0004 0.0004 0.0003 0.0003 0.0003 0.0002 0.0005 0.0004 0.0004 0.0004 0.0003 0.0005 0.0006 0.0003 0.0002 0.0003 0.0002 0.0005 0.0005 0.0003 0.0003 0.0003 0.0003 0.0004 0.0004 0.0002 0.0002 0.0004 0.0002 0.0003 0.0001 0.0003 0.0003 0.0003 
0.0003 0.0027 0.0003 0.0004 0.0007 0.0005 0.0005 0.0003 0.0001 0.0002 0.0001 0.0001 0.0001 0.0002 0.0002 0.0002 0.0002 0.0003 0.0003 0.0004 0.0004 0.0001 0.0002 0.0004 0.0003 0.0003 0.0001 0.0001 0.0002 0.0003 0.0002 0.0003 0.0002 0.0003 0.0004 0.0005 0.0007 0.0004 0.0002 0.0002 0.0003 0.0002 0.0003 0.0004 0.0001 0.0004 0.0003 0.0002 0.0002 0.0005 0.0004 0.0003 0.0003 0.0004 0.0001 0.0003 0.0004 0.0004 0.0001 0.0004 0.0002 0.0004 0.0004 0.0002 
0.0006 0.0019 0.0002 0.0003 0.0006 0.0004 0.0003 0.0001 0.0004 0.0002 0.0001 0.0001 0.0002 0.0001 0.0001 0.0005 0.0001 0.0001 0.0002 0.0001 0.0003 0.0004 0.0002 0.0003 0.0001 0.0004 0.0004 0.0003 0.0004 0.0002 0.0003 0.0004 0.0002 0.0003 0.0004 0.0003 0.0003 0.0003 0.0005 0.0002 0.0003 0.0004 0.0004 0.0004 0.0003 0.0004 0.0001 0.0005 0.0003 0.0004 0.0002 0.0002 0.0003 0.0004 0.0004 0.0007 0.0002 0.0002 0.0002 0.0005 0.0003 0.0002 0.0005 0.0006 
0.0005 0.0007 0.0002 0.0003 0.0003 0.0003 0.0003 0.0001 0.0001 0.0002 0.0002 0.0001 0.0001 0.0001 0.0003 0.0002 0.0001 0.0003 0.0002 0.0002 0.0005 0.0002 0.0002 0.0003 0.0002 0.0002 0.0003 0.0004 0.0003 0.0004 0.0003 0.0002 0.0003 0.0004 0.0003 0.0003 0.0003 0.0004 0.0004 0.0004 0.0007 0.0003 0.0002 0.0003 0.0001 0.0006 0.0004 0.0001 0.0003 0.0005 0.0004 0.0002 0.0003 0.0005 0.0003 0.0002 0.0003 0.0003 0.0003 0.0002 0.0004 0.0004 0.0008 0.0003 
0.0002 0.0003 0.0002 0.0002 0.0003 0.0002 0.0002 0.0002 0.0001 0.0002 0.0002 0.0003 0.0002 0.0002 0.0002 0.0004 0.0004 0.0002 0.0003 0.0003 0.0002 0.0001 0.0004 0.0003 0.0001 0.0004 0.0003 0.0002 0.0002 0.0002 0.0003 0.0004 0.0004 0.0002 0.0003 0.0002 0.0003 0.0004 0.0003 0.0001 0.0002 0.0005 0.0006 0.0005 0.0002 0.0004 0.0005 0.0004 0.0003 0.0004 0.0002 0.0005 0.0004 0.0004 0.0007 0.0004 0.0004 0.0002 0.0003 0.0004 0.0004 0.0003 0.0007 0.0003 
0.0003 0.0006 0.0002 0.0001 0.0001 0.0001 0.0003 0.0003 0.0002 0.0002 0.0002 0.0001 0.0001 0.0002 0.0001 0.0001 0.0001 0.0003 0.0001 0.0001 0.0003 0.0002 0.0002 0.0002 0.0002 0.0002 0.0003 0.0002 0.0004 0.0002 0.0003 0.0003 0.0002 0.0002 0.0004 0.0003 0.0002 0.0001 0.0001 0.0003 0.0004 0.0003 0.0004 0.0003 0.0005 0.0002 0.0006 0.0003 0.0004 0.0003 0.0004 0.0003 0.0004 0.0003 0.0003 0.0005 0.0003 0.0002 0.0001 0.0001 0.0003 0.0004 0.0005 0.0002 
0.0003 0.0006 0.0001 0.0002 0.0001 0.0002 0.0002 0.0003 0.0002 0.0002 0.0005 0.0002 0.0002 0.0003 0.0002 0.0002 0.0002 0.0002 0.0002 0.0001 0.0003 0.0004 0.0001 0.0002 0.0002 0.0003 0.0002 0.0002 0.0002 0.0001 0.0003 0.0003 0.0001 0.0003 0.0001 0.0002 0.0002 0.0002 0.0003 0.0004 0.0002 0.0007 0.0008 0.0002 0.0003 0.0003 0.0004 0.0005 0.0004 0.0004 0.0005 0.0003 0.0005 0.0001 0.0004 0.0005 0.0003 0.0001 0.0004 0.0005 0.0004 0.0005 0.0007 0.0004 
0.0005 0.0003 0.0001 0.0005 0.0002 0.0003 0.0002 0.0003 0.0002 0.0001 0.0003 0.0002 0.0002 0.0002 0.0002 0.0003 0.0001 0.0002 0.0002 0.0002 0.0005 0.0005 0.0003 0.0003 0.0003 0.0003 0.0001 0.0002 0.0001 0.0002 0.0002 0.0004 0.0003 0.0003 0.0002 0.0002 0.0003 0.0003 0.0005 0.0002 0.0005 0.0008 0.0003 0.0005 0.0004 0.0003 0.0002 0.0005 0.0003 0.0003 0.0003 0.0002 0.0004 0.0002 0.0003 0.0003 0.0003 0.0004 0.0003 0.0003 0.0004 0.0003 0.0004 0.0002 
0.0002 0.0003 0.0002 0.0002 0.0001 0.0002 0.0003 0.0001 0.0003 0.0002 0.0003 0.0002 0.0002 0.0001 0.0001 0.0001 0.0001 0.0001 0.0003 0.0001 0.0004 0.0002 0.0003 0.0003 0.0000 0.0002 0.0002 0.0004 0.0006 0.0006 0.0004 0.0003 0.0005 0.0002 0.0004 0.0002 0.0001 0.0004 0.0002 0.0002 0.0002 0.0006 0.0004 0.0005 0.0002 0.0004 0.0002 0.0007 0.0002 0.0002 0.0005 0.0004 0.0003 0.0005 0.0004 0.0004 0.0003 0.0002 0.0003 0.0004 0.0003 0.0003 0.0001 0.0003 
0.0004 0.0003 0.0001 0.0002 0.0002 0.0002 0.0003 0.0002 0.0001 0.0002 0.0003 0.0002 0.0003 0.0002 0.0002 0.0002 0.0002 0.0003 0.0003 0.0001 0.0003 0.0003 0.0002 0.0002 0.0003 0.0003 0.0006 0.0004 0.0002 0.0005 0.0003 0.0004 0.0003 0.0004 0.0003 0.0002 0.0002 0.0004 0.0003 0.0002 0.0002 0.0003 0.0004 0.0003 0.0002 0.0003 0.0003 0.0004 0.0003 0.0004 0.0004 0.0006 0.0004 0.0003 0.0003 0.0003 0.0004 0.0003 0.0003 0.0003 0.0003 0.0003 0.0002 0.0004 
0.0003 0.0003 0.0001 0.0002 0.0001 0.0002 0.0003 0.0001 0.0001 0.0002 0.0004 0.0004 0.0001 0.0002 0.0002 0.0001 0.0001 0.0003 0.0003 0.0001 0.0002 0.0002 0.0004 0.0004 0.0005 0.0002 0.0004 0.0002 0.0002 0.0003 0.0003 0.0004 0.0005 0.0003 0.0004 0.0002 0.0002 0.0006 0.0004 0.0003 0.0002 0.0003 0.0005 0.0004 0.0006 0.0005 0.0004 0.0003 0.0004 0.0004 0.0002 0.0003 0.0004 0.0002 0.0003 0.0002 0.0004 0.0004 0.0003 0.0004 0.0003 0.0003 0.0004 0.0005 
0.0004 0.0002 0.0001 0.0001 0.0001 0.0002 0.0002 0.0001 0.0001 0.0002 0.0004 0.0001 0.0001 0.0001 0.0002 0.0003 0.0002 0.0002 0.0002 0.0002 0.0002 0.0002 0.0002 0.0002 0.0004 0.0002 0.0003 0.0003 0.0002 0.0003 0.0002 0.0001 0.0003 0.0004 0.0003 0.0005 0.0002 0.0002 0.0003 0.0005 0.0004 0.0002 0.0003 0.0004 0.0003 0.0004 0.0008 0.0003 0.0002 0.0002 0.0004 0.0003 0.0002 0.0004 0.0004 0.0005 0.0002 0.0004 0.0003 0.0001 0.0002 0.0003 0.0003 0.0006 
0.0003 0.0001 0.0001 0.0002 0.0001 0.0001 0.0001 0.0002 0.0001 0.0000 0.0002 0.0002 0.0004 0.0001 0.0003 0.0004 0.0005 0.0002 0.0002 0.0003 0.0004 0.0001 0.0001 0.0003 0.0001 0.0002 0.0003 0.0002 0.0002 0.0001 0.0003 0.0001 0.0005 0.0003 0.0003 0.0003 0.0004 0.0003 0.0004 0.0004 0.0004 0.0003 0.0001 0.0002 0.0008 0.0004 0.0006 0.0006 0.0006 0.0004 0.0004 0.0002 0.0003 0.0003 0.0007 0.0001 0.0005 0.0004 0.0003 0.0003 0.0004 0.0002 0.0002 0.0001 
0.0002 0.0002 0.0001 0.0001 0.0001 0.0002 0.0001 0.0002 0.0003 0.0002 0.0002 0.0003 0.0003 0.0001 0.0002 0.0002 0.0002 0.0001 0.0003 0.0003 0.0004 0.0002 0.0002 0.0003 0.0001 0.0003 0.0003 0.0002 0.0002 0.0004 0.0002 0.0001 0.0003 0.0004 0.0004 0.0005 0.0003 0.0002 0.0004 0.0003 0.0003 0.0002 0.0003 0.0004 0.0004 0.0004 0.0012 0.0010 0.0007 0.0004 0.0002 0.0003 0.0003 0.0002 0.0003 0.0004 0.0003 0.0004 0.0003 0.0003 0.0004 0.0003 0.0003 0.0003 
