0.0002 0.0001 0.0001 0.0003 0.0003 0.0001 0.0002 0.0002 0.0001 0.0002 0.0004 0.0002 0.0002 0.0004 0.0007 0.0003 0.0003 0.0002 0.0002 0.0002 0.0005 0.0003 0.0004 0.0002 0.0004 0.0003 0.0002 0.0003 0.0002 0.0002 0.0003 0.0004 0.0002 0.0002 0.0003 0.0003 0.0004 0.0002 0.0003 0.0005 0.0003 0.0002 0.0003 0.0002 0.0008 0.0005 0.0002 0.0004 0.0003 0.0006 0.0007 0.0003 0.0006 0.0004 0.0005 0.0002 0.0002 0.0004 0.0002 0.0002 0.0003 0.0002 0.0003 0.0002 
0.0002 0.0001 0.0001 0.0002 0.0002 0.0002 0.0004 0.0003 0.0002 0.0002 0.0003 0.0003 0.0004 0.0004 0.0012 0.0005 0.0003 0.0002 0.0003 0.0002 0.0003 0.0004 0.0002 0.0001 0.0002 0.0002 0.0002 0.0003 0.0004 0.0006 0.0004 0.0003 0.0003 0.0007 0.0003 0.0003 0.0001 0.0003 0.0005 0.0004 0.0003 0.0005 0.0006 0.0004 0.0004 0.0003 0.0003 0.0005 0.0003 0.0003 0.0004 0.0004 0.0003 0.0005 0.0004 0.0005 0.0002 0.0001 0.0004 0.0003 0.0003 0.0001 0.0005 0.0005 
0.0001 0.0001 0.0002 0.0002 0.0003 0.0002 0.0002 0.0001 0.0001 0.0003 0.0004 0.0003 0.0005 0.0003 0.0004 0.0004 0.0004 0.0002 0.0001 0.0003 0.0002 0.0002 0.0002 0.0003 0.0004 0.0004 0.0004 0.0005 0.0003 0.0010 0.0008 0.0004 0.0002 0.0003 0.0002 0.0003 0.0003 0.0007 0.0004 0.0005 0.0004 0.0003 0.0003 0.0003 0.0008 0.0005 0.0004 0.0005 0.0005 0.0003 0.0004 0.0004 0.0007 0.0002 0.0002 0.0003 0.0003 0.0004 0.0003 0.0004 0.0003 0.0002 0.0003 0.0004 
0.0001 0.0002 0.0002 0.0003 0.0002 0.0001 0.0002 0.0002 0.0003 0.0002 0.0002 0.0001 0.0003 0.0004 0.0004 0.0004 0.0003 0.0003 0.0003 0.0002 0.0001 0.0002 0.0003 0.0002 0.0004 0.0004 0.0005 0.0003 0.0003 0.0010 0.0005 0.0006 0.0003 0.0002 0.0003 0.0002 0.0002 0.0002 0.0010 0.0004 0.0005 0.0004 0.0002 0.0004 0.0006 0.0003 0.0004 0.0004 0.0004 0.0005 0.0010 0.0004 0.0003 0.0004 0.0004 0.0004 0.0003 0.0002 0.0002 0.0003 0.0005 0.0005 0.0001 0.0003 
0.0002 0.0002 0.0004 0.0002 0.0003 0.0001 0.0003 0.0002 0.0002 0.0004 0.0003 0.0002 0.0006 0.0007 0.0009 0.0005 0.0004 0.0003 0.0001 0.0002 0.0002 0.0003 0.0003 0.0003 0.0006 0.0005 0.0001 0.0002 0.0003 0.0003 0.0004 0.0005 0.0004 0.0005 0.0002 0.0005 0.0001 0.0003 0.0005 0.0005 0.0004 0.0002 0.0005 0.0003 0.0003 0.0005 0.0005 0.0004 0.0006 0.0003 0.0003 0.0001 0.0004 0.0003 0.0004 0.0002 0.0002 0.0002 0.0001 0.0004 0.0003 0.0003 0.0005 0.0005 
0.0002 0.0003 0.0004 0.0004 0.0002 0.0001 0.0003 0.0003 0.0003 0.0003 0.0002 0.0001 0.0003 0.0006 0.0011 0.0005 0.0001 0.0004 0.0003 0.0003 0.0004 0.0003 0.0002 0.0003 0.0005 0.0003 0.0005 0.0003 0.0002 0.0004 0.0001 0.0003 0.0004 0.0003 0.0003 0.0004 0.0003 0.0003 0.0006 0.0003 0.0006 0.0003 0.0004 0.0005 0.0006 0.0005 0.0003 0.0003 0.0006 0.0004 0.0006 0.0003 0.0002 0.0005 0.0004 0.0002 0.0003 0.0004 0.0004 0.0004 0.0003 0.0005 0.0004 0.0002 
0.0002 0.0002 0.0003 0.0002 0.0001 0.0002 0.0001 0.0001 0.0004 0.0002 0.0001 0.0001 0.0002 0.0003 0.0010 0.0002 0.0002 0.0004 0.0002 0.0001 0.0005 0.0003 0.0003 0.0006 0.0005 0.0001 0.0001 0.0002 0.0005 0.0004 0.0002 0.0004 0.0003 0.0003 0.0003 0.0002 0.0004 0.0006 0.0003 0.0003 0.0004 0.0004 0.0004 0.0002 0.0004 0.0003 0.0004 0.0003 0.0004 0.0008 0.0005 0.0002 0.0004 0.0005 0.0002 0.0003 0.0003 0.0002 0.0003 0.0002 0.0004 0.0002 0.0002 0.0003 
0.0002 0.0002 0.0003 0.0001 0.0000 0.0003 0.0003 0.0002 0.0004 0.0001 0.0002 0.0004 0.0004 0.0008 0.0005 0.0002 0.0004 0.0004 0.0003 0.0002 0.0003 0.0001 0.0003 0.0002 0.0004 0.0004 0.0004 0.0002 0.0002 0.0004 0.0003 0.0003 0.0003 0.0004 0.0004 0.0002 0.0003 0.0006 0.0005 0.0004 0.0003 0.0002 0.0002 0.0002 0.0004 0.0005 0.0005 0.0005 0.0004 0.0009 0.0003 0.0002 0.0002 0.0005 0.0002 0.0004 0.0005 0.0003 0.0004 0.0003 0.0003 0.0001 0.0002 0.0003 
0.0002 0.0002 0.0003 0.0002 0.0001 0.0004 0.0002 0.0002 0.0003 0.0001 0.0001 0.0002 0.0002 0.0004 0.0004 0.0002 0.0003 0.0004 0.0002 0.0003 0.0002 0.0003 0.0005 0.0004 0.0004 0.0001 0.0003 0.0003 0.0003 0.0002 0.0005 0.0005 0.0001 0.0007 0.0004 0.0003 0.0003 0.0006 0.0004 0.0003 0.0007 0.0002 0.0004 0.0002 0.0007 0.0003 0.0003 0.0005 0.0004 0.0006 0.0002 0.0004 0.0003 0.0003 0.0003 0.0003 0.0005 0.0003 0.0002 0.0004 0.0003 0.0002 0.0005 0.0002 
0.0002 0.0002 0.0001 0.0003 0.0002 0.0003 0.0002 0.0002 0.0001 0.0002 0.0001 0.0001 0.0001 0.0002 0.0002 0.0002 0.0001 0.0005 0.0002 0.0003 0.0002 0.0004 0.0005 0.0003 0.0003 0.0003 0.0004 0.0003 0.0005 0.0005 0.0003 0.0003 0.0004 0.0003 0.0002 0.0002 0.0002 0.0005 0.0006 0.0003 0.0005 0.0005 0.0006 0.0005 0.0004 0.0001 0.0003 0.0003 0.0003 0.0004 0.0001 0.0004 0.0003 0.0003 0.0004 0.0003 0.0004 0.0005 0.0006 0.0005 0.0003 0.0002 0.0003 0.0003 
0.0002 0.0002 0.0001 0.0003 0.0001 0.0003 0.0002 0.0003 0.0002 0.0002 0.0002 0.0002 0.0001 0.0003 0.0003 0.0003 0.0002 0.0003 0.0002 0.0001 0.0002 0.0002 0.0004 0.0003 0.0002 0.0003 0.0001 0.0002 0.0002 0.0003 0.0003 0.0004 0.0005 0.0002 0.0003 0.0005 0.0004 0.0001 0.0003 0.0003 0.0004 0.0004 0.0005 0.0004 0.0003 0.0005 0.0005 0.0005 0.0005 0.0006 0.0004 0.0006 0.0004 0.0004 0.0006 0.0004 0.0002 0.0004 0.0003 0.0002 0.0004 0.0003 0.0003 0.0005 
0.0002 0.0002 0.0001 0.0001 0.0001 0.0004 0.0001 0.0002 0.0002 0.0002 0.0002 0.0003 0.0004 0.0002 0.0005 0.0002 0.0003 0.0001 0.0002 0.0001 0.0002 0.0001 0.0003 0.0002 0.0000 0.0001 0.0004 0.0002 0.0003 0.0001 0.0003 0.0003 0.0002 0.0001 0.0001 0.0002 0.0004 0.0003 0.0003 0.0003 0.0006 0.0002 0.0003 0.0005 0.0005 0.0004 0.0004 0.0004 0.0009 0.0003 0.0002 0.0009 0.0001 0.0003 0.0004 0.0004 0.0002 0.0002 0.0003 0.0003 0.0002 0.0003 0.0004 0.0005 
0.0002 0.0002 0.0001 0.0002 0.0002 0.0001 0.0001 0.0004 0.0002 0.0001 0.0002 0.0002 0.0003 0.0003 0.0003 0.0002 0.0002 0.0003 0.0001 0.0002 0.0003 0.0002 0.0002 0.0002 0.0002 0.0003 0.0003 0.0002 0.0003 0.0004 0.0001 0.0002 0.0002 0.0005 0.0002 0.0003 0.0002 0.0002 0.0003 0.0004 0.0006 0.0005 0.0004 0.0002 0.0005 0.0002 0.0004 0.0002 0.0005 0.0005 0.0004 0.0003 0.0007 0.0003 0.0004 0.0003 0.0002 0.0005 0.0002 0.0004 0.0004 0.0001 0.0005 0.0002 
0.0002 0.0001 0.0001 0.0001 0.0002 0.0002 0.0002 0.0001 0.0002 0.0002 0.0002 0.0002 0.0004 0.0005 0.0003 0.0003 0.0004 0.0008 0.0002 0.0006 0.0003 0.0006 0.0006 0.0006 0.0004 0.0002 0.0002 0.0003 0.0005 0.0003 0.0003 0.0004 0.0005 0.0005 0.0004 0.0005 0.0004 0.0003 0.0003 0.0004 0.0004 0.0004 0.0005 0.0005 0.0004 0.0002 0.0003 0.0003 0.0006 0.0006 0.0002 0.0005 0.0005 0.0004 0.0005 0.0003 0.0004 0.0003 0.0002 0.0004 0.0001 0.0004 0.0004 0.0002 
0.0003 0.0004 0.0005 0.0008 0.0003 0.0004 0.0004 0.0004 0.0004 0.0006 0.0005 0.0007 0.0026 0.0016 0.0046 0.0107 0.0076 0.0038 0.0043 0.0026 0.0064 0.0070 0.0101 0.0144 0.0132 0.0080 0.0055 0.0085 0.0061 0.0051 0.0040 0.0014 0.0015 0.0060 0.0077 0.0008 0.0011 0.0015 0.0024 0.0023 0.0014 0.0021 0.0017 0.0011 0.0026 0.0010 0.0004 0.0012 0.0013 0.0009 0.0010 0.0022 0.0046 0.0040 0.0021 0.0011 0.0007 0.0009 0.0004 0.0006 0.0004 0.0004 0.0004 0.0007 
0.0003 0.0002 0.0003 0.0013 0.0017 0.0010 0.0007 0.0004 0.0009 0.0011 0.0012 0.0015 0.0019 0.0047 0.0289 0.0175 0.0242 0.0056 0.0172 0.0091 0.0152 0.0659 0.0355 0.0441 0.0339 0.0168 0.0488 0.0412 0.0157 0.0105 0.0129 0.0087 0.0070 0.0239 0.0321 0.0075 0.0060 0.0126 0.0077 0.0128 0.0159 0.0136 0.0042 0.0064 0.0154 0.0028 0.0021 0.0009 0.0051 0.0049 0.0017 0.0146 0.0131 0.0116 0.0133 0.0082 0.0024 0.0009 0.0004 0.0003 0.0003 0.0007 0.0004 0.0001 
0.0033 0.0035 0.0033 0.0042 0.0052 0.0040 0.0041 0.0040 0.0045 0.0045 0.0052 0.0072 0.0110 0.0130 0.0302 0.0580 0.0325 0.0130 0.0393 0.0214 0.0528 0.0781 0.1139 0.0791 0.0241 0.0306 0.0539 0.0935 0.0312 0.0484 0.0446 0.0273 0.0212 0.0497 0.0418 0.0179 0.0247 0.0281 0.0531 0.0359 0.0218 0.0523 0.0377 0.0697 0.0201 0.0182 0.0135 0.0139 0.0179 0.0300 0.0371 0.0305 0.0448 0.0386 0.0231 0.0234 0.0073 0.0131 0.0083 0.0062 0.0056 0.0054 0.0056 0.0053 
0.0021 0.0023 0.0025 0.0035 0.0029 0.0027 0.0029 0.0040 0.0034 0.0043 0.0038 0.0053 0.0222 0.0202 0.0296 0.0562 0.0368 0.0438 0.0269 0.0172 0.0165 0.1000 0.1367 0.1042 0.0425 0.0463 0.0855 0.0412 0.0841 0.0707 0.0388 0.0567 0.0381 0.0545 0.0609 0.0307 0.0526 0.0509 0.0858 0.0290 0.1234 0.0508 0.0341 0.0531 0.0670 0.0296 0.0165 0.0273 0.0564 0.0349 0.0726 0.0683 0.0311 0.1084 0.0361 0.0619 0.0078 0.0065 0.0063 0.0071 0.0054 0.0065 0.0059 0.0059 
0.0054 0.0054 0.0059 0.0048 0.0051 0.0055 0.0066 0.0058 0.0049 0.0071 0.0080 0.0103 0.0114 0.0196 0.0345 0.0594 0.0293 0.0166 0.0200 0.0171 0.0503 0.1167 0.1087 0.0761 0.0100 0.0886 0.1777 0.1305 0.1281 0.1643 0.0842 0.1213 0.0939 0.0395 0.0977 0.0334 0.0629 0.0593 0.0446 0.0813 0.2648 0.1330 0.1106 0.0583 0.0300 0.0228 0.0217 0.0518 0.0722 0.0827 0.1104 0.0685 0.0424 0.0786 0.0823 0.0578 0.0465 0.0149 0.0139 0.0033 0.0027 0.0022 0.0014 0.0009 
0.0110 0.0111 0.0114 0.0122 0.0108 0.0110 0.0111 0.0123 0.0126 0.0128 0.0120 0.0157 0.0117 0.0133 0.0252 0.0300 0.0242 0.0172 0.0238 0.0299 0.0379 0.0477 0.0312 0.0258 0.0424 0.0251 0.0386 0.0233 0.1696 0.0732 0.1467 0.0741 0.0977 0.0996 0.1060 0.0594 0.1101 0.0414 0.0855 0.0912 0.1482 0.0908 0.0845 0.0552 0.0631 0.0333 0.0202 0.0211 0.0705 0.0281 0.0847 0.1120 0.0963 0.0578 0.1188 0.0611 0.0603 0.0148 0.0095 0.0082 0.0071 0.0069 0.0073 0.0061 
0.0045 0.0045 0.0047 0.0045 0.0045 0.0050 0.0050 0.0049 0.0044 0.0055 0.0063 0.0062 0.0054 0.0026 0.0071 0.0051 0.0145 0.0073 0.0214 0.0202 0.0176 0.0120 0.0131 0.0102 0.0072 0.0280 0.0202 0.0261 0.0326 0.0253 0.0267 0.0220 0.0119 0.0301 0.0324 0.0548 0.0335 0.0163 0.0268 0.0207 0.0264 0.0260 0.0224 0.0293 0.0485 0.0205 0.0130 0.0192 0.0302 0.0210 0.0259 0.0304 0.0302 0.0165 0.0357 0.0180 0.0256 0.0092 0.0061 0.0059 0.0044 0.0042 0.0051 0.0044 
0.0008 0.0008 0.0009 0.0007 0.0008 0.0008 0.0007 0.0003 0.0012 0.0014 0.0008 0.0015 0.0008 0.0020 0.0028 0.0023 0.0041 0.0070 0.0093 0.0063 0.0128 0.0135 0.0109 0.0062 0.0029 0.0043 0.0139 0.0076 0.0292 0.0270 0.0156 0.0105 0.0122 0.0116 0.0117 0.0144 0.0216 0.0124 0.0048 0.0097 0.0190 0.0092 0.0082 0.0089 0.0065 0.0198 0.0124 0.0126 0.0075 0.0199 0.0112 0.0139 0.0120 0.0058 0.0090 0.0020 0.0018 0.0021 0.0016 0.0007 0.0007 0.0007 0.0006 0.0004 
0.0012 0.0013 0.0012 0.0011 0.0015 0.0013 0.0012 0.0012 0.0014 0.0019 0.0018 0.0016 0.0023 0.0025 0.0016 0.0022 0.0035 0.0013 0.0038 0.0016 0.0067 0.0065 0.0026 0.0027 0.0029 0.0046 0.0118 0.0058 0.0141 0.0116 0.0253 0.0069 0.0028 0.0065 0.0117 0.0097 0.0101 0.0062 0.0083 0.0023 0.0082 0.0049 0.0084 0.0070 0.0099 0.0119 0.0083 0.0047 0.0080 0.0014 0.0058 0.0061 0.0047 0.0044 0.0039 0.0043 0.0033 0.0010 0.0005 0.0008 0.0005 0.0005 0.0006 0.0008 
0.0004 0.0004 0.0003 0.0005 0.0005 0.0006 0.0006 0.0004 0.0005 0.0005 0.0008 0.0007 0.0011 0.0009 0.0015 0.0019 0.0020 0.0010 0.0009 0.0016 0.0027 0.0066 0.0061 0.0021 0.0020 0.0015 0.0054 0.0076 0.0059 0.0129 0.0174 0.0038 0.0048 0.0075 0.0087 0.0043 0.0064 0.0034 0.0069 0.0045 0.0066 0.0045 0.0053 0.0030 0.0046 0.0080 0.0043 0.0029 0.0051 0.0023 0.0054 0.0066 0.0022 0.0019 0.0032 0.0022 0.0021 0.0010 0.0014 0.0006 0.0004 0.0007 0.0006 0.0004 
0.0008 0.0009 0.0017 0.0048 0.0035 0.0037 0.0013 0.0013 0.0080 0.0042 0.0062 0.0084 0.0111 0.0081 0.0132 0.0359 0.0147 0.0076 0.0037 0.0045 0.0073 0.0165 0.0344 0.0294 0.0184 0.0345 0.0164 0.0192 0.0242 0.0140 0.0177 0.0147 0.0268 0.0254 0.0247 0.0176 0.0110 0.0129 0.0169 0.0159 0.0201 0.0129 0.0528 0.0218 0.0234 0.0065 0.0049 0.0132 0.0088 0.0222 0.0279 0.0212 0.0218 0.0080 0.0234 0.0146 0.0105 0.0046 0.0016 0.0008 0.0008 0.0008 0.0011 0.0010 
0.0020 0.0023 0.0079 0.0112 0.0062 0.0061 0.0042 0.0028 0.0103 0.0079 0.0108 0.0090 0.0180 0.0119 0.0101 0.0471 0.0160 0.0046 0.0061 0.0057 0.0127 0.0674 0.0760 0.0450 0.0529 0.0309 0.0203 0.0280 0.0223 0.0175 0.0218 0.0085 0.0265 0.0234 0.0187 0.0196 0.0212 0.0103 0.0194 0.0410 0.0545 0.1005 0.0335 0.0254 0.0276 0.0292 0.0176 0.0294 0.0259 0.0289 0.0392 0.0484 0.0229 0.0553 0.0340 0.0257 0.0245 0.0190 0.0042 0.0015 0.0011 0.0009 0.0016 0.0013 
0.0279 0.0339 0.0383 0.0883 0.0133 0.0072 0.0080 0.0058 0.0146 0.0094 0.0087 0.0156 0.0201 0.0224 0.0771 0.1491 0.0421 0.0190 0.0110 0.0120 0.0227 0.1418 0.0534 0.0397 0.0274 0.0338 0.0325 0.0181 0.0181 0.0199 0.0201 0.0573 0.0213 0.0064 0.0147 0.0070 0.0024 0.0090 0.0147 0.0228 0.0617 0.0391 0.0746 0.0379 0.0460 0.0280 0.0112 0.0160 0.0224 0.0142 0.0430 0.0323 0.0341 0.0217 0.0256 0.0137 0.0071 0.0023 0.0027 0.0007 0.0004 0.0002 0.0003 0.0002 
0.0168 0.0424 0.1094 0.3596 0.0306 0.0237 0.0132 0.0177 0.0262 0.0195 0.0190 0.0329 0.0488 0.0527 0.1976 0.3744 0.1351 0.0539 0.0221 0.0284 0.0344 0.2423 0.2733 0.2151 0.1588 0.0847 0.1331 0.0579 0.0855 0.0419 0.0610 0.0748 0.1103 0.0360 0.0089 0.0247 0.0141 0.0089 0.0057 0.0119 0.0109 0.0134 0.0174 0.0076 0.0100 0.0117 0.0112 0.0167 0.0101 0.0084 0.0188 0.0143 0.0129 0.0133 0.0053 0.0133 0.0129 0.0051 0.0049 0.0047 0.0047 0.0046 0.0046 0.0049 
0.0242 0.0649 0.1249 0.5258 0.1079 0.0399 0.0200 0.0168 0.0520 0.0232 0.0320 0.0520 0.0431 0.0441 0.2388 0.3673 0.1791 0.0695 0.0222 0.0230 0.0481 0.3112 0.3514 0.1781 0.1127 0.1337 0.1221 0.1067 0.1156 0.0970 0.0944 0.0457 0.1110 0.0392 0.0090 0.0226 0.0100 0.0035 0.0030 0.0057 0.0099 0.0110 0.0128 0.0209 0.0151 0.0110 0.0022 0.0022 0.0080 0.0078 0.0120 0.0128 0.0173 0.0135 0.0089 0.0076 0.0030 0.0030 0.0020 0.0016 0.0017 0.0020 0.0019 0.0020 
0.0667 0.0886 0.1330 0.3206 0.1030 0.0343 0.0059 0.0173 0.0344 0.0199 0.0228 0.0335 0.0489 0.0600 0.2223 0.3382 0.0952 0.0345 0.0227 0.0315 0.0543 0.2679 0.2489 0.1574 0.1284 0.1043 0.1252 0.0931 0.0812 0.0610 0.0911 0.1209 0.0695 0.0612 0.0330 0.0103 0.0109 0.0143 0.0100 0.0129 0.0178 0.0339 0.0302 0.0312 0.0232 0.0099 0.0041 0.0057 0.0082 0.0119 0.0339 0.0053 0.0091 0.0246 0.0048 0.0095 0.0045 0.0028 0.0027 0.0028 0.0027 0.0030 0.0029 0.0027 
0.0145 0.0287 0.0417 0.0586 0.0378 0.0044 0.0076 0.0038 0.0117 0.0051 0.0092 0.0055 0.0120 0.0081 0.0389 0.0480 0.0346 0.0253 0.0095 0.0215 0.0286 0.0493 0.0206 0.0258 0.0102 0.0239 0.0243 0.0315 0.0334 0.0211 0.0225 0.0331 0.0092 0.0181 0.0070 0.0072 0.0051 0.0059 0.0048 0.0019 0.0046 0.0037 0.0071 0.0059 0.0039 0.0035 0.0023 0.0022 0.0038 0.0035 0.0043 0.0023 0.0031 0.0032 0.0022 0.0028 0.0022 0.0006 0.0006 0.0003 0.0006 0.0004 0.0005 0.0002 
0.0159 0.0548 0.0782 0.1003 0.0665 0.0187 0.0184 0.0242 0.0189 0.0179 0.0246 0.0501 0.0651 0.0703 0.1994 0.3059 0.2214 0.0685 0.0228 0.0284 0.0732 0.1369 0.2472 0.1180 0.1484 0.0812 0.1320 0.1205 0.1431 0.1046 0.1318 0.1040 0.1111 0.0697 0.0363 0.0128 0.0222 0.0094 0.0227 0.0142 0.0196 0.0154 0.0317 0.0172 0.0112 0.0091 0.0051 0.0064 0.0071 0.0065 0.0066 0.0032 0.0078 0.0089 0.0074 0.0073 0.0065 0.0045 0.0045 0.0046 0.0048 0.0046 0.0043 0.0047 
0.0094 0.0888 0.1294 0.1849 0.2088 0.0270 0.0174 0.0266 0.0325 0.0313 0.0284 0.0707 0.0670 0.1027 0.3097 0.7111 0.3397 0.2505 0.0860 0.0482 0.0665 0.2899 0.4316 0.2177 0.2104 0.1884 0.2101 0.2223 0.3037 0.2081 0.2789 0.1240 0.1877 0.0753 0.0575 0.0181 0.0132 0.0153 0.0152 0.0128 0.0131 0.0107 0.0113 0.0092 0.0115 0.0118 0.0114 0.0106 0.0116 0.0070 0.0117 0.0179 0.0077 0.0087 0.0122 0.0097 0.0096 0.0098 0.0094 0.0094 0.0092 0.0094 0.0095 0.0095 
0.0217 0.0928 0.1233 0.1080 0.1707 0.0379 0.0335 0.0130 0.0369 0.0423 0.0044 0.0624 0.0496 0.0646 0.2204 0.3803 0.4226 0.3169 0.0461 0.1074 0.0991 0.3528 0.3398 0.2573 0.2057 0.1734 0.2986 0.1381 0.2853 0.1816 0.1759 0.1802 0.1138 0.1181 0.0337 0.0185 0.0166 0.0091 0.0078 0.0095 0.0072 0.0109 0.0114 0.0103 0.0102 0.0094 0.0096 0.0094 0.0112 0.0070 0.0065 0.0114 0.0098 0.0060 0.0084 0.0086 0.0084 0.0084 0.0082 0.0082 0.0081 0.0083 0.0082 0.0082 
0.0127 0.0754 0.1571 0.1024 0.0954 0.0355 0.0283 0.0173 0.0360 0.0308 0.0085 0.0378 0.0390 0.0353 0.1503 0.2212 0.2077 0.2114 0.0731 0.0582 0.0888 0.2722 0.2807 0.2802 0.2481 0.1738 0.2069 0.1339 0.1761 0.2613 0.2016 0.2044 0.1577 0.1301 0.0854 0.0135 0.0222 0.0036 0.0029 0.0032 0.0033 0.0027 0.0034 0.0031 0.0028 0.0026 0.0029 0.0035 0.0034 0.0024 0.0088 0.0092 0.0057 0.0030 0.0028 0.0022 0.0025 0.0024 0.0025 0.0026 0.0025 0.0025 0.0025 0.0024 
0.0176 0.0961 0.1486 0.0543 0.0636 0.0311 0.0203 0.0164 0.0312 0.0202 0.0260 0.0314 0.0487 0.0314 0.1315 0.0904 0.1901 0.1642 0.0757 0.0558 0.0802 0.1348 0.1750 0.1967 0.1594 0.1322 0.1138 0.1815 0.1697 0.2104 0.2308 0.1113 0.1326 0.0720 0.0214 0.0089 0.0113 0.0090 0.0080 0.0064 0.0047 0.0050 0.0040 0.0034 0.0040 0.0032 0.0032 0.0030 0.0016 0.0084 0.0037 0.0051 0.0037 0.0027 0.0023 0.0013 0.0014 0.0018 0.0014 0.0013 0.0012 0.0014 0.0010 0.0009 
0.0168 0.0676 0.1170 0.0436 0.0720 0.0277 0.0110 0.0054 0.0092 0.0232 0.0164 0.0406 0.0434 0.0353 0.0808 0.0448 0.0555 0.0959 0.0506 0.0400 0.0391 0.0515 0.0432 0.1205 0.1307 0.1177 0.0811 0.0660 0.0745 0.0981 0.1299 0.1245 0.0525 0.0395 0.0179 0.0213 0.0090 0.0040 0.0055 0.0044 0.0037 0.0030 0.0027 0.0025 0.0028 0.0018 0.0014 0.0019 0.0014 0.0013 0.0016 0.0041 0.0029 0.0007 0.0013 0.0008 0.0009 0.0007 0.0008 0.0005 0.0005 0.0007 0.0006 0.0010 
0.0294 0.0810 0.1127 0.0392 0.0552 0.0228 0.0163 0.0159 0.0127 0.0109 0.0071 0.0158 0.0153 0.0205 0.0197 0.0553 0.0970 0.0380 0.0243 0.0328 0.0230 0.0525 0.0926 0.0443 0.0406 0.0358 0.0301 0.0326 0.0361 0.0399 0.0401 0.0538 0.0420 0.0215 0.0092 0.0254 0.0217 0.0130 0.0037 0.0011 0.0009 0.0003 0.0004 0.0007 0.0009 0.0007 0.0003 0.0005 0.0017 0.0027 0.0026 0.0024 0.0019 0.0004 0.0007 0.0004 0.0004 0.0007 0.0006 0.0005 0.0004 0.0003 0.0002 0.0003 
0.0048 0.0682 0.0998 0.0353 0.0088 0.0172 0.0143 0.0084 0.0107 0.0048 0.0077 0.0077 0.0110 0.0107 0.0210 0.0280 0.0358 0.0315 0.0352 0.0378 0.0298 0.0230 0.0239 0.0213 0.0097 0.0096 0.0176 0.0345 0.0206 0.0379 0.0123 0.0142 0.0209 0.0098 0.0109 0.0184 0.0108 0.0116 0.0034 0.0017 0.0018 0.0014 0.0015 0.0014 0.0012 0.0013 0.0008 0.0009 0.0014 0.0014 0.0017 0.0015 0.0015 0.0013 0.0008 0.0013 0.0009 0.0009 0.0011 0.0011 0.0008 0.0007 0.0005 0.0006 
0.0075 0.0532 0.0794 0.0286 0.0222 0.0046 0.0078 0.0043 0.0043 0.0072 0.0028 0.0075 0.0046 0.0051 0.0052 0.0184 0.0352 0.0364 0.0129 0.0288 0.0127 0.0158 0.0136 0.0105 0.0254 0.0095 0.0108 0.0115 0.0206 0.0220 0.0200 0.0139 0.0078 0.0077 0.0057 0.0114 0.0051 0.0055 0.0036 0.0017 0.0016 0.0016 0.0009 0.0010 0.0010 0.0011 0.0011 0.0009 0.0014 0.0013 0.0009 0.0007 0.0010 0.0005 0.0005 0.0005 0.0006 0.0004 0.0003 0.0004 0.0003 0.0005 0.0004 0.0003 
0.0127 0.0301 0.0607 0.0229 0.0122 0.0092 0.0024 0.0053 0.0012 0.0055 0.0020 0.0018 0.0048 0.0030 0.0125 0.0081 0.0179 0.0151 0.0153 0.0180 0.0068 0.0092 0.0112 0.0089 0.0019 0.0053 0.0097 0.0082 0.0110 0.0118 0.0061 0.0050 0.0092 0.0047 0.0035 0.0035 0.0014 0.0025 0.0009 0.0004 0.0005 0.0007 0.0002 0.0005 0.0005 0.0006 0.0005 0.0002 0.0008 0.0006 0.0002 0.0007 0.0011 0.0004 0.0007 0.0005 0.0008 0.0005 0.0005 0.0004 0.0005 0.0002 0.0004 0.0003 
0.0147 0.0212 0.0376 0.0142 0.0031 0.0079 0.0029 0.0018 0.0022 0.0033 0.0014 0.0025 0.0013 0.0020 0.0082 0.0070 0.0066 0.0101 0.0113 0.0058 0.0053 0.0126 0.0086 0.0094 0.0042 0.0025 0.0025 0.0054 0.0034 0.0094 0.0074 0.0048 0.0050 0.0040 0.0012 0.0016 0.0010 0.0019 0.0020 0.0008 0.0004 0.0005 0.0006 0.0003 0.0005 0.0001 0.0005 0.0004 0.0008 0.0003 0.0006 0.0003 0.0004 0.0009 0.0003 0.0004 0.0002 0.0002 0.0003 0.0002 0.0003 0.0003 0.0003 0.0006 
0.0069 0.0307 0.0224 0.0072 0.0050 0.0043 0.0030 0.0007 0.0010 0.0017 0.0011 0.0018 0.0009 0.0009 0.0036 0.0033 0.0029 0.0092 0.0058 0.0042 0.0034 0.0059 0.0049 0.0060 0.0021 0.0015 0.0027 0.0035 0.0049 0.0087 0.0071 0.0013 0.0016 0.0009 0.0009 0.0008 0.0014 0.0008 0.0011 0.0008 0.0002 0.0003 0.0005 0.0002 0.0004 0.0003 0.0008 0.0002 0.0004 0.0004 0.0004 0.0004 0.0006 0.0006 0.0004 0.0004 0.0004 0.0003 0.0003 0.0004 0.0001 0.0003 0.0003 0.0003 
0.0017 0.0328 0.0162 0.0043 0.0045 0.0044 0.0016 0.0008 0.0006 0.0005 0.0007 0.0021 0.0010 0.0010 0.0016 0.0022 0.0055 0.0056 0.0041 0.0019 0.0011 0.0026 0.0035 0.0028 0.0012 0.0009 0.0015 0.0019 0.0050 0.0042 0.0006 0.0020 0.0013 0.0010 0.0004 0.0004 0.0007 0.0004 0.0007 0.0010 0.0004 0.0004 0.0002 0.0003 0.0006 0.0003 0.0002 0.0006 0.0002 0.0005 0.0003 0.0001 0.0004 0.0004 0.0005 0.0002 0.0004 0.0002 0.0006 0.0005 0.0002 0.0004 0.0002 0.0002 
0.0047 0.0255 0.0100 0.0067 0.0044 0.0026 0.0030 0.0014 0.0011 0.0012 0.0010 0.0006 0.0018 0.0015 0.0013 0.0012 0.0026 0.0028 0.0007 0.0009 0.0007 0.0016 0.0023 0.0016 0.0022 0.0006 0.0007 0.0006 0.0036 0.0010 0.0010 0.0004 0.0009 0.0012 0.0007 0.0002 0.0005 0.0006 0.0006 0.0007 0.0007 0.0003 0.0002 0.0006 0.0003 0.0003 0.0006 0.0006 0.0004 0.0006 0.0001 0.0005 0.0010 0.0004 0.0004 0.0004 0.0006 0.0006 0.0003 0.0005 0.0005 0.0002 0.0006 0.0006 
0.0057 0.0144 0.0073 0.0061 0.0059 0.0020 0.0012 0.0003 0.0001 0.0006 0.0003 0.0007 0.0006 0.0009 0.0003 0.0007 0.0010 0.0028 0.0010 0.0003 0.0004 0.0010 0.0008 0.0016 0.0009 0.0002 0.0005 0.0006 0.0029 0.0016 0.0008 0.0006 0.0004 0.0009 0.0003 0.0003 0.0003 0.0003 0.0002 0.0005 0.0004 0.0006 0.0004 0.0004 0.0003 0.0003 0.0003 0.0005 0.0005 0.0003 0.0003 0.0005 0.0006 0.0003 0.0004 0.0003 0.0003 0.0002 0.0005 0.0002 0.0003 0.0005 0.0002 0.0005 
0.0041 0.0083 0.0051 0.0039 0.0013 0.0004 0.0005 0.0003 0.0004 0.0001 0.0002 0.0003 0.0007 0.0005 0.0001 0.0006 0.0020 0.0017 0.0007 0.0007 0.0003 0.0004 0.0009 0.0004 0.0004 0.0005 0.0002 0.0006 0.0009 0.0014 0.0004 0.0003 0.0003 0.0006 0.0005 0.0004 0.0004 0.0002 0.0007 0.0005 0.0003 0.0005 0.0003 0.0003 0.0007 0.0004 0.0004 0.0004 0.0006 0.0006 0.0003 0.0006 0.0006 0.0006 0.0002 0.0003 0.0002 0.0004 0.0005 0.0002 0.0005 0.0004 0.0004 0.0002 
0.0021 0.0104 0.0052 0.0015 0.0015 0.0003 0.0004 0.0003 0.0002 0.0004 0.0003 0.0004 0.0001 0.0002 0.0001 0.0002 0.0004 0.0009 0.0002 0.0006 0.0002 0.0004 0.0007 0.0005 0.0006 0.0003 0.0002 0.0002 0.0010 0.0010 0.0007 0.0004 0.0008 0.0006 0.0005 0.0003 0.0002 0.0003 0.0006 0.0010 0.0004 0.0002 0.0003 0.0002 0.0008 0.0004 0.0004 0.0006 0.0004 0.0006 0.0004 0.0003 0.0005 0.0006 0.0004 0.0005 0.0002 0.0003 0.0004 0.0003 0.0001 0.0005 0.0002 0.0005 
0.0008 0.0116 0.0031 0.0007 0.0015 0.0004 0.0005 0.0002 0.0000 0.0002 0.0005 0.0002 0.0002 0.0001 0.0002 0.0002 0.0006 0.0005 0.0001 0.0005 0.0005 0.0007 0.0008 0.0005 0.0004 0.0005 0.0004 0.0005 0.0008 0.0008 0.0004 0.0004 0.0003 0.0008 0.0005 0.0002 0.0004 0.0002 0.0007 0.0012 0.0008 0.0002 0.0002 0.0003 0.0003 0.0004 0.0005 0.0006 0.0003 0.0008 0.0008 0.0006 0.0004 0.0007 0.0002 0.0002 0.0002 0.0002 0.0002 0.0003 0.0003 0.0003 0.0004 0.0002 
0.0009 0.0095 0.0019 0.0010 0.0016 0.0006 0.0006 0.0005 0.0003 0.0003 0.0002 0.0002 0.0002 0.0004 0.0002 0.0003 0.0005 0.0009 0.0005 0.0005 0.0002 0.0005 0.0006 0.0005 0.0004 0.0004 0.0002 0.0002 0.0008 0.0005 0.0004 0.0004 0.0005 0.0002 0.0003 0.0006 0.0008 0.0003 0.0009 0.0004 0.0006 0.0002 0.0003 0.0004 0.0003 0.0002 0.0003 0.0005 0.0004 0.0006 0.0008 0.0004 0.0003 0.0003 0.0003 0.0003 0.0004 0.0004 0.0003 0.0002 0.0002 0.0003 0.0004 0.0002 
0.0012 0.0070 0.0008 0.0006 0.0005 0.0001 0.0002 0.0003 0.0003 0.0002 0.0005 0.0002 0.0001 0.0002 0.0002 0.0002 0.0004 0.0007 0.0004 0.0003 0.0005 0.0003 0.0003 0.0004 0.0003 0.0005 0.0001 0.0003 0.0004 0.0005 0.0004 0.0003 0.0003 0.0004 0.0006 0.0005 0.0004 0.0003 0.0002 0.0003 0.0003 0.0005 0.0004 0.0004 0.0002 0.0005 0.0004 0.0005 0.0003 0.0004 0.0006 0.0002 0.0004 0.0002 0.0004 0.0002 0.0005 0.0004 0.0002 0.0003 0.0004 0.0002 0.0005 0.0004 
0.0016 0.0054 0.0006 0.0003 0.0005 0.0004 0.0002 0.0003 0.0003 0.0003 0.0004 0.0002 0.0002 0.0002 0.0001 0.0001 0.0002 0.0004 0.0003 0.0002 0.0001 0.0004 0.0004 0.0001 0.0003 0.0002 0.0003 0.0003 0.0004 0.0002 0.0003 0.0003 0.0001 0.0001 0.0008 0.0002 0.0003 0.0003 0.0003 0.0007 0.0003 0.0003 0.0004 0.0005 0.0004 0.0003 0.0003 0.0004 0.0003 0.0012 0.0007 0.0002 0.0007 0.0004 0.0004 0.0004 0.0004 0.0001 0.0002 0.0002 0.0004 0.0002 0.0002 0.0002 
0.0012 0.0051 0.0004 0.0005 0.0002 0.0001 0.0003 0.0001 0.0002 0.0002 0.0002 0.0002 0.0002 0.0001 0.0003 0.0003 0.0001 0.0003 0.0002 0.0002 0.0003 0.0005 0.0001 0.0002 0.0002 0.0002 0.0004 0.0002 0.0001 0.0003 0.0003 0.0002 0.0003 0.0004 0.0002 0.0003 0.0003 0.0003 0.0004 0.0006 0.0002 0.0002 0.0005 0.0008 0.0004 0.0005 0.0002 0.0004 0.0003 0.0004 0.0008 0.0002 0.0005 0.0002 0.0003 0.0003 0.0005 0.0001 0.0003 0.0003 0.0002 0.0003 0.0003 0.0004 
0.0005 0.0044 0.0002 0.0004 0.0002 0.0002 0.0003 0.0001 0.0002 0.0001 0.0003 0.0002 0.0001 0.0000 0.0004 0.0002 0.0002 0.0006 0.0003 0.0005 0.0005 0.0003 0.0003 0.0004 0.0004 0.0002 0.0004 0.0002 0.0002 0.0002 0.0003 0.0002 0.0004 0.0003 0.0003 0.0004 0.0002 0.0003 0.0006 0.0003 0.0002 0.0004 0.0005 0.0007 0.0004 0.0004 0.0005 0.0002 0.0006 0.0005 0.0005 0.0002 0.0003 0.0006 0.0005 0.0009 0.0003 0.0002 0.0005 0.0004 0.0003 0.0003 0.0002 0.0004 
0.0003 0.0040 0.0003 0.0004 0.0003 0.0002 0.0006 0.0002 0.0001 0.0002 0.0003 0.0002 0.0003 0.0002 0.0001 0.0005 0.0002 0.0003 0.0002 0.0001 0.0002 0.0003 0.0002 0.0004 0.0004 0.0003 0.0003 0.0003 0.0002 0.0002 0.0003 0.0003 0.0003 0.0003 0.0004 0.0002 0.0003 0.0004 0.0003 0.0001 0.0004 0.0005 0.0002 0.0003 0.0001 0.0002 0.0004 0.0003 0.0004 0.0005 0.0005 0.0005 0.0006 0.0002 0.0003 0.0003 0.0002 0.0001 0.0005 0.0003 0.0006 0.0001 0.0005 0.0002 
0.0008 0.0025 0.0004 0.0003 0.0006 0.0002 0.0004 0.0003 0.0002 0.0004 0.0002 0.0002 0.0002 0.0002 0.0002 0.0002 0.0001 0.0004 0.0004 0.0002 0.0003 0.0003 0.0003 0.0002 0.0002 0.0003 0.0002 0.0004 0.0001 0.0004 0.0003 0.0001 0.0003 0.0003 0.0002 0.0004 0.0003 0.0002 0.0003 0.0004 0.0002 0.0002 0.0003 0.0003 0.0006 0.0004 0.0004 0.0004 0.0004 0.0003 0.0006 0.0002 0.0007 0.0004 0.0003 0.0005 0.0002 0.0004 0.0003 0.0003 0.0003 0.0003 0.0003 0.0004 
0.0005 0.0016 0.0003 0.0003 0.0007 0.0002 0.0003 0.0001 0.0004 0.0006 0.0002 0.0001 0.0001 0.0002 0.0003 0.0001 0.0002 0.0003 0.0004 0.0003 0.0004 0.0002 0.0003 0.0002 0.0002 0.0002 0.0003 0.0003 0.0005 0.0003 0.0004 0.0004 0.0003 0.0005 0.0004 0.0003 0.0002 0.0002 0.0004 0.0003 0.0003 0.0003 0.0005 0.0004 0.0004 0.0002 0.0002 0.0003 0.0004 0.0006 0.0007 0.0005 0.0008 0.0003 0.0004 0.0003 0.0004 0.0002 0.0005 0.0006 0.0005 0.0004 0.0001 0.0003 
0.0005 0.0016 0.0002 0.0003 0.0003 0.0003 0.0002 0.0001 0.0003 0.0002 0.0003 0.0002 0.0003 0.0002 0.0003 0.0002 0.0001 0.0001 0.0001 0.0005 0.0003 0.0004 0.0002 0.0003 0.0002 0.0001 0.0002 0.0003 0.0002 0.0002 0.0001 0.0002 0.0004 0.0005 0.0003 0.0007 0.0003 0.0002 0.0004 0.0002 0.0003 0.0003 0.0005 0.0002 0.0003 0.0007 0.0003 0.0002 0.0002 0.0006 0.0003 0.0004 0.0007 0.0004 0.0004 0.0002 0.0006 0.0003 0.0002 0.0003 0.0002 0.0002 0.0004 0.0003 
0.0003 0.0015 0.0003 0.0002 0.0005 0.0003 0.0001 0.0001 0.0002 0.0004 0.0002 0.0002 0.0001 0.0002 0.0001 0.0003 0.0002 0.0001 0.0001 0.0006 0.0003 0.0001 0.0003 0.0004 0.0001 0.0003 0.0002 0.0002 0.0001 0.0004 0.0005 0.0004 0.0003 0.0001 0.0004 0.0004 0.0003 0.0003 0.0005 0.0003 0.0006 0.0003 0.0002 0.0001 0.0002 0.0003 0.0006 0.0002 0.0004 0.0002 0.0002 0.0007 0.0005 0.0006 0.0004 0.0007 0.0005 0.0002 0.0002 0.0004 0.0003 0.0003 0.0002 0.0001 
0.0002 0.0007 0.0001 0.0001 0.0002 0.0006 0.0004 0.0001 0.0001 0.0003 0.0001 0.0002 0.0001 0.0002 0.0002 0.0002 0.0002 0.0002 0.0004 0.0006 0.0004 0.0002 0.0002 0.0001 0.0004 0.0001 0.0003 0.0006 0.0003 0.0002 0.0004 0.0003 0.0002 0.0003 0.0004 0.0002 0.0004 0.0004 0.0005 0.0004 0.0007 0.0008 0.0002 0.0004 0.0004 0.0004 0.0001 0.0004 0.0004 0.0002 0.0008 0.0003 0.0002 0.0002 0.0004 0.0006 0.0005 0.0003 0.0002 0.0002 0.0006 0.0003 0.0003 0.0005 
0.0002 0.0007 0.0001 0.0001 0.0002 0.0003 0.0002 0.0001 0.0001 0.0002 0.0002 0.0001 0.0003 0.0003 0.0002 0.0002 0.0001 0.0003 0.0003 0.0006 0.0007 0.0003 0.0002 0.0001 0.0003 0.0003 0.0003 0.0004 0.0003 0.0003 0.0002 0.0002 0.0003 0.0002 0.0004 0.0005 0.0003 0.0004 0.0003 0.0002 0.0008 0.0006 0.0004 0.0002 0.0002 0.0005 0.0003 0.0005 0.0009 0.0007 0.0005 0.0006 0.0004 0.0004 0.0004 0.0001 0.0002 0.0003 0.0003 0.0003 0.0002 0.0004 0.0006 0.0005 
0.0002 0.0004 0.0002 0.0000 0.0002 0.0001 0.0004 0.0001 0.0002 0.0003 0.0001 0.0001 0.0002 0.0001 0.0001 0.0002 0.0001 0.0002 0.0003 0.0007 0.0002 0.0002 0.0002 0.0001 0.0001 0.0004 0.0003 0.0003 0.0003 0.0003 0.0002 0.0003 0.0001 0.0003 0.0003 0.0003 0.0006 0.0003 0.0003 0.0002 0.0006 0.0007 0.0002 0.0004 0.0002 0.0004 0.0002 0.0005 0.0003 0.0005 0.0002 0.0004 0.0003 0.0002 0.0003 0.0004 0.0004 0.0004 0.0003 0.0003 0.0004 0.0003 0.0005 0.0003 
0.0001 0.0004 0.0001 0.0002 0.0002 0.0002 0.0003 0.0002 0.0002 0.0001 0.0002 0.0002 0.0002 0.0002 0.0001 0.0002 0.0004 0.0002 0.0002 0.0004 0.0002 0.0002 0.0003 0.0004 0.0004 0.0001 0.0001 0.0004 0.0003 0.0003 0.0004 0.0003 0.0002 0.0002 0.0004 0.0003 0.0003 0.0002 0.0002 0.0005 0.0007 0.0002 0.0001 0.0002 0.0003 0.0004 0.0002 0.0006 0.0002 0.0005 0.0002 0.0005 0.0002 0.0006 0.0002 0.0002 0.0005 0.0005 0.0002 0.0002 0.0005 0.0001 0.0003 0.0004 
0.0002 0.0001 0.0001 0.0001 0.0001 0.0001 0.0003 0.0003 0.0001 0.0001 0.0002 0.0003 0.0001 0.0001 0.0001 0.0001 0.0003 0.0001 0.0002 0.0003 0.0002 0.0004 0.0002 0.0001 0.0002 0.0001 0.0004 0.0003 0.0004 0.0001 0.0002 0.0002 0.0004 0.0002 0.0003 0.0005 0.0005 0.0003 0.0003 0.0003 0.0001 0.0004 0.0003 0.0004 0.0004 0.0002 0.0007 0.0002 0.0004 0.0003 0.0003 0.0005 0.0003 0.0003 0.0003 0.0003 0.0003 0.0003 0.0002 0.0002 0.0005 0.0003 0.0002 0.0002 
