0.0002 0.0001 0.0001 0.0002 0.0002 0.0004 0.0002 0.0002 0.0005 0.0001 0.0005 0.0003 0.0003 0.0003 0.0004 0.0002 0.0002 0.0001 0.0003 0.0002 0.0003 0.0001 0.0002 0.0006 0.0008 0.0011 0.0005 0.0011 0.0011 0.0006 0.0004 0.0009 0.0010 0.0003 0.0002 0.0004 0.0004 0.0009 0.0006 0.0007 0.0006 0.0008 0.0004 0.0003 0.0006 0.0014 0.0002 0.0011 0.0015 0.0006 0.0007 0.0007 0.0004 0.0004 0.0003 0.0002 0.0005 0.0003 0.0004 0.0005 0.0004 0.0004 0.0002 0.0002 
0.0001 0.0002 0.0001 0.0001 0.0001 0.0002 0.0000 0.0001 0.0002 0.0004 0.0004 0.0001 0.0005 0.0004 0.0003 0.0003 0.0003 0.0003 0.0003 0.0003 0.0003 0.0002 0.0003 0.0003 0.0005 0.0002 0.0002 0.0004 0.0002 0.0002 0.0004 0.0003 0.0003 0.0004 0.0004 0.0004 0.0002 0.0005 0.0003 0.0006 0.0010 0.0004 0.0003 0.0004 0.0003 0.0004 0.0004 0.0006 0.0004 0.0008 0.0004 0.0005 0.0003 0.0002 0.0009 0.0003 0.0003 0.0005 0.0003 0.0002 0.0004 0.0004 0.0003 0.0003 
0.0001 0.0000 0.0002 0.0002 0.0001 0.0001 0.0002 0.0001 0.0001 0.0002 0.0002 0.0002 0.0004 0.0003 0.0002 0.0002 0.0002 0.0003 0.0005 0.0005 0.0004 0.0004 0.0003 0.0002 0.0003 0.0004 0.0005 0.0004 0.0003 0.0002 0.0002 0.0002 0.0005 0.0007 0.0008 0.0003 0.0007 0.0004 0.0005 0.0003 0.0004 0.0006 0.0003 0.0003 0.0009 0.0005 0.0005 0.0003 0.0005 0.0006 0.0004 0.0006 0.0010 0.0004 0.0005 0.0005 0.0002 0.0003 0.0004 0.0003 0.0005 0.0002 0.0003 0.0005 
0.0002 0.0001 0.0001 0.0001 0.0001 0.0001 0.0001 0.0001 0.0001 0.0001 0.0002 0.0002 0.0003 0.0001 0.0002 0.0002 0.0002 0.0004 0.0006 0.0004 0.0003 0.0002 0.0002 0.0002 0.0004 0.0007 0.0003 0.0003 0.0003 0.0003 0.0003 0.0002 0.0002 0.0002 0.0003 0.0002 0.0005 0.0001 0.0002 0.0005 0.0004 0.0006 0.0003 0.0003 0.0003 0.0004 0.0008 0.0007 0.0006 0.0005 0.0004 0.0004 0.0004 0.0007 0.0003 0.0003 0.0003 0.0001 0.0002 0.0002 0.0003 0.0003 0.0004 0.0005 
0.0002 0.0001 0.0001 0.0001 0.0002 0.0001 0.0001 0.0001 0.0002 0.0002 0.0003 0.0004 0.0003 0.0001 0.0002 0.0001 0.0003 0.0003 0.0004 0.0001 0.0002 0.0001 0.0003 0.0002 0.0003 0.0003 0.0003 0.0005 0.0005 0.0003 0.0003 0.0002 0.0003 0.0003 0.0002 0.0007 0.0005 0.0001 0.0003 0.0003 0.0004 0.0005 0.0004 0.0003 0.0003 0.0002 0.0007 0.0003 0.0005 0.0005 0.0006 0.0003 0.0004 0.0004 0.0005 0.0003 0.0005 0.0003 0.0003 0.0003 0.0004 0.0004 0.0004 0.0005 
0.0002 0.0002 0.0004 0.0005 0.0003 0.0005 0.0003 0.0004 0.0007 0.0005 0.0012 0.0012 0.0004 0.0007 0.0009 0.0006 0.0007 0.0009 0.0004 0.0002 0.0005 0.0012 0.0014 0.0014 0.0019 0.0014 0.0009 0.0008 0.0007 0.0012 0.0009 0.0008 0.0009 0.0006 0.0002 0.0009 0.0011 0.0005 0.0007 0.0003 0.0006 0.0004 0.0005 0.0003 0.0004 0.0002 0.0010 0.0007 0.0008 0.0007 0.0006 0.0007 0.0004 0.0002 0.0003 0.0005 0.0004 0.0002 0.0003 0.0004 0.0002 0.0002 0.0004 0.0003 
0.0007 0.0006 0.0017 0.0061 0.0036 0.0018 0.0004 0.0029 0.0076 0.0045 0.0087 0.0075 0.0051 0.0039 0.0101 0.0047 0.0067 0.0041 0.0022 0.0024 0.0072 0.0120 0.0252 0.0716 0.0587 0.0812 0.0464 0.0275 0.0120 0.0073 0.0076 0.0057 0.0048 0.0030 0.0056 0.0027 0.0067 0.0095 0.0191 0.0021 0.0048 0.0088 0.0035 0.0017 0.0015 0.0025 0.0103 0.0168 0.0033 0.0068 0.0101 0.0071 0.0012 0.0017 0.0009 0.0005 0.0006 0.0021 0.0010 0.0008 0.0008 0.0003 0.0005 0.0006 
0.0019 0.0019 0.0025 0.0022 0.0030 0.0015 0.0019 0.0023 0.0025 0.0027 0.0047 0.0032 0.0062 0.0055 0.0068 0.0034 0.0039 0.0081 0.0061 0.0058 0.0162 0.0371 0.0383 0.0351 0.0340 0.0934 0.0605 0.0591 0.0245 0.0229 0.0247 0.0134 0.0204 0.0112 0.0101 0.0077 0.0075 0.0253 0.0420 0.0142 0.0141 0.0278 0.0195 0.0074 0.0096 0.0146 0.0202 0.0319 0.0344 0.0222 0.0472 0.0501 0.0159 0.0159 0.0049 0.0037 0.0030 0.0018 0.0033 0.0043 0.0028 0.0027 0.0028 0.0025 
0.0026 0.0025 0.0032 0.0040 0.0073 0.0032 0.0032 0.0027 0.0090 0.0040 0.0026 0.0036 0.0119 0.0051 0.0111 0.0087 0.0266 0.0126 0.0087 0.0215 0.0141 0.0824 0.1379 0.0409 0.1296 0.0815 0.0932 0.0667 0.0581 0.0293 0.0195 0.0237 0.0081 0.0195 0.0191 0.0232 0.0433 0.0543 0.0635 0.0341 0.0562 0.0296 0.0229 0.0121 0.0205 0.0241 0.0306 0.0291 0.0340 0.0556 0.0596 0.0283 0.0217 0.0246 0.0084 0.0061 0.0039 0.0051 0.0027 0.0046 0.0012 0.0012 0.0014 0.0012 
0.0032 0.0036 0.0022 0.0117 0.0114 0.0057 0.0027 0.0070 0.0207 0.0067 0.0135 0.0077 0.0106 0.0174 0.0101 0.0132 0.0099 0.0258 0.0097 0.0054 0.0546 0.1063 0.1417 0.0651 0.0921 0.3568 0.3640 0.1652 0.1181 0.0511 0.0349 0.0455 0.0242 0.0268 0.0510 0.0358 0.0600 0.0912 0.1192 0.1400 0.0585 0.1348 0.0514 0.0222 0.0207 0.0609 0.0229 0.1237 0.1237 0.1616 0.0569 0.0661 0.0724 0.0331 0.0140 0.0084 0.0090 0.0116 0.0072 0.0065 0.0018 0.0012 0.0014 0.0009 
0.0058 0.0059 0.0060 0.0077 0.0072 0.0090 0.0074 0.0073 0.0109 0.0082 0.0072 0.0104 0.0082 0.0066 0.0093 0.0144 0.0151 0.0144 0.0129 0.0239 0.0325 0.0488 0.0572 0.0808 0.0623 0.0912 0.1895 0.1473 0.0925 0.0305 0.0660 0.0245 0.0582 0.0654 0.0452 0.0498 0.0420 0.0746 0.0998 0.0376 0.0834 0.1064 0.0258 0.0186 0.0204 0.0495 0.0745 0.0586 0.1027 0.0850 0.1289 0.0708 0.0946 0.0545 0.0161 0.0196 0.0232 0.0171 0.0177 0.0040 0.0049 0.0044 0.0041 0.0042 
0.0017 0.0018 0.0027 0.0025 0.0013 0.0015 0.0010 0.0023 0.0029 0.0009 0.0038 0.0033 0.0028 0.0049 0.0041 0.0069 0.0031 0.0047 0.0099 0.0060 0.0128 0.0189 0.0213 0.0195 0.0284 0.0287 0.0878 0.0646 0.0313 0.0237 0.0811 0.1201 0.0646 0.1191 0.0559 0.0359 0.0575 0.0797 0.0271 0.0964 0.0872 0.0557 0.0338 0.0102 0.0159 0.0451 0.0887 0.1608 0.0930 0.1483 0.2030 0.1134 0.1236 0.0632 0.0310 0.0309 0.0152 0.0222 0.0223 0.0202 0.0084 0.0033 0.0047 0.0045 
0.0004 0.0004 0.0005 0.0013 0.0003 0.0010 0.0016 0.0022 0.0029 0.0007 0.0021 0.0014 0.0009 0.0013 0.0009 0.0013 0.0034 0.0023 0.0045 0.0035 0.0049 0.0054 0.0108 0.0009 0.0151 0.0038 0.0251 0.0314 0.0082 0.0120 0.0050 0.0124 0.0187 0.0204 0.0153 0.0043 0.0058 0.0119 0.0061 0.0075 0.0068 0.0237 0.0085 0.0027 0.0111 0.0108 0.0151 0.0084 0.0081 0.0085 0.0214 0.0137 0.0057 0.0130 0.0080 0.0061 0.0011 0.0016 0.0039 0.0011 0.0004 0.0008 0.0004 0.0009 
0.0002 0.0001 0.0002 0.0007 0.0008 0.0007 0.0012 0.0008 0.0011 0.0007 0.0016 0.0009 0.0003 0.0003 0.0008 0.0005 0.0013 0.0012 0.0011 0.0022 0.0058 0.0057 0.0028 0.0024 0.0090 0.0209 0.0236 0.0141 0.0050 0.0090 0.0090 0.0104 0.0132 0.0123 0.0114 0.0058 0.0032 0.0051 0.0048 0.0076 0.0045 0.0094 0.0061 0.0040 0.0096 0.0080 0.0079 0.0026 0.0042 0.0087 0.0057 0.0025 0.0031 0.0090 0.0029 0.0021 0.0019 0.0012 0.0014 0.0020 0.0015 0.0011 0.0007 0.0007 
0.0004 0.0004 0.0003 0.0011 0.0007 0.0005 0.0004 0.0012 0.0012 0.0005 0.0015 0.0009 0.0006 0.0007 0.0003 0.0008 0.0017 0.0016 0.0015 0.0022 0.0029 0.0048 0.0009 0.0010 0.0041 0.0071 0.0078 0.0103 0.0065 0.0038 0.0098 0.0135 0.0037 0.0059 0.0061 0.0032 0.0024 0.0017 0.0012 0.0014 0.0018 0.0058 0.0050 0.0018 0.0063 0.0005 0.0036 0.0021 0.0029 0.0063 0.0025 0.0037 0.0064 0.0022 0.0022 0.0033 0.0005 0.0013 0.0003 0.0008 0.0005 0.0005 0.0003 0.0003 
0.0002 0.0001 0.0001 0.0004 0.0003 0.0005 0.0003 0.0005 0.0009 0.0004 0.0008 0.0002 0.0003 0.0004 0.0001 0.0004 0.0007 0.0003 0.0006 0.0012 0.0029 0.0027 0.0014 0.0012 0.0019 0.0051 0.0078 0.0121 0.0041 0.0035 0.0020 0.0034 0.0019 0.0050 0.0042 0.0016 0.0029 0.0024 0.0010 0.0010 0.0019 0.0008 0.0033 0.0009 0.0020 0.0012 0.0021 0.0026 0.0056 0.0036 0.0043 0.0015 0.0020 0.0028 0.0010 0.0009 0.0008 0.0010 0.0009 0.0005 0.0004 0.0004 0.0003 0.0003 
0.0003 0.0003 0.0002 0.0002 0.0003 0.0003 0.0005 0.0002 0.0010 0.0005 0.0004 0.0004 0.0003 0.0003 0.0002 0.0001 0.0012 0.0004 0.0004 0.0006 0.0016 0.0016 0.0014 0.0015 0.0036 0.0024 0.0074 0.0040 0.0026 0.0018 0.0010 0.0014 0.0013 0.0024 0.0007 0.0011 0.0007 0.0011 0.0008 0.0010 0.0006 0.0021 0.0032 0.0009 0.0010 0.0009 0.0018 0.0028 0.0017 0.0018 0.0018 0.0016 0.0019 0.0016 0.0004 0.0017 0.0005 0.0007 0.0005 0.0005 0.0005 0.0005 0.0004 0.0004 
0.0001 0.0002 0.0000 0.0003 0.0002 0.0001 0.0003 0.0003 0.0003 0.0003 0.0004 0.0002 0.0003 0.0001 0.0003 0.0001 0.0004 0.0002 0.0002 0.0004 0.0010 0.0005 0.0005 0.0005 0.0020 0.0017 0.0047 0.0015 0.0013 0.0012 0.0009 0.0006 0.0009 0.0006 0.0004 0.0008 0.0005 0.0004 0.0012 0.0004 0.0007 0.0007 0.0029 0.0017 0.0018 0.0009 0.0012 0.0015 0.0020 0.0013 0.0011 0.0008 0.0007 0.0007 0.0004 0.0008 0.0004 0.0004 0.0002 0.0002 0.0004 0.0002 0.0003 0.0006 
0.0001 0.0000 0.0001 0.0002 0.0001 0.0002 0.0001 0.0002 0.0005 0.0004 0.0002 0.0003 0.0002 0.0002 0.0001 0.0002 0.0004 0.0001 0.0001 0.0002 0.0003 0.0002 0.0002 0.0001 0.0010 0.0006 0.0019 0.0010 0.0008 0.0005 0.0002 0.0008 0.0011 0.0014 0.0002 0.0004 0.0004 0.0002 0.0005 0.0005 0.0005 0.0004 0.0005 0.0008 0.0008 0.0012 0.0003 0.0007 0.0005 0.0008 0.0004 0.0002 0.0012 0.0008 0.0004 0.0005 0.0003 0.0004 0.0002 0.0003 0.0003 0.0003 0.0002 0.0005 
0.0001 0.0001 0.0002 0.0001 0.0002 0.0003 0.0002 0.0003 0.0005 0.0003 0.0003 0.0001 0.0002 0.0002 0.0003 0.0003 0.0002 0.0002 0.0004 0.0003 0.0003 0.0005 0.0003 0.0001 0.0006 0.0003 0.0008 0.0006 0.0002 0.0005 0.0003 0.0007 0.0006 0.0011 0.0002 0.0005 0.0003 0.0004 0.0002 0.0003 0.0002 0.0004 0.0003 0.0011 0.0004 0.0007 0.0007 0.0003 0.0010 0.0004 0.0004 0.0003 0.0004 0.0003 0.0004 0.0007 0.0004 0.0005 0.0003 0.0005 0.0003 0.0001 0.0002 0.0004 
0.0002 0.0001 0.0002 0.0003 0.0003 0.0002 0.0002 0.0002 0.0005 0.0003 0.0002 0.0002 0.0002 0.0001 0.0001 0.0002 0.0002 0.0002 0.0003 0.0001 0.0003 0.0001 0.0003 0.0003 0.0005 0.0003 0.0005 0.0006 0.0004 0.0003 0.0007 0.0005 0.0007 0.0004 0.0002 0.0003 0.0002 0.0008 0.0004 0.0003 0.0002 0.0005 0.0005 0.0005 0.0005 0.0006 0.0004 0.0006 0.0004 0.0007 0.0006 0.0002 0.0003 0.0003 0.0003 0.0006 0.0004 0.0003 0.0003 0.0002 0.0003 0.0006 0.0001 0.0003 
0.0002 0.0002 0.0002 0.0002 0.0002 0.0002 0.0002 0.0003 0.0005 0.0003 0.0002 0.0001 0.0003 0.0002 0.0003 0.0001 0.0005 0.0004 0.0004 0.0004 0.0003 0.0004 0.0003 0.0005 0.0005 0.0003 0.0003 0.0003 0.0004 0.0005 0.0002 0.0002 0.0005 0.0005 0.0005 0.0006 0.0007 0.0003 0.0004 0.0003 0.0004 0.0002 0.0003 0.0005 0.0010 0.0002 0.0005 0.0004 0.0004 0.0004 0.0005 0.0002 0.0004 0.0001 0.0002 0.0003 0.0003 0.0002 0.0002 0.0001 0.0003 0.0002 0.0002 0.0003 
0.0001 0.0002 0.0002 0.0005 0.0005 0.0003 0.0002 0.0004 0.0004 0.0003 0.0003 0.0006 0.0011 0.0005 0.0006 0.0006 0.0011 0.0014 0.0009 0.0005 0.0005 0.0005 0.0005 0.0014 0.0024 0.0008 0.0011 0.0018 0.0008 0.0005 0.0008 0.0014 0.0005 0.0009 0.0003 0.0006 0.0007 0.0009 0.0006 0.0010 0.0009 0.0013 0.0007 0.0011 0.0012 0.0010 0.0008 0.0010 0.0009 0.0019 0.0011 0.0011 0.0014 0.0006 0.0008 0.0008 0.0005 0.0003 0.0003 0.0003 0.0003 0.0005 0.0002 0.0002 
0.0032 0.0022 0.0141 0.0102 0.0109 0.0117 0.0038 0.0113 0.0152 0.0130 0.0238 0.0262 0.0224 0.0042 0.0094 0.0664 0.0466 0.0178 0.0142 0.0043 0.0097 0.0230 0.0291 0.0239 0.0275 0.0293 0.0267 0.0184 0.0190 0.0092 0.0634 0.0268 0.0311 0.0119 0.0045 0.0089 0.0177 0.0306 0.0386 0.0331 0.0494 0.0295 0.0100 0.0080 0.0115 0.0225 0.0670 0.2253 0.1180 0.0340 0.0181 0.0750 0.0260 0.0100 0.0107 0.0157 0.0070 0.0082 0.0143 0.0067 0.0074 0.0031 0.0041 0.0041 
0.0196 0.0261 0.0699 0.0653 0.0118 0.0102 0.0025 0.0070 0.0174 0.0128 0.0131 0.0097 0.0089 0.0095 0.0144 0.0741 0.0434 0.0219 0.0104 0.0154 0.0279 0.0697 0.0683 0.0385 0.0468 0.0174 0.0105 0.0206 0.0138 0.0147 0.0358 0.0253 0.0229 0.0197 0.0086 0.0173 0.0249 0.0630 0.0168 0.0914 0.0309 0.1162 0.0374 0.0058 0.0087 0.0229 0.0522 0.1773 0.1375 0.1247 0.0826 0.0561 0.0234 0.0249 0.0120 0.0087 0.0073 0.0041 0.0068 0.0077 0.0065 0.0044 0.0042 0.0041 
0.0081 0.0618 0.1865 0.2416 0.0558 0.0164 0.0103 0.0169 0.0246 0.0113 0.0277 0.0239 0.0262 0.0277 0.0794 0.1546 0.2060 0.0596 0.0196 0.0293 0.1115 0.2376 0.0997 0.0802 0.0720 0.1145 0.0955 0.0737 0.0947 0.0529 0.0909 0.1140 0.0319 0.0174 0.0053 0.0071 0.0099 0.0139 0.0112 0.0091 0.0131 0.0244 0.0167 0.0046 0.0039 0.0022 0.0106 0.0223 0.0282 0.0101 0.0115 0.0150 0.0163 0.0079 0.0045 0.0008 0.0008 0.0006 0.0019 0.0013 0.0018 0.0007 0.0003 0.0004 
0.0231 0.0702 0.1191 0.3772 0.0933 0.0201 0.0138 0.0103 0.0398 0.0283 0.0348 0.0382 0.0263 0.0495 0.1549 0.2511 0.2908 0.0738 0.0777 0.0407 0.1327 0.2871 0.2632 0.1783 0.0981 0.1954 0.1517 0.1308 0.1508 0.0872 0.1267 0.2032 0.0210 0.0383 0.0108 0.0087 0.0144 0.0087 0.0023 0.0054 0.0051 0.0075 0.0086 0.0032 0.0036 0.0082 0.0129 0.0278 0.0100 0.0031 0.0048 0.0056 0.0051 0.0044 0.0006 0.0016 0.0011 0.0018 0.0020 0.0037 0.0017 0.0013 0.0014 0.0009 
0.0064 0.0762 0.1519 0.3543 0.1111 0.0279 0.0165 0.0219 0.0322 0.0358 0.0617 0.0761 0.0391 0.0558 0.1807 0.3751 0.2794 0.0760 0.0421 0.0784 0.1238 0.3495 0.3311 0.1503 0.1030 0.2083 0.1441 0.1383 0.1282 0.0742 0.1734 0.1591 0.0355 0.0457 0.0190 0.0156 0.0073 0.0139 0.0087 0.0104 0.0058 0.0077 0.0092 0.0083 0.0078 0.0065 0.0035 0.0083 0.0127 0.0074 0.0040 0.0077 0.0060 0.0056 0.0053 0.0062 0.0038 0.0050 0.0047 0.0064 0.0056 0.0041 0.0048 0.0049 
0.0034 0.0504 0.2447 0.2153 0.0247 0.0340 0.0141 0.0219 0.0346 0.0199 0.0398 0.0550 0.0438 0.0348 0.1714 0.3345 0.1843 0.0907 0.0256 0.0605 0.0812 0.3138 0.1807 0.1165 0.0833 0.1680 0.1278 0.1356 0.1902 0.0421 0.1095 0.0537 0.0560 0.0344 0.0169 0.0078 0.0130 0.0137 0.0130 0.0066 0.0081 0.0069 0.0081 0.0048 0.0029 0.0056 0.0030 0.0097 0.0116 0.0066 0.0080 0.0085 0.0091 0.0103 0.0045 0.0042 0.0039 0.0042 0.0038 0.0033 0.0030 0.0036 0.0037 0.0034 
0.0092 0.0652 0.1002 0.0598 0.0481 0.0131 0.0120 0.0060 0.0182 0.0115 0.0132 0.0229 0.0297 0.0234 0.0792 0.1459 0.0957 0.0337 0.0171 0.0052 0.0564 0.0896 0.0504 0.0670 0.0445 0.0397 0.0868 0.0683 0.0655 0.0629 0.0449 0.0221 0.0191 0.0068 0.0084 0.0028 0.0064 0.0103 0.0148 0.0078 0.0099 0.0090 0.0035 0.0029 0.0009 0.0021 0.0038 0.0036 0.0023 0.0040 0.0066 0.0056 0.0105 0.0099 0.0039 0.0006 0.0004 0.0009 0.0012 0.0009 0.0006 0.0003 0.0001 0.0004 
0.0405 0.1337 0.1278 0.0523 0.0293 0.0135 0.0203 0.0223 0.0216 0.0114 0.0150 0.0327 0.0738 0.0853 0.1612 0.1563 0.1011 0.0482 0.0440 0.0381 0.0711 0.1643 0.1431 0.1365 0.0711 0.1415 0.1257 0.1873 0.1228 0.0997 0.0617 0.0827 0.0417 0.0331 0.0212 0.0166 0.0453 0.0539 0.0290 0.0144 0.0286 0.0202 0.0122 0.0031 0.0021 0.0037 0.0120 0.0143 0.0212 0.0080 0.0132 0.0242 0.0210 0.0144 0.0101 0.0016 0.0027 0.0017 0.0039 0.0016 0.0025 0.0023 0.0022 0.0023 
0.0837 0.0854 0.1125 0.2305 0.0428 0.0125 0.0080 0.0198 0.0251 0.0131 0.0291 0.0428 0.0368 0.0444 0.1131 0.2481 0.1934 0.0814 0.0238 0.0418 0.1239 0.2099 0.2045 0.1377 0.1135 0.1341 0.1461 0.1600 0.1898 0.1216 0.0856 0.0790 0.0594 0.0189 0.0082 0.0053 0.0094 0.0061 0.0069 0.0065 0.0016 0.0019 0.0047 0.0036 0.0036 0.0027 0.0055 0.0084 0.0066 0.0024 0.0029 0.0025 0.0037 0.0037 0.0028 0.0031 0.0027 0.0019 0.0028 0.0022 0.0025 0.0022 0.0024 0.0024 
0.0103 0.0716 0.1468 0.3864 0.0671 0.0115 0.0178 0.0207 0.0356 0.0194 0.0393 0.0383 0.0395 0.0459 0.1047 0.2209 0.2871 0.1473 0.0731 0.0771 0.1944 0.3624 0.4404 0.2247 0.1628 0.2568 0.2530 0.1901 0.2530 0.1480 0.1449 0.1672 0.0790 0.0673 0.0215 0.0104 0.0067 0.0057 0.0066 0.0047 0.0045 0.0052 0.0055 0.0037 0.0023 0.0018 0.0023 0.0050 0.0035 0.0035 0.0024 0.0040 0.0036 0.0034 0.0025 0.0031 0.0029 0.0026 0.0028 0.0026 0.0024 0.0022 0.0029 0.0026 
0.0240 0.0645 0.1716 0.3610 0.0797 0.0405 0.0149 0.0078 0.0321 0.0223 0.0471 0.0326 0.0419 0.0713 0.1337 0.3050 0.3621 0.2681 0.1045 0.0951 0.1490 0.2795 0.3377 0.2596 0.2171 0.3105 0.3431 0.3142 0.2335 0.1361 0.2102 0.2150 0.0881 0.0583 0.0249 0.0175 0.0048 0.0040 0.0048 0.0054 0.0039 0.0041 0.0049 0.0040 0.0036 0.0043 0.0035 0.0030 0.0026 0.0019 0.0021 0.0026 0.0027 0.0027 0.0024 0.0021 0.0024 0.0027 0.0019 0.0022 0.0019 0.0021 0.0022 0.0024 
0.0275 0.0704 0.2084 0.3105 0.0686 0.0445 0.0141 0.0256 0.0435 0.0143 0.0328 0.0158 0.0301 0.0598 0.1139 0.2214 0.2356 0.3355 0.0768 0.1043 0.1286 0.3499 0.4299 0.3562 0.1518 0.2816 0.3223 0.1844 0.3286 0.1954 0.3055 0.1238 0.0874 0.0785 0.0284 0.0125 0.0129 0.0126 0.0118 0.0101 0.0095 0.0087 0.0081 0.0078 0.0077 0.0076 0.0063 0.0062 0.0086 0.0059 0.0062 0.0072 0.0062 0.0058 0.0057 0.0061 0.0060 0.0061 0.0050 0.0054 0.0054 0.0055 0.0055 0.0055 
0.0037 0.0786 0.2503 0.2505 0.0778 0.0490 0.0299 0.0308 0.0188 0.0183 0.0319 0.0153 0.0326 0.0340 0.0970 0.1640 0.2281 0.3610 0.1051 0.1265 0.1157 0.2716 0.4098 0.3957 0.2297 0.2772 0.3426 0.2460 0.3088 0.1345 0.2167 0.1293 0.0685 0.0671 0.0098 0.0098 0.0102 0.0076 0.0080 0.0035 0.0028 0.0022 0.0027 0.0021 0.0023 0.0027 0.0017 0.0031 0.0066 0.0040 0.0008 0.0013 0.0015 0.0013 0.0010 0.0010 0.0012 0.0013 0.0015 0.0011 0.0012 0.0012 0.0011 0.0011 
0.0148 0.0785 0.1812 0.1901 0.1208 0.0305 0.0284 0.0078 0.0242 0.0152 0.0321 0.0285 0.0217 0.0139 0.0558 0.0984 0.1630 0.2022 0.1304 0.0732 0.1900 0.3132 0.4699 0.3036 0.1491 0.2786 0.1754 0.1774 0.2890 0.2338 0.1791 0.2121 0.0398 0.0899 0.0161 0.0231 0.0112 0.0122 0.0077 0.0054 0.0051 0.0051 0.0041 0.0043 0.0038 0.0034 0.0036 0.0026 0.0043 0.0102 0.0038 0.0055 0.0046 0.0042 0.0041 0.0040 0.0036 0.0039 0.0046 0.0037 0.0033 0.0037 0.0038 0.0034 
0.0078 0.0985 0.1094 0.1407 0.1122 0.0338 0.0168 0.0187 0.0337 0.0146 0.0143 0.0310 0.0193 0.0191 0.0495 0.0611 0.1403 0.1265 0.0420 0.0263 0.1130 0.1833 0.2986 0.2993 0.1821 0.2392 0.2137 0.1995 0.2047 0.1547 0.1878 0.1747 0.0682 0.0653 0.0311 0.0104 0.0128 0.0117 0.0096 0.0083 0.0076 0.0071 0.0068 0.0059 0.0062 0.0058 0.0057 0.0052 0.0217 0.0061 0.0049 0.0066 0.0059 0.0055 0.0054 0.0052 0.0049 0.0047 0.0055 0.0058 0.0059 0.0053 0.0056 0.0051 
0.0191 0.1222 0.0595 0.1246 0.0650 0.0359 0.0185 0.0223 0.0273 0.0266 0.0237 0.0256 0.0160 0.0209 0.0594 0.0552 0.1051 0.1775 0.0305 0.0398 0.1172 0.1629 0.2903 0.3251 0.0622 0.1718 0.1619 0.1789 0.2103 0.1044 0.2378 0.1311 0.0974 0.0812 0.0255 0.0336 0.0265 0.0073 0.0139 0.0094 0.0081 0.0070 0.0065 0.0060 0.0052 0.0054 0.0045 0.0050 0.0146 0.0044 0.0019 0.0045 0.0027 0.0024 0.0016 0.0016 0.0016 0.0016 0.0022 0.0007 0.0007 0.0005 0.0004 0.0002 
0.0640 0.0706 0.0511 0.0787 0.0502 0.0307 0.0186 0.0231 0.0250 0.0230 0.0277 0.0153 0.0305 0.0165 0.0319 0.0412 0.0388 0.0666 0.0447 0.1086 0.0486 0.1239 0.1250 0.1921 0.1086 0.0683 0.0762 0.0827 0.1408 0.1071 0.1381 0.0782 0.0545 0.0418 0.0290 0.0273 0.0136 0.0137 0.0104 0.0105 0.0088 0.0079 0.0069 0.0062 0.0054 0.0052 0.0041 0.0047 0.0105 0.0096 0.0048 0.0044 0.0047 0.0029 0.0025 0.0024 0.0020 0.0019 0.0017 0.0018 0.0009 0.0007 0.0004 0.0002 
0.0138 0.0860 0.0685 0.0726 0.0386 0.0267 0.0091 0.0147 0.0151 0.0109 0.0092 0.0160 0.0115 0.0085 0.0209 0.0231 0.0449 0.0588 0.0212 0.0276 0.0446 0.0507 0.0694 0.1028 0.0528 0.0543 0.0494 0.0200 0.0672 0.0390 0.0820 0.0309 0.0283 0.0271 0.0071 0.0088 0.0121 0.0072 0.0058 0.0042 0.0041 0.0041 0.0037 0.0036 0.0034 0.0035 0.0039 0.0051 0.0101 0.0035 0.0023 0.0025 0.0035 0.0027 0.0027 0.0025 0.0025 0.0028 0.0023 0.0026 0.0023 0.0023 0.0026 0.0024 
0.0088 0.0719 0.0357 0.0430 0.0319 0.0162 0.0062 0.0071 0.0106 0.0040 0.0026 0.0048 0.0081 0.0096 0.0101 0.0184 0.0231 0.0187 0.0128 0.0091 0.0201 0.0182 0.0329 0.0511 0.0111 0.0267 0.0389 0.0191 0.0232 0.0139 0.0451 0.0436 0.0224 0.0368 0.0094 0.0115 0.0050 0.0010 0.0006 0.0003 0.0005 0.0007 0.0004 0.0006 0.0003 0.0004 0.0005 0.0010 0.0017 0.0017 0.0009 0.0008 0.0013 0.0005 0.0003 0.0006 0.0005 0.0002 0.0005 0.0006 0.0003 0.0005 0.0003 0.0003 
0.0178 0.0541 0.0295 0.0274 0.0212 0.0060 0.0075 0.0016 0.0028 0.0004 0.0016 0.0022 0.0038 0.0033 0.0085 0.0086 0.0188 0.0222 0.0138 0.0106 0.0172 0.0276 0.0279 0.0241 0.0184 0.0171 0.0196 0.0133 0.0156 0.0218 0.0080 0.0122 0.0146 0.0099 0.0060 0.0047 0.0031 0.0007 0.0005 0.0003 0.0001 0.0003 0.0005 0.0002 0.0002 0.0003 0.0003 0.0004 0.0013 0.0007 0.0010 0.0009 0.0005 0.0002 0.0004 0.0003 0.0003 0.0003 0.0005 0.0004 0.0004 0.0004 0.0003 0.0004 
0.0091 0.0483 0.0331 0.0293 0.0130 0.0058 0.0030 0.0043 0.0031 0.0009 0.0020 0.0008 0.0019 0.0025 0.0042 0.0034 0.0069 0.0127 0.0062 0.0115 0.0063 0.0046 0.0071 0.0082 0.0162 0.0075 0.0052 0.0142 0.0075 0.0138 0.0074 0.0050 0.0025 0.0031 0.0024 0.0031 0.0031 0.0014 0.0016 0.0013 0.0014 0.0011 0.0010 0.0004 0.0013 0.0007 0.0010 0.0009 0.0012 0.0007 0.0009 0.0015 0.0011 0.0007 0.0010 0.0011 0.0011 0.0009 0.0009 0.0009 0.0009 0.0007 0.0008 0.0006 
0.0058 0.0331 0.0276 0.0142 0.0071 0.0021 0.0015 0.0015 0.0027 0.0003 0.0008 0.0006 0.0009 0.0016 0.0025 0.0029 0.0072 0.0069 0.0069 0.0060 0.0061 0.0050 0.0076 0.0054 0.0081 0.0037 0.0050 0.0084 0.0061 0.0091 0.0034 0.0045 0.0005 0.0016 0.0009 0.0009 0.0010 0.0009 0.0008 0.0006 0.0005 0.0004 0.0006 0.0004 0.0011 0.0005 0.0004 0.0006 0.0005 0.0005 0.0005 0.0008 0.0003 0.0003 0.0006 0.0006 0.0005 0.0004 0.0002 0.0004 0.0005 0.0002 0.0004 0.0002 
0.0030 0.0248 0.0088 0.0083 0.0053 0.0034 0.0019 0.0016 0.0017 0.0014 0.0006 0.0009 0.0011 0.0010 0.0006 0.0014 0.0064 0.0052 0.0075 0.0040 0.0020 0.0039 0.0028 0.0040 0.0060 0.0023 0.0019 0.0021 0.0035 0.0080 0.0034 0.0020 0.0009 0.0010 0.0013 0.0006 0.0009 0.0005 0.0004 0.0006 0.0003 0.0004 0.0003 0.0005 0.0007 0.0005 0.0005 0.0007 0.0003 0.0005 0.0002 0.0009 0.0003 0.0006 0.0005 0.0002 0.0005 0.0006 0.0005 0.0004 0.0002 0.0004 0.0002 0.0004 
0.0021 0.0220 0.0024 0.0073 0.0040 0.0016 0.0013 0.0012 0.0005 0.0005 0.0007 0.0008 0.0005 0.0016 0.0011 0.0017 0.0024 0.0039 0.0033 0.0014 0.0031 0.0029 0.0024 0.0023 0.0031 0.0008 0.0010 0.0017 0.0027 0.0045 0.0018 0.0011 0.0009 0.0009 0.0009 0.0007 0.0007 0.0006 0.0007 0.0003 0.0002 0.0005 0.0003 0.0001 0.0011 0.0004 0.0005 0.0005 0.0008 0.0007 0.0006 0.0003 0.0006 0.0006 0.0004 0.0003 0.0003 0.0003 0.0003 0.0003 0.0004 0.0006 0.0006 0.0002 
0.0037 0.0233 0.0040 0.0081 0.0018 0.0009 0.0007 0.0005 0.0004 0.0003 0.0004 0.0003 0.0003 0.0004 0.0003 0.0003 0.0008 0.0022 0.0016 0.0022 0.0006 0.0011 0.0018 0.0015 0.0020 0.0010 0.0015 0.0009 0.0011 0.0008 0.0017 0.0006 0.0012 0.0008 0.0009 0.0006 0.0003 0.0002 0.0004 0.0002 0.0002 0.0006 0.0004 0.0004 0.0005 0.0003 0.0006 0.0004 0.0009 0.0004 0.0003 0.0005 0.0004 0.0002 0.0003 0.0004 0.0005 0.0003 0.0003 0.0002 0.0002 0.0002 0.0006 0.0004 
0.0027 0.0216 0.0038 0.0090 0.0030 0.0016 0.0006 0.0005 0.0006 0.0003 0.0002 0.0005 0.0004 0.0004 0.0005 0.0004 0.0008 0.0018 0.0010 0.0009 0.0003 0.0012 0.0010 0.0012 0.0017 0.0006 0.0003 0.0003 0.0008 0.0007 0.0008 0.0007 0.0012 0.0008 0.0003 0.0002 0.0005 0.0003 0.0003 0.0004 0.0003 0.0003 0.0008 0.0004 0.0002 0.0005 0.0003 0.0006 0.0006 0.0004 0.0002 0.0004 0.0002 0.0002 0.0005 0.0005 0.0007 0.0004 0.0003 0.0004 0.0002 0.0003 0.0003 0.0003 
0.0032 0.0165 0.0023 0.0055 0.0042 0.0017 0.0010 0.0008 0.0006 0.0002 0.0003 0.0006 0.0003 0.0004 0.0004 0.0006 0.0003 0.0005 0.0007 0.0004 0.0006 0.0006 0.0003 0.0005 0.0009 0.0006 0.0004 0.0002 0.0009 0.0004 0.0005 0.0007 0.0005 0.0002 0.0006 0.0003 0.0004 0.0002 0.0004 0.0003 0.0003 0.0001 0.0004 0.0006 0.0003 0.0008 0.0003 0.0009 0.0001 0.0003 0.0002 0.0005 0.0002 0.0002 0.0006 0.0003 0.0002 0.0006 0.0003 0.0004 0.0005 0.0004 0.0003 0.0004 
0.0031 0.0122 0.0016 0.0044 0.0027 0.0018 0.0010 0.0010 0.0006 0.0007 0.0007 0.0007 0.0004 0.0002 0.0005 0.0004 0.0005 0.0004 0.0005 0.0002 0.0004 0.0004 0.0003 0.0005 0.0002 0.0007 0.0006 0.0004 0.0006 0.0002 0.0002 0.0003 0.0003 0.0008 0.0005 0.0005 0.0007 0.0003 0.0004 0.0001 0.0003 0.0006 0.0005 0.0004 0.0004 0.0005 0.0006 0.0005 0.0002 0.0005 0.0006 0.0005 0.0002 0.0003 0.0006 0.0002 0.0005 0.0005 0.0005 0.0006 0.0003 0.0004 0.0006 0.0004 
0.0012 0.0119 0.0013 0.0040 0.0007 0.0006 0.0003 0.0004 0.0004 0.0001 0.0003 0.0003 0.0002 0.0002 0.0003 0.0001 0.0004 0.0001 0.0003 0.0003 0.0002 0.0004 0.0005 0.0003 0.0002 0.0003 0.0002 0.0003 0.0003 0.0002 0.0005 0.0003 0.0006 0.0008 0.0004 0.0004 0.0002 0.0003 0.0004 0.0003 0.0002 0.0004 0.0004 0.0003 0.0005 0.0004 0.0003 0.0004 0.0002 0.0008 0.0006 0.0006 0.0005 0.0003 0.0002 0.0003 0.0002 0.0003 0.0003 0.0004 0.0004 0.0000 0.0003 0.0002 
0.0012 0.0103 0.0010 0.0013 0.0005 0.0002 0.0004 0.0001 0.0004 0.0003 0.0002 0.0002 0.0003 0.0001 0.0001 0.0003 0.0002 0.0002 0.0001 0.0002 0.0006 0.0003 0.0004 0.0004 0.0003 0.0002 0.0003 0.0002 0.0003 0.0001 0.0003 0.0004 0.0003 0.0003 0.0008 0.0001 0.0003 0.0002 0.0005 0.0003 0.0004 0.0003 0.0004 0.0003 0.0005 0.0002 0.0001 0.0007 0.0002 0.0004 0.0002 0.0004 0.0002 0.0004 0.0004 0.0001 0.0004 0.0004 0.0002 0.0003 0.0003 0.0003 0.0002 0.0002 
0.0017 0.0084 0.0015 0.0008 0.0003 0.0003 0.0003 0.0002 0.0003 0.0002 0.0002 0.0001 0.0003 0.0001 0.0003 0.0003 0.0003 0.0004 0.0002 0.0003 0.0004 0.0002 0.0002 0.0003 0.0005 0.0003 0.0003 0.0003 0.0002 0.0003 0.0005 0.0002 0.0003 0.0004 0.0002 0.0006 0.0002 0.0002 0.0003 0.0004 0.0003 0.0001 0.0002 0.0005 0.0005 0.0003 0.0006 0.0006 0.0006 0.0002 0.0004 0.0002 0.0001 0.0006 0.0003 0.0003 0.0004 0.0004 0.0002 0.0001 0.0002 0.0005 0.0004 0.0004 
0.0018 0.0063 0.0006 0.0011 0.0005 0.0001 0.0002 0.0002 0.0002 0.0002 0.0003 0.0002 0.0005 0.0004 0.0002 0.0003 0.0004 0.0003 0.0002 0.0001 0.0001 0.0002 0.0004 0.0003 0.0003 0.0002 0.0005 0.0002 0.0002 0.0003 0.0003 0.0004 0.0003 0.0004 0.0004 0.0002 0.0003 0.0003 0.0003 0.0002 0.0002 0.0002 0.0004 0.0004 0.0004 0.0001 0.0003 0.0005 0.0004 0.0005 0.0002 0.0007 0.0003 0.0005 0.0004 0.0005 0.0005 0.0002 0.0005 0.0005 0.0005 0.0002 0.0002 0.0003 
0.0010 0.0057 0.0006 0.0007 0.0005 0.0003 0.0002 0.0002 0.0002 0.0004 0.0004 0.0003 0.0004 0.0005 0.0002 0.0003 0.0002 0.0002 0.0003 0.0002 0.0002 0.0001 0.0002 0.0002 0.0003 0.0002 0.0003 0.0003 0.0002 0.0002 0.0003 0.0007 0.0003 0.0006 0.0003 0.0002 0.0005 0.0003 0.0004 0.0001 0.0003 0.0002 0.0002 0.0001 0.0004 0.0003 0.0003 0.0002 0.0005 0.0002 0.0002 0.0002 0.0006 0.0003 0.0004 0.0004 0.0005 0.0002 0.0003 0.0006 0.0002 0.0003 0.0003 0.0003 
0.0007 0.0053 0.0009 0.0008 0.0004 0.0003 0.0002 0.0003 0.0002 0.0004 0.0002 0.0005 0.0004 0.0002 0.0003 0.0002 0.0002 0.0002 0.0002 0.0002 0.0003 0.0005 0.0003 0.0003 0.0002 0.0004 0.0002 0.0002 0.0002 0.0006 0.0002 0.0002 0.0003 0.0004 0.0004 0.0004 0.0003 0.0004 0.0004 0.0004 0.0010 0.0003 0.0002 0.0004 0.0006 0.0003 0.0003 0.0007 0.0004 0.0001 0.0003 0.0004 0.0003 0.0006 0.0003 0.0002 0.0003 0.0003 0.0003 0.0005 0.0002 0.0003 0.0003 0.0005 
0.0012 0.0043 0.0006 0.0003 0.0001 0.0001 0.0001 0.0001 0.0002 0.0004 0.0002 0.0002 0.0004 0.0002 0.0002 0.0002 0.0003 0.0004 0.0002 0.0003 0.0002 0.0004 0.0001 0.0002 0.0003 0.0002 0.0002 0.0001 0.0002 0.0003 0.0004 0.0004 0.0004 0.0004 0.0002 0.0003 0.0004 0.0004 0.0003 0.0002 0.0005 0.0002 0.0004 0.0005 0.0004 0.0001 0.0006 0.0005 0.0004 0.0008 0.0004 0.0006 0.0002 0.0006 0.0005 0.0004 0.0003 0.0002 0.0004 0.0004 0.0005 0.0002 0.0003 0.0006 
0.0006 0.0036 0.0003 0.0006 0.0002 0.0002 0.0001 0.0004 0.0001 0.0004 0.0004 0.0004 0.0005 0.0002 0.0001 0.0003 0.0002 0.0003 0.0002 0.0002 0.0004 0.0002 0.0003 0.0003 0.0001 0.0002 0.0002 0.0005 0.0002 0.0003 0.0003 0.0002 0.0003 0.0004 0.0005 0.0002 0.0003 0.0004 0.0004 0.0005 0.0001 0.0002 0.0003 0.0003 0.0006 0.0008 0.0002 0.0004 0.0003 0.0005 0.0003 0.0005 0.0006 0.0003 0.0002 0.0003 0.0002 0.0003 0.0005 0.0007 0.0002 0.0003 0.0004 0.0003 
0.0002 0.0023 0.0002 0.0004 0.0001 0.0003 0.0001 0.0004 0.0001 0.0001 0.0005 0.0003 0.0002 0.0002 0.0002 0.0003 0.0001 0.0003 0.0002 0.0002 0.0004 0.0005 0.0003 0.0002 0.0001 0.0002 0.0003 0.0002 0.0005 0.0003 0.0004 0.0002 0.0003 0.0003 0.0002 0.0003 0.0002 0.0003 0.0003 0.0005 0.0003 0.0002 0.0001 0.0002 0.0005 0.0004 0.0008 0.0009 0.0004 0.0003 0.0004 0.0002 0.0008 0.0006 0.0003 0.0003 0.0004 0.0002 0.0004 0.0004 0.0005 0.0004 0.0005 0.0005 
0.0006 0.0018 0.0004 0.0005 0.0002 0.0001 0.0001 0.0001 0.0003 0.0002 0.0004 0.0002 0.0001 0.0001 0.0001 0.0001 0.0002 0.0002 0.0002 0.0002 0.0003 0.0003 0.0003 0.0003 0.0003 0.0003 0.0002 0.0004 0.0004 0.0002 0.0002 0.0002 0.0005 0.0003 0.0003 0.0004 0.0002 0.0005 0.0004 0.0004 0.0002 0.0005 0.0003 0.0003 0.0007 0.0004 0.0004 0.0004 0.0007 0.0005 0.0003 0.0003 0.0005 0.0003 0.0005 0.0003 0.0005 0.0003 0.0002 0.0003 0.0004 0.0004 0.0004 0.0007 
0.0002 0.0017 0.0002 0.0004 0.0001 0.0001 0.0001 0.0002 0.0001 0.0002 0.0002 0.0001 0.0002 0.0002 0.0001 0.0003 0.0002 0.0001 0.0003 0.0004 0.0003 0.0003 0.0004 0.0002 0.0002 0.0002 0.0004 0.0002 0.0002 0.0002 0.0001 0.0003 0.0003 0.0004 0.0002 0.0002 0.0002 0.0002 0.0003 0.0002 0.0002 0.0002 0.0003 0.0004 0.0002 0.0004 0.0005 0.0004 0.0004 0.0005 0.0002 0.0003 0.0006 0.0002 0.0002 0.0004 0.0003 0.0002 0.0003 0.0005 0.0003 0.0002 0.0004 0.0001 
0.0004 0.0017 0.0003 0.0002 0.0002 0.0002 0.0002 0.0001 0.0002 0.0002 0.0002 0.0002 0.0002 0.0001 0.0009 0.0003 0.0003 0.0005 0.0001 0.0002 0.0003 0.0001 0.0002 0.0003 0.0003 0.0003 0.0003 0.0002 0.0002 0.0003 0.0003 0.0003 0.0003 0.0003 0.0002 0.0002 0.0003 0.0002 0.0002 0.0004 0.0003 0.0006 0.0001 0.0002 0.0003 0.0001 0.0003 0.0006 0.0003 0.0004 0.0004 0.0004 0.0003 0.0003 0.0003 0.0003 0.0004 0.0002 0.0003 0.0003 0.0004 0.0003 0.0002 0.0003 
0.0002 0.0015 0.0001 0.0001 0.0001 0.0001 0.0002 0.0002 0.0002 0.0003 0.0004 0.0006 0.0003 0.0002 0.0004 0.0002 0.0002 0.0002 0.0002 0.0005 0.0001 0.0002 0.0002 0.0001 0.0005 0.0002 0.0002 0.0001 0.0002 0.0003 0.0003 0.0003 0.0004 0.0003 0.0003 0.0004 0.0003 0.0002 0.0001 0.0004 0.0004 0.0009 0.0003 0.0005 0.0005 0.0002 0.0004 0.0003 0.0005 0.0003 0.0003 0.0003 0.0005 0.0004 0.0005 0.0004 0.0004 0.0002 0.0004 0.0003 0.0003 0.0002 0.0003 0.0002 
