0.0000 0.0001 0.0001 0.0002 0.0001 0.0001 0.0002 0.0001 0.0001 0.0003 0.0002 0.0002 0.0003 0.0002 0.0002 0.0003 0.0002 0.0002 0.0003 0.0003 0.0003 0.0007 0.0002 0.0002 0.0001 0.0001 0.0003 0.0002 0.0006 0.0003 0.0002 0.0003 0.0002 0.0002 0.0005 0.0005 0.0003 0.0004 0.0003 0.0003 0.0009 0.0009 0.0003 0.0003 0.0005 0.0006 0.0004 0.0004 0.0007 0.0005 0.0002 0.0005 0.0002 0.0003 0.0001 0.0002 0.0002 0.0003 0.0004 0.0003 0.0003 0.0003 0.0003 0.0003 
0.0002 0.0001 0.0002 0.0002 0.0001 0.0004 0.0002 0.0002 0.0002 0.0001 0.0003 0.0001 0.0003 0.0001 0.0003 0.0003 0.0001 0.0002 0.0002 0.0002 0.0001 0.0003 0.0002 0.0002 0.0003 0.0003 0.0003 0.0003 0.0003 0.0000 0.0004 0.0002 0.0003 0.0002 0.0003 0.0002 0.0003 0.0005 0.0005 0.0004 0.0004 0.0006 0.0005 0.0002 0.0005 0.0002 0.0002 0.0005 0.0005 0.0005 0.0003 0.0006 0.0004 0.0006 0.0003 0.0002 0.0003 0.0002 0.0002 0.0005 0.0003 0.0003 0.0002 0.0002 
0.0001 0.0002 0.0001 0.0002 0.0001 0.0003 0.0001 0.0001 0.0003 0.0002 0.0002 0.0002 0.0001 0.0002 0.0002 0.0002 0.0001 0.0003 0.0002 0.0004 0.0002 0.0003 0.0008 0.0003 0.0002 0.0002 0.0001 0.0005 0.0004 0.0003 0.0004 0.0003 0.0002 0.0001 0.0003 0.0003 0.0004 0.0006 0.0006 0.0006 0.0004 0.0004 0.0003 0.0003 0.0005 0.0005 0.0003 0.0004 0.0006 0.0006 0.0002 0.0001 0.0005 0.0004 0.0002 0.0002 0.0002 0.0003 0.0004 0.0003 0.0002 0.0003 0.0002 0.0003 
0.0002 0.0001 0.0001 0.0003 0.0002 0.0002 0.0003 0.0002 0.0003 0.0002 0.0002 0.0001 0.0002 0.0001 0.0002 0.0002 0.0001 0.0002 0.0002 0.0002 0.0002 0.0004 0.0006 0.0005 0.0003 0.0003 0.0003 0.0003 0.0004 0.0002 0.0001 0.0003 0.0002 0.0002 0.0003 0.0004 0.0004 0.0003 0.0004 0.0002 0.0002 0.0001 0.0004 0.0003 0.0003 0.0005 0.0002 0.0003 0.0004 0.0002 0.0004 0.0003 0.0005 0.0004 0.0003 0.0005 0.0004 0.0001 0.0005 0.0003 0.0002 0.0002 0.0004 0.0003 
0.0001 0.0001 0.0001 0.0003 0.0003 0.0001 0.0002 0.0002 0.0001 0.0001 0.0002 0.0001 0.0005 0.0001 0.0001 0.0003 0.0003 0.0003 0.0001 0.0003 0.0002 0.0004 0.0002 0.0004 0.0001 0.0002 0.0001 0.0003 0.0003 0.0004 0.0001 0.0004 0.0003 0.0003 0.0003 0.0003 0.0003 0.0002 0.0003 0.0004 0.0003 0.0003 0.0002 0.0003 0.0003 0.0003 0.0002 0.0004 0.0002 0.0007 0.0004 0.0003 0.0003 0.0005 0.0006 0.0003 0.0003 0.0001 0.0002 0.0003 0.0003 0.0003 0.0003 0.0002 
0.0001 0.0002 0.0002 0.0001 0.0001 0.0001 0.0002 0.0002 0.0001 0.0002 0.0002 0.0003 0.0002 0.0002 0.0003 0.0001 0.0003 0.0002 0.0003 0.0002 0.0003 0.0005 0.0001 0.0008 0.0003 0.0002 0.0004 0.0004 0.0004 0.0002 0.0002 0.0004 0.0003 0.0005 0.0003 0.0002 0.0001 0.0004 0.0005 0.0005 0.0003 0.0005 0.0005 0.0003 0.0003 0.0003 0.0003 0.0005 0.0004 0.0005 0.0003 0.0004 0.0002 0.0003 0.0003 0.0004 0.0002 0.0004 0.0003 0.0002 0.0001 0.0002 0.0002 0.0005 
0.0002 0.0001 0.0001 0.0001 0.0001 0.0001 0.0002 0.0002 0.0003 0.0002 0.0003 0.0006 0.0004 0.0001 0.0001 0.0001 0.0001 0.0003 0.0002 0.0002 0.0007 0.0002 0.0004 0.0004 0.0004 0.0002 0.0002 0.0004 0.0003 0.0005 0.0003 0.0003 0.0002 0.0003 0.0004 0.0002 0.0003 0.0003 0.0005 0.0004 0.0004 0.0004 0.0003 0.0003 0.0002 0.0004 0.0004 0.0005 0.0002 0.0004 0.0002 0.0004 0.0006 0.0006 0.0003 0.0005 0.0004 0.0004 0.0002 0.0003 0.0002 0.0004 0.0003 0.0005 
0.0002 0.0001 0.0001 0.0001 0.0002 0.0001 0.0002 0.0003 0.0003 0.0003 0.0001 0.0003 0.0001 0.0002 0.0003 0.0001 0.0003 0.0003 0.0003 0.0002 0.0003 0.0001 0.0002 0.0000 0.0002 0.0001 0.0001 0.0002 0.0002 0.0001 0.0003 0.0002 0.0003 0.0003 0.0004 0.0003 0.0004 0.0003 0.0003 0.0005 0.0006 0.0005 0.0004 0.0005 0.0003 0.0006 0.0002 0.0002 0.0004 0.0005 0.0005 0.0003 0.0002 0.0003 0.0002 0.0003 0.0004 0.0003 0.0003 0.0003 0.0005 0.0004 0.0003 0.0001 
0.0002 0.0000 0.0001 0.0001 0.0001 0.0001 0.0003 0.0002 0.0002 0.0002 0.0002 0.0002 0.0002 0.0003 0.0002 0.0001 0.0002 0.0003 0.0001 0.0001 0.0001 0.0003 0.0003 0.0002 0.0001 0.0002 0.0002 0.0003 0.0004 0.0002 0.0004 0.0003 0.0004 0.0007 0.0002 0.0001 0.0007 0.0003 0.0005 0.0004 0.0005 0.0003 0.0004 0.0005 0.0002 0.0003 0.0002 0.0004 0.0008 0.0005 0.0003 0.0009 0.0003 0.0006 0.0002 0.0003 0.0002 0.0003 0.0003 0.0002 0.0002 0.0002 0.0004 0.0003 
0.0003 0.0002 0.0001 0.0002 0.0001 0.0002 0.0001 0.0001 0.0003 0.0001 0.0001 0.0003 0.0001 0.0004 0.0001 0.0003 0.0003 0.0002 0.0002 0.0005 0.0002 0.0006 0.0002 0.0004 0.0003 0.0002 0.0003 0.0001 0.0003 0.0004 0.0002 0.0005 0.0004 0.0004 0.0002 0.0002 0.0004 0.0001 0.0003 0.0005 0.0002 0.0005 0.0002 0.0003 0.0006 0.0003 0.0003 0.0002 0.0005 0.0004 0.0003 0.0005 0.0004 0.0003 0.0004 0.0003 0.0002 0.0002 0.0004 0.0003 0.0002 0.0006 0.0003 0.0003 
0.0002 0.0002 0.0003 0.0004 0.0001 0.0003 0.0001 0.0001 0.0002 0.0002 0.0003 0.0003 0.0002 0.0002 0.0003 0.0002 0.0005 0.0002 0.0002 0.0003 0.0004 0.0001 0.0002 0.0003 0.0004 0.0002 0.0002 0.0004 0.0002 0.0004 0.0004 0.0003 0.0002 0.0007 0.0003 0.0002 0.0009 0.0002 0.0003 0.0006 0.0003 0.0003 0.0003 0.0004 0.0003 0.0004 0.0004 0.0003 0.0003 0.0005 0.0002 0.0003 0.0004 0.0003 0.0005 0.0002 0.0002 0.0003 0.0001 0.0002 0.0003 0.0003 0.0002 0.0002 
0.0004 0.0001 0.0001 0.0004 0.0001 0.0002 0.0003 0.0002 0.0003 0.0003 0.0002 0.0002 0.0002 0.0002 0.0002 0.0003 0.0004 0.0001 0.0002 0.0002 0.0002 0.0002 0.0004 0.0004 0.0002 0.0002 0.0003 0.0003 0.0004 0.0002 0.0004 0.0004 0.0003 0.0007 0.0002 0.0002 0.0003 0.0003 0.0005 0.0002 0.0004 0.0006 0.0005 0.0004 0.0003 0.0002 0.0005 0.0002 0.0009 0.0005 0.0003 0.0002 0.0003 0.0002 0.0003 0.0004 0.0004 0.0003 0.0004 0.0003 0.0003 0.0004 0.0003 0.0003 
0.0006 0.0001 0.0002 0.0002 0.0002 0.0002 0.0001 0.0001 0.0003 0.0001 0.0003 0.0001 0.0000 0.0002 0.0001 0.0004 0.0002 0.0000 0.0001 0.0003 0.0004 0.0001 0.0003 0.0003 0.0003 0.0001 0.0005 0.0004 0.0003 0.0005 0.0001 0.0004 0.0003 0.0004 0.0002 0.0003 0.0002 0.0003 0.0008 0.0002 0.0007 0.0006 0.0003 0.0002 0.0003 0.0004 0.0002 0.0003 0.0007 0.0010 0.0004 0.0002 0.0003 0.0006 0.0002 0.0001 0.0003 0.0003 0.0002 0.0001 0.0006 0.0004 0.0002 0.0003 
0.0005 0.0003 0.0001 0.0001 0.0003 0.0002 0.0001 0.0003 0.0002 0.0001 0.0001 0.0001 0.0003 0.0001 0.0001 0.0001 0.0003 0.0001 0.0004 0.0003 0.0003 0.0002 0.0002 0.0003 0.0003 0.0002 0.0001 0.0004 0.0003 0.0004 0.0004 0.0003 0.0005 0.0001 0.0002 0.0003 0.0002 0.0002 0.0002 0.0002 0.0005 0.0001 0.0004 0.0005 0.0002 0.0004 0.0003 0.0004 0.0009 0.0002 0.0004 0.0005 0.0002 0.0007 0.0001 0.0002 0.0004 0.0003 0.0003 0.0003 0.0006 0.0005 0.0003 0.0004 
0.0005 0.0005 0.0001 0.0003 0.0002 0.0002 0.0001 0.0002 0.0001 0.0002 0.0002 0.0002 0.0001 0.0001 0.0001 0.0002 0.0004 0.0001 0.0003 0.0004 0.0002 0.0002 0.0005 0.0003 0.0003 0.0003 0.0003 0.0003 0.0003 0.0002 0.0003 0.0002 0.0002 0.0002 0.0003 0.0002 0.0002 0.0001 0.0002 0.0003 0.0005 0.0001 0.0002 0.0005 0.0003 0.0002 0.0003 0.0004 0.0006 0.0001 0.0004 0.0004 0.0004 0.0006 0.0002 0.0005 0.0001 0.0004 0.0002 0.0004 0.0003 0.0003 0.0004 0.0003 
0.0005 0.0005 0.0002 0.0002 0.0001 0.0001 0.0002 0.0001 0.0002 0.0003 0.0003 0.0003 0.0002 0.0002 0.0001 0.0002 0.0004 0.0002 0.0003 0.0003 0.0002 0.0003 0.0004 0.0004 0.0003 0.0003 0.0004 0.0004 0.0002 0.0003 0.0003 0.0002 0.0002 0.0004 0.0002 0.0004 0.0004 0.0003 0.0003 0.0004 0.0005 0.0005 0.0003 0.0003 0.0003 0.0001 0.0003 0.0002 0.0007 0.0004 0.0002 0.0007 0.0002 0.0002 0.0006 0.0006 0.0003 0.0004 0.0006 0.0003 0.0003 0.0003 0.0004 0.0005 
0.0004 0.0002 0.0002 0.0002 0.0002 0.0002 0.0002 0.0002 0.0003 0.0004 0.0003 0.0003 0.0003 0.0001 0.0003 0.0000 0.0002 0.0001 0.0003 0.0002 0.0003 0.0005 0.0002 0.0002 0.0005 0.0002 0.0003 0.0002 0.0002 0.0003 0.0005 0.0001 0.0004 0.0004 0.0002 0.0003 0.0003 0.0004 0.0002 0.0003 0.0004 0.0003 0.0002 0.0002 0.0002 0.0002 0.0004 0.0003 0.0004 0.0004 0.0005 0.0004 0.0005 0.0003 0.0002 0.0005 0.0008 0.0003 0.0004 0.0004 0.0002 0.0004 0.0001 0.0004 
0.0001 0.0001 0.0001 0.0003 0.0001 0.0002 0.0001 0.0002 0.0003 0.0004 0.0001 0.0003 0.0002 0.0003 0.0001 0.0001 0.0002 0.0002 0.0002 0.0004 0.0003 0.0003 0.0002 0.0004 0.0007 0.0002 0.0001 0.0002 0.0004 0.0008 0.0008 0.0003 0.0003 0.0004 0.0002 0.0003 0.0003 0.0002 0.0001 0.0002 0.0005 0.0005 0.0003 0.0007 0.0004 0.0002 0.0004 0.0003 0.0002 0.0003 0.0004 0.0004 0.0003 0.0001 0.0005 0.0004 0.0004 0.0003 0.0003 0.0004 0.0003 0.0003 0.0003 0.0002 
0.0002 0.0001 0.0001 0.0001 0.0002 0.0001 0.0001 0.0002 0.0001 0.0003 0.0003 0.0007 0.0002 0.0004 0.0002 0.0002 0.0002 0.0001 0.0002 0.0002 0.0002 0.0004 0.0004 0.0003 0.0005 0.0003 0.0001 0.0002 0.0004 0.0002 0.0003 0.0002 0.0002 0.0004 0.0003 0.0004 0.0003 0.0003 0.0003 0.0003 0.0005 0.0002 0.0004 0.0006 0.0002 0.0003 0.0003 0.0003 0.0007 0.0004 0.0004 0.0005 0.0004 0.0002 0.0003 0.0007 0.0004 0.0001 0.0004 0.0004 0.0003 0.0004 0.0003 0.0002 
0.0002 0.0000 0.0002 0.0001 0.0001 0.0003 0.0001 0.0001 0.0003 0.0001 0.0001 0.0003 0.0001 0.0003 0.0001 0.0002 0.0002 0.0003 0.0002 0.0001 0.0002 0.0004 0.0001 0.0004 0.0003 0.0005 0.0002 0.0003 0.0005 0.0002 0.0003 0.0002 0.0002 0.0009 0.0003 0.0004 0.0003 0.0002 0.0003 0.0003 0.0005 0.0004 0.0002 0.0003 0.0005 0.0002 0.0003 0.0004 0.0003 0.0004 0.0002 0.0004 0.0004 0.0002 0.0004 0.0004 0.0002 0.0003 0.0004 0.0002 0.0002 0.0003 0.0004 0.0004 
0.0002 0.0001 0.0001 0.0001 0.0001 0.0002 0.0002 0.0004 0.0005 0.0002 0.0003 0.0001 0.0002 0.0002 0.0002 0.0002 0.0003 0.0002 0.0003 0.0002 0.0003 0.0004 0.0002 0.0004 0.0002 0.0003 0.0003 0.0002 0.0003 0.0002 0.0002 0.0001 0.0002 0.0002 0.0004 0.0003 0.0003 0.0007 0.0004 0.0002 0.0001 0.0003 0.0006 0.0002 0.0002 0.0002 0.0004 0.0003 0.0007 0.0002 0.0003 0.0005 0.0003 0.0004 0.0004 0.0006 0.0003 0.0003 0.0003 0.0001 0.0002 0.0003 0.0002 0.0003 
0.0002 0.0002 0.0001 0.0001 0.0002 0.0001 0.0001 0.0003 0.0003 0.0001 0.0002 0.0003 0.0006 0.0001 0.0003 0.0002 0.0002 0.0001 0.0002 0.0002 0.0003 0.0005 0.0002 0.0005 0.0001 0.0005 0.0002 0.0002 0.0003 0.0002 0.0003 0.0002 0.0010 0.0003 0.0008 0.0004 0.0003 0.0007 0.0001 0.0003 0.0002 0.0004 0.0003 0.0003 0.0005 0.0004 0.0001 0.0003 0.0005 0.0004 0.0006 0.0005 0.0002 0.0003 0.0003 0.0003 0.0002 0.0002 0.0003 0.0001 0.0003 0.0003 0.0002 0.0003 
0.0002 0.0002 0.0001 0.0001 0.0001 0.0002 0.0001 0.0001 0.0002 0.0001 0.0001 0.0002 0.0002 0.0002 0.0005 0.0002 0.0002 0.0001 0.0002 0.0003 0.0006 0.0001 0.0002 0.0001 0.0001 0.0006 0.0002 0.0002 0.0003 0.0002 0.0003 0.0001 0.0004 0.0003 0.0002 0.0004 0.0002 0.0004 0.0003 0.0003 0.0003 0.0004 0.0003 0.0005 0.0005 0.0002 0.0002 0.0002 0.0005 0.0007 0.0004 0.0003 0.0005 0.0006 0.0002 0.0003 0.0002 0.0002 0.0004 0.0002 0.0004 0.0005 0.0002 0.0003 
0.0002 0.0002 0.0001 0.0002 0.0002 0.0002 0.0002 0.0001 0.0001 0.0001 0.0004 0.0002 0.0002 0.0002 0.0003 0.0001 0.0001 0.0002 0.0002 0.0003 0.0004 0.0003 0.0001 0.0002 0.0003 0.0003 0.0001 0.0003 0.0002 0.0003 0.0002 0.0002 0.0006 0.0004 0.0004 0.0002 0.0005 0.0006 0.0001 0.0002 0.0004 0.0004 0.0004 0.0004 0.0003 0.0003 0.0002 0.0003 0.0003 0.0004 0.0006 0.0002 0.0003 0.0003 0.0003 0.0003 0.0002 0.0005 0.0004 0.0005 0.0002 0.0005 0.0003 0.0004 
0.0003 0.0002 0.0002 0.0002 0.0002 0.0005 0.0005 0.0003 0.0001 0.0004 0.0004 0.0008 0.0005 0.0009 0.0007 0.0005 0.0003 0.0003 0.0005 0.0005 0.0004 0.0003 0.0002 0.0002 0.0003 0.0005 0.0004 0.0007 0.0002 0.0005 0.0006 0.0002 0.0008 0.0003 0.0002 0.0003 0.0004 0.0009 0.0004 0.0004 0.0002 0.0003 0.0004 0.0002 0.0003 0.0002 0.0005 0.0006 0.0003 0.0006 0.0003 0.0003 0.0004 0.0003 0.0002 0.0004 0.0003 0.0007 0.0003 0.0002 0.0002 0.0004 0.0003 0.0003 
0.0002 0.0004 0.0017 0.0018 0.0017 0.0014 0.0017 0.0012 0.0015 0.0009 0.0012 0.0025 0.0025 0.0018 0.0032 0.0021 0.0024 0.0017 0.0025 0.0025 0.0026 0.0014 0.0012 0.0005 0.0010 0.0011 0.0020 0.0020 0.0023 0.0018 0.0009 0.0017 0.0014 0.0007 0.0012 0.0010 0.0009 0.0007 0.0013 0.0004 0.0003 0.0006 0.0003 0.0009 0.0005 0.0012 0.0008 0.0013 0.0012 0.0007 0.0004 0.0015 0.0014 0.0005 0.0006 0.0003 0.0004 0.0005 0.0002 0.0004 0.0002 0.0004 0.0002 0.0004 
0.0017 0.0100 0.0112 0.0088 0.0055 0.0055 0.0045 0.0017 0.0032 0.0013 0.0009 0.0037 0.0025 0.0064 0.0109 0.0096 0.0082 0.0100 0.0097 0.0055 0.0047 0.0032 0.0020 0.0030 0.0016 0.0044 0.0041 0.0105 0.0067 0.0083 0.0047 0.0019 0.0017 0.0009 0.0011 0.0047 0.0023 0.0016 0.0011 0.0011 0.0006 0.0007 0.0005 0.0011 0.0007 0.0028 0.0016 0.0017 0.0036 0.0012 0.0013 0.0025 0.0013 0.0004 0.0007 0.0003 0.0005 0.0008 0.0004 0.0003 0.0003 0.0003 0.0004 0.0003 
0.0068 0.0447 0.1007 0.1127 0.0748 0.0148 0.0123 0.0081 0.0067 0.0093 0.0028 0.0107 0.0155 0.0145 0.0421 0.1454 0.0953 0.0457 0.0295 0.0222 0.0172 0.0290 0.0185 0.0292 0.0272 0.0360 0.0836 0.0392 0.0462 0.0364 0.0097 0.0172 0.0033 0.0017 0.0019 0.0027 0.0027 0.0014 0.0010 0.0010 0.0011 0.0009 0.0006 0.0013 0.0015 0.0018 0.0017 0.0020 0.0025 0.0013 0.0013 0.0013 0.0010 0.0010 0.0011 0.0009 0.0008 0.0008 0.0007 0.0008 0.0010 0.0011 0.0010 0.0010 
0.0024 0.0814 0.0977 0.2069 0.1500 0.0360 0.0204 0.0143 0.0133 0.0114 0.0105 0.0094 0.0261 0.0182 0.0447 0.1612 0.2160 0.0405 0.0579 0.0555 0.0114 0.0235 0.0260 0.0563 0.0341 0.0886 0.1160 0.0708 0.0555 0.0282 0.0130 0.0424 0.0204 0.0048 0.0042 0.0051 0.0029 0.0036 0.0023 0.0020 0.0021 0.0015 0.0019 0.0015 0.0022 0.0031 0.0019 0.0033 0.0041 0.0018 0.0014 0.0021 0.0013 0.0016 0.0012 0.0015 0.0013 0.0008 0.0014 0.0012 0.0013 0.0012 0.0014 0.0009 
0.0182 0.1063 0.0805 0.1718 0.2524 0.0777 0.0450 0.0446 0.0192 0.0193 0.0225 0.0313 0.0380 0.0354 0.0962 0.2300 0.1783 0.0466 0.1343 0.0972 0.0431 0.0837 0.0903 0.0639 0.0444 0.0909 0.1532 0.1149 0.0597 0.0527 0.0418 0.0704 0.0232 0.0094 0.0066 0.0043 0.0040 0.0038 0.0037 0.0037 0.0035 0.0031 0.0027 0.0029 0.0023 0.0111 0.0062 0.0149 0.0159 0.0019 0.0018 0.0020 0.0025 0.0021 0.0020 0.0017 0.0016 0.0019 0.0016 0.0017 0.0020 0.0020 0.0017 0.0016 
0.0535 0.1094 0.0721 0.3075 0.2224 0.1733 0.0884 0.0437 0.0404 0.0418 0.0419 0.0427 0.0286 0.0696 0.0977 0.1865 0.2817 0.0717 0.0583 0.0757 0.0474 0.0640 0.0526 0.0776 0.0260 0.0931 0.0958 0.0880 0.0784 0.0488 0.0698 0.0710 0.0254 0.0069 0.0047 0.0040 0.0041 0.0039 0.0037 0.0039 0.0035 0.0024 0.0031 0.0032 0.0039 0.0148 0.0084 0.0454 0.0371 0.0073 0.0048 0.0040 0.0041 0.0035 0.0034 0.0028 0.0030 0.0031 0.0030 0.0028 0.0027 0.0027 0.0031 0.0028 
0.0555 0.0588 0.1494 0.2775 0.4160 0.1741 0.1218 0.0581 0.0534 0.0378 0.0334 0.0360 0.0555 0.1181 0.1460 0.3122 0.1746 0.0847 0.0975 0.1218 0.1470 0.1139 0.1123 0.1062 0.0572 0.0906 0.0558 0.1028 0.0795 0.0602 0.0565 0.0543 0.0174 0.0145 0.0053 0.0003 0.0011 0.0009 0.0009 0.0010 0.0011 0.0008 0.0008 0.0027 0.0081 0.0130 0.0213 0.0258 0.0284 0.0075 0.0068 0.0042 0.0033 0.0030 0.0029 0.0028 0.0025 0.0021 0.0020 0.0021 0.0018 0.0020 0.0017 0.0021 
0.0067 0.0779 0.1409 0.2478 0.5114 0.0907 0.0875 0.0586 0.0501 0.0398 0.0436 0.0492 0.1055 0.1197 0.1338 0.4923 0.1126 0.1138 0.1360 0.0878 0.1131 0.0481 0.1050 0.0714 0.0643 0.0673 0.0638 0.0669 0.0941 0.0769 0.0785 0.0688 0.0361 0.0265 0.0294 0.0274 0.0242 0.0227 0.0210 0.0199 0.0186 0.0179 0.0162 0.0137 0.0107 0.0130 0.0167 0.0258 0.0170 0.0293 0.0233 0.0221 0.0205 0.0204 0.0197 0.0190 0.0185 0.0183 0.0181 0.0181 0.0179 0.0178 0.0179 0.0175 
0.0128 0.0728 0.1138 0.2391 0.3501 0.0734 0.0647 0.0440 0.0309 0.0456 0.0479 0.0550 0.0872 0.0718 0.2140 0.4058 0.1245 0.1170 0.1109 0.0444 0.0797 0.1116 0.1061 0.0396 0.0358 0.0409 0.0515 0.0546 0.0584 0.0602 0.0564 0.0597 0.0593 0.0405 0.0416 0.0364 0.0327 0.0308 0.0285 0.0268 0.0258 0.0246 0.0236 0.0224 0.0234 0.0229 0.0192 0.0289 0.0663 0.0224 0.0205 0.0200 0.0198 0.0194 0.0190 0.0191 0.0185 0.0187 0.0183 0.0183 0.0181 0.0182 0.0181 0.0177 
0.0336 0.0592 0.0640 0.1184 0.1960 0.0701 0.0443 0.0415 0.0320 0.0576 0.0390 0.0389 0.0770 0.0591 0.2300 0.2389 0.1166 0.0412 0.1079 0.0501 0.0676 0.0805 0.0639 0.0966 0.0499 0.0149 0.0183 0.0423 0.0528 0.0517 0.0556 0.0422 0.0640 0.0257 0.0130 0.0134 0.0118 0.0114 0.0107 0.0103 0.0101 0.0101 0.0099 0.0114 0.0091 0.0152 0.0071 0.0160 0.0144 0.0081 0.0071 0.0049 0.0051 0.0052 0.0047 0.0053 0.0050 0.0049 0.0052 0.0050 0.0049 0.0050 0.0049 0.0051 
0.0257 0.0612 0.0428 0.0628 0.0442 0.0612 0.0226 0.0078 0.0081 0.0096 0.0238 0.0291 0.0356 0.0294 0.0608 0.0885 0.0399 0.0311 0.0694 0.0402 0.0212 0.0480 0.0458 0.0131 0.0319 0.0271 0.0155 0.0206 0.0218 0.0127 0.0071 0.0217 0.0281 0.0161 0.0065 0.0062 0.0054 0.0054 0.0053 0.0043 0.0041 0.0042 0.0028 0.0033 0.0044 0.0027 0.0068 0.0062 0.0279 0.0062 0.0047 0.0042 0.0047 0.0040 0.0043 0.0042 0.0041 0.0043 0.0040 0.0039 0.0037 0.0038 0.0036 0.0039 
0.0079 0.0408 0.0360 0.0452 0.0880 0.0251 0.0167 0.0130 0.0107 0.0086 0.0040 0.0133 0.0110 0.0457 0.0972 0.0718 0.0316 0.0173 0.0184 0.0164 0.0311 0.0697 0.0386 0.0094 0.0252 0.0059 0.0182 0.0045 0.0191 0.0120 0.0180 0.0157 0.0121 0.0062 0.0061 0.0054 0.0053 0.0055 0.0049 0.0043 0.0039 0.0040 0.0040 0.0039 0.0039 0.0029 0.0041 0.0049 0.0094 0.0060 0.0043 0.0043 0.0039 0.0038 0.0035 0.0035 0.0034 0.0036 0.0035 0.0037 0.0038 0.0034 0.0034 0.0034 
0.0032 0.0304 0.0312 0.0660 0.0511 0.0253 0.0099 0.0116 0.0087 0.0030 0.0046 0.0103 0.0234 0.0299 0.0268 0.0317 0.0138 0.0141 0.0067 0.0313 0.0302 0.0242 0.0403 0.0235 0.0202 0.0069 0.0133 0.0078 0.0098 0.0031 0.0115 0.0092 0.0052 0.0040 0.0013 0.0008 0.0011 0.0009 0.0009 0.0009 0.0006 0.0009 0.0005 0.0008 0.0016 0.0006 0.0013 0.0029 0.0059 0.0015 0.0012 0.0006 0.0007 0.0013 0.0012 0.0007 0.0009 0.0005 0.0009 0.0011 0.0006 0.0008 0.0010 0.0007 
0.0006 0.0382 0.0160 0.0293 0.0332 0.0091 0.0082 0.0031 0.0026 0.0057 0.0079 0.0125 0.0073 0.0074 0.0200 0.0210 0.0127 0.0105 0.0093 0.0197 0.0336 0.0266 0.0395 0.0113 0.0076 0.0014 0.0037 0.0050 0.0054 0.0032 0.0044 0.0105 0.0036 0.0008 0.0008 0.0005 0.0004 0.0005 0.0007 0.0006 0.0003 0.0004 0.0006 0.0011 0.0004 0.0010 0.0010 0.0018 0.0032 0.0004 0.0003 0.0004 0.0004 0.0003 0.0003 0.0003 0.0004 0.0003 0.0005 0.0005 0.0003 0.0003 0.0004 0.0004 
0.0022 0.0249 0.0109 0.0078 0.0120 0.0095 0.0092 0.0053 0.0029 0.0049 0.0071 0.0037 0.0064 0.0134 0.0209 0.0232 0.0108 0.0063 0.0023 0.0058 0.0067 0.0103 0.0088 0.0064 0.0026 0.0025 0.0017 0.0011 0.0012 0.0011 0.0042 0.0035 0.0038 0.0011 0.0009 0.0006 0.0008 0.0005 0.0008 0.0012 0.0006 0.0005 0.0005 0.0007 0.0012 0.0009 0.0008 0.0010 0.0012 0.0008 0.0007 0.0001 0.0004 0.0004 0.0004 0.0003 0.0004 0.0002 0.0004 0.0005 0.0005 0.0001 0.0004 0.0004 
0.0047 0.0253 0.0130 0.0147 0.0233 0.0119 0.0081 0.0047 0.0013 0.0024 0.0036 0.0077 0.0066 0.0208 0.0257 0.0058 0.0056 0.0025 0.0026 0.0030 0.0108 0.0214 0.0093 0.0101 0.0073 0.0057 0.0008 0.0036 0.0028 0.0050 0.0038 0.0053 0.0053 0.0028 0.0015 0.0034 0.0019 0.0014 0.0013 0.0005 0.0004 0.0005 0.0010 0.0009 0.0024 0.0023 0.0004 0.0015 0.0012 0.0017 0.0009 0.0005 0.0003 0.0009 0.0005 0.0004 0.0005 0.0004 0.0002 0.0003 0.0004 0.0003 0.0003 0.0001 
0.0075 0.0156 0.0125 0.0175 0.0225 0.0093 0.0050 0.0021 0.0016 0.0016 0.0030 0.0060 0.0041 0.0126 0.0096 0.0075 0.0071 0.0079 0.0053 0.0079 0.0095 0.0144 0.0097 0.0091 0.0020 0.0052 0.0009 0.0040 0.0046 0.0051 0.0034 0.0079 0.0067 0.0054 0.0038 0.0018 0.0016 0.0021 0.0029 0.0015 0.0003 0.0003 0.0008 0.0006 0.0008 0.0026 0.0013 0.0019 0.0030 0.0015 0.0009 0.0008 0.0015 0.0014 0.0005 0.0004 0.0005 0.0003 0.0005 0.0005 0.0005 0.0005 0.0003 0.0005 
0.0038 0.0128 0.0112 0.0102 0.0196 0.0104 0.0022 0.0051 0.0014 0.0012 0.0012 0.0022 0.0034 0.0074 0.0070 0.0125 0.0012 0.0060 0.0045 0.0051 0.0121 0.0079 0.0063 0.0040 0.0009 0.0011 0.0011 0.0009 0.0017 0.0018 0.0005 0.0020 0.0031 0.0007 0.0006 0.0009 0.0023 0.0009 0.0006 0.0010 0.0003 0.0008 0.0006 0.0012 0.0007 0.0009 0.0010 0.0021 0.0011 0.0011 0.0006 0.0008 0.0006 0.0009 0.0007 0.0006 0.0003 0.0005 0.0003 0.0002 0.0004 0.0003 0.0002 0.0002 
0.0017 0.0106 0.0087 0.0095 0.0148 0.0085 0.0050 0.0037 0.0022 0.0023 0.0022 0.0021 0.0021 0.0050 0.0039 0.0086 0.0050 0.0021 0.0017 0.0019 0.0057 0.0101 0.0084 0.0028 0.0009 0.0007 0.0004 0.0006 0.0006 0.0018 0.0022 0.0018 0.0032 0.0009 0.0007 0.0004 0.0006 0.0010 0.0008 0.0004 0.0003 0.0009 0.0003 0.0007 0.0005 0.0006 0.0006 0.0014 0.0007 0.0008 0.0011 0.0005 0.0001 0.0004 0.0012 0.0004 0.0003 0.0002 0.0004 0.0004 0.0005 0.0004 0.0004 0.0002 
0.0013 0.0102 0.0064 0.0092 0.0087 0.0067 0.0023 0.0024 0.0010 0.0011 0.0015 0.0019 0.0013 0.0044 0.0007 0.0062 0.0039 0.0013 0.0013 0.0015 0.0057 0.0051 0.0035 0.0030 0.0012 0.0008 0.0003 0.0006 0.0006 0.0009 0.0012 0.0017 0.0016 0.0009 0.0005 0.0007 0.0005 0.0007 0.0007 0.0006 0.0007 0.0007 0.0012 0.0005 0.0002 0.0007 0.0003 0.0006 0.0009 0.0008 0.0003 0.0013 0.0004 0.0008 0.0005 0.0004 0.0003 0.0003 0.0002 0.0005 0.0002 0.0005 0.0004 0.0003 
0.0015 0.0046 0.0040 0.0052 0.0062 0.0027 0.0014 0.0009 0.0008 0.0007 0.0002 0.0011 0.0014 0.0022 0.0021 0.0033 0.0048 0.0011 0.0006 0.0005 0.0023 0.0023 0.0013 0.0016 0.0004 0.0002 0.0002 0.0002 0.0005 0.0009 0.0009 0.0018 0.0008 0.0004 0.0005 0.0003 0.0002 0.0004 0.0003 0.0003 0.0004 0.0004 0.0010 0.0002 0.0005 0.0004 0.0005 0.0006 0.0006 0.0007 0.0004 0.0006 0.0004 0.0006 0.0003 0.0002 0.0003 0.0003 0.0005 0.0003 0.0002 0.0002 0.0002 0.0002 
0.0004 0.0044 0.0024 0.0034 0.0037 0.0006 0.0004 0.0007 0.0003 0.0006 0.0009 0.0004 0.0015 0.0019 0.0014 0.0017 0.0019 0.0005 0.0004 0.0007 0.0006 0.0010 0.0006 0.0009 0.0009 0.0003 0.0003 0.0004 0.0006 0.0003 0.0013 0.0012 0.0008 0.0003 0.0003 0.0001 0.0004 0.0002 0.0003 0.0002 0.0003 0.0005 0.0009 0.0003 0.0003 0.0003 0.0007 0.0004 0.0003 0.0005 0.0003 0.0008 0.0005 0.0004 0.0004 0.0003 0.0002 0.0004 0.0004 0.0003 0.0004 0.0003 0.0003 0.0004 
0.0009 0.0040 0.0028 0.0013 0.0004 0.0009 0.0005 0.0005 0.0004 0.0002 0.0005 0.0008 0.0008 0.0014 0.0008 0.0010 0.0012 0.0003 0.0002 0.0003 0.0006 0.0006 0.0006 0.0005 0.0001 0.0003 0.0004 0.0003 0.0002 0.0006 0.0006 0.0005 0.0006 0.0003 0.0003 0.0005 0.0003 0.0004 0.0003 0.0003 0.0005 0.0004 0.0008 0.0006 0.0003 0.0003 0.0006 0.0002 0.0005 0.0003 0.0004 0.0003 0.0005 0.0002 0.0003 0.0002 0.0002 0.0004 0.0002 0.0002 0.0001 0.0004 0.0006 0.0003 
0.0010 0.0037 0.0037 0.0009 0.0007 0.0011 0.0007 0.0006 0.0004 0.0003 0.0002 0.0003 0.0007 0.0011 0.0008 0.0014 0.0006 0.0002 0.0002 0.0003 0.0007 0.0004 0.0004 0.0003 0.0002 0.0004 0.0001 0.0003 0.0003 0.0004 0.0005 0.0006 0.0003 0.0007 0.0003 0.0003 0.0003 0.0002 0.0007 0.0003 0.0005 0.0004 0.0004 0.0004 0.0003 0.0004 0.0003 0.0002 0.0003 0.0005 0.0009 0.0003 0.0002 0.0004 0.0005 0.0002 0.0004 0.0002 0.0003 0.0002 0.0003 0.0004 0.0002 0.0004 
0.0005 0.0033 0.0027 0.0004 0.0007 0.0007 0.0001 0.0006 0.0004 0.0002 0.0005 0.0003 0.0003 0.0005 0.0005 0.0006 0.0002 0.0003 0.0002 0.0003 0.0004 0.0001 0.0004 0.0006 0.0003 0.0003 0.0003 0.0002 0.0003 0.0002 0.0006 0.0003 0.0002 0.0008 0.0005 0.0003 0.0003 0.0003 0.0010 0.0004 0.0005 0.0006 0.0003 0.0005 0.0002 0.0005 0.0005 0.0003 0.0006 0.0005 0.0004 0.0005 0.0006 0.0004 0.0002 0.0002 0.0001 0.0003 0.0003 0.0003 0.0004 0.0003 0.0004 0.0003 
0.0006 0.0020 0.0017 0.0004 0.0005 0.0004 0.0003 0.0005 0.0002 0.0003 0.0003 0.0001 0.0005 0.0012 0.0002 0.0007 0.0004 0.0002 0.0002 0.0002 0.0003 0.0005 0.0004 0.0002 0.0003 0.0003 0.0003 0.0005 0.0004 0.0002 0.0002 0.0007 0.0002 0.0006 0.0004 0.0003 0.0001 0.0002 0.0003 0.0004 0.0002 0.0003 0.0007 0.0004 0.0006 0.0002 0.0003 0.0004 0.0006 0.0004 0.0003 0.0004 0.0003 0.0002 0.0003 0.0003 0.0003 0.0003 0.0003 0.0002 0.0004 0.0004 0.0005 0.0005 
0.0002 0.0018 0.0004 0.0007 0.0006 0.0002 0.0002 0.0001 0.0002 0.0004 0.0003 0.0006 0.0006 0.0007 0.0003 0.0005 0.0003 0.0003 0.0003 0.0003 0.0003 0.0004 0.0001 0.0006 0.0004 0.0003 0.0001 0.0005 0.0004 0.0001 0.0004 0.0003 0.0004 0.0003 0.0002 0.0004 0.0005 0.0005 0.0003 0.0005 0.0004 0.0006 0.0005 0.0004 0.0009 0.0007 0.0007 0.0003 0.0004 0.0003 0.0004 0.0004 0.0004 0.0004 0.0002 0.0001 0.0004 0.0002 0.0004 0.0001 0.0002 0.0002 0.0004 0.0003 
0.0004 0.0012 0.0003 0.0004 0.0003 0.0001 0.0003 0.0003 0.0003 0.0002 0.0003 0.0005 0.0013 0.0003 0.0003 0.0003 0.0001 0.0004 0.0006 0.0004 0.0005 0.0004 0.0002 0.0004 0.0003 0.0003 0.0003 0.0006 0.0010 0.0002 0.0004 0.0005 0.0004 0.0002 0.0002 0.0003 0.0004 0.0002 0.0005 0.0007 0.0002 0.0003 0.0007 0.0005 0.0011 0.0003 0.0002 0.0004 0.0004 0.0003 0.0004 0.0002 0.0003 0.0004 0.0005 0.0004 0.0003 0.0003 0.0004 0.0002 0.0002 0.0003 0.0002 0.0003 
0.0001 0.0017 0.0001 0.0002 0.0002 0.0003 0.0001 0.0002 0.0002 0.0003 0.0005 0.0006 0.0006 0.0003 0.0003 0.0002 0.0004 0.0003 0.0005 0.0004 0.0003 0.0001 0.0002 0.0001 0.0002 0.0003 0.0004 0.0006 0.0005 0.0001 0.0009 0.0008 0.0002 0.0005 0.0004 0.0005 0.0001 0.0005 0.0006 0.0005 0.0003 0.0003 0.0004 0.0003 0.0004 0.0005 0.0003 0.0005 0.0003 0.0004 0.0005 0.0005 0.0003 0.0003 0.0002 0.0004 0.0003 0.0003 0.0002 0.0002 0.0001 0.0002 0.0003 0.0004 
0.0005 0.0011 0.0003 0.0002 0.0001 0.0003 0.0003 0.0001 0.0003 0.0004 0.0003 0.0006 0.0002 0.0005 0.0005 0.0003 0.0003 0.0003 0.0003 0.0003 0.0002 0.0003 0.0003 0.0004 0.0002 0.0002 0.0002 0.0002 0.0002 0.0002 0.0004 0.0007 0.0005 0.0000 0.0003 0.0006 0.0008 0.0008 0.0009 0.0009 0.0002 0.0003 0.0002 0.0004 0.0002 0.0003 0.0003 0.0002 0.0005 0.0003 0.0005 0.0002 0.0005 0.0005 0.0002 0.0002 0.0003 0.0003 0.0003 0.0003 0.0002 0.0002 0.0001 0.0003 
0.0002 0.0011 0.0002 0.0003 0.0003 0.0002 0.0001 0.0002 0.0002 0.0001 0.0001 0.0005 0.0003 0.0004 0.0007 0.0004 0.0001 0.0005 0.0002 0.0003 0.0002 0.0002 0.0001 0.0004 0.0003 0.0005 0.0004 0.0003 0.0002 0.0001 0.0002 0.0007 0.0006 0.0003 0.0002 0.0003 0.0002 0.0005 0.0008 0.0005 0.0003 0.0003 0.0002 0.0010 0.0004 0.0003 0.0003 0.0005 0.0005 0.0004 0.0004 0.0003 0.0005 0.0002 0.0005 0.0002 0.0005 0.0004 0.0004 0.0004 0.0003 0.0004 0.0003 0.0004 
0.0002 0.0010 0.0002 0.0003 0.0003 0.0002 0.0003 0.0002 0.0002 0.0003 0.0008 0.0005 0.0003 0.0002 0.0004 0.0002 0.0004 0.0003 0.0001 0.0001 0.0002 0.0005 0.0003 0.0003 0.0003 0.0001 0.0003 0.0006 0.0002 0.0005 0.0002 0.0005 0.0005 0.0002 0.0003 0.0004 0.0003 0.0001 0.0007 0.0005 0.0004 0.0002 0.0005 0.0004 0.0003 0.0003 0.0002 0.0005 0.0003 0.0004 0.0007 0.0005 0.0002 0.0003 0.0004 0.0001 0.0004 0.0003 0.0003 0.0003 0.0003 0.0004 0.0002 0.0005 
0.0000 0.0003 0.0003 0.0001 0.0002 0.0002 0.0003 0.0004 0.0004 0.0002 0.0003 0.0003 0.0001 0.0001 0.0002 0.0003 0.0003 0.0004 0.0003 0.0003 0.0007 0.0004 0.0002 0.0005 0.0003 0.0003 0.0004 0.0001 0.0003 0.0003 0.0003 0.0006 0.0006 0.0003 0.0002 0.0004 0.0003 0.0004 0.0007 0.0002 0.0001 0.0003 0.0004 0.0005 0.0004 0.0004 0.0004 0.0003 0.0007 0.0005 0.0006 0.0004 0.0004 0.0004 0.0001 0.0003 0.0002 0.0004 0.0002 0.0003 0.0005 0.0005 0.0003 0.0002 
0.0001 0.0004 0.0001 0.0001 0.0001 0.0002 0.0001 0.0004 0.0003 0.0001 0.0002 0.0001 0.0001 0.0003 0.0002 0.0002 0.0003 0.0003 0.0003 0.0007 0.0003 0.0004 0.0002 0.0002 0.0004 0.0002 0.0003 0.0005 0.0004 0.0001 0.0004 0.0002 0.0006 0.0004 0.0001 0.0001 0.0003 0.0003 0.0002 0.0003 0.0003 0.0005 0.0003 0.0004 0.0005 0.0005 0.0004 0.0003 0.0003 0.0005 0.0002 0.0002 0.0006 0.0002 0.0005 0.0004 0.0004 0.0003 0.0003 0.0003 0.0003 0.0004 0.0005 0.0004 
0.0002 0.0004 0.0002 0.0001 0.0003 0.0000 0.0005 0.0003 0.0002 0.0002 0.0002 0.0002 0.0003 0.0002 0.0002 0.0002 0.0003 0.0002 0.0001 0.0002 0.0004 0.0002 0.0002 0.0004 0.0004 0.0003 0.0003 0.0004 0.0003 0.0002 0.0002 0.0004 0.0005 0.0003 0.0002 0.0004 0.0003 0.0006 0.0006 0.0004 0.0003 0.0004 0.0005 0.0004 0.0004 0.0001 0.0005 0.0003 0.0003 0.0003 0.0003 0.0005 0.0005 0.0002 0.0005 0.0005 0.0003 0.0004 0.0004 0.0002 0.0004 0.0001 0.0002 0.0004 
0.0002 0.0003 0.0001 0.0001 0.0002 0.0001 0.0002 0.0004 0.0003 0.0001 0.0003 0.0003 0.0003 0.0003 0.0001 0.0003 0.0003 0.0003 0.0002 0.0001 0.0004 0.0002 0.0003 0.0001 0.0004 0.0003 0.0002 0.0004 0.0004 0.0003 0.0004 0.0002 0.0001 0.0005 0.0003 0.0003 0.0003 0.0003 0.0002 0.0004 0.0002 0.0002 0.0004 0.0003 0.0004 0.0003 0.0005 0.0002 0.0004 0.0006 0.0004 0.0006 0.0004 0.0002 0.0002 0.0004 0.0002 0.0004 0.0004 0.0004 0.0003 0.0003 0.0002 0.0004 
0.0001 0.0001 0.0001 0.0002 0.0002 0.0001 0.0001 0.0002 0.0002 0.0002 0.0003 0.0001 0.0001 0.0001 0.0002 0.0002 0.0002 0.0003 0.0002 0.0005 0.0003 0.0002 0.0002 0.0001 0.0002 0.0003 0.0003 0.0003 0.0003 0.0003 0.0003 0.0002 0.0005 0.0003 0.0002 0.0004 0.0005 0.0001 0.0001 0.0002 0.0004 0.0004 0.0009 0.0002 0.0003 0.0005 0.0003 0.0003 0.0002 0.0002 0.0003 0.0005 0.0002 0.0003 0.0002 0.0003 0.0003 0.0002 0.0002 0.0004 0.0002 0.0002 0.0002 0.0004 
0.0001 0.0002 0.0001 0.0001 0.0002 0.0002 0.0003 0.0002 0.0003 0.0002 0.0002 0.0002 0.0001 0.0003 0.0002 0.0002 0.0002 0.0002 0.0002 0.0004 0.0003 0.0000 0.0002 0.0002 0.0002 0.0001 0.0003 0.0002 0.0004 0.0004 0.0004 0.0003 0.0004 0.0003 0.0003 0.0004 0.0002 0.0005 0.0004 0.0001 0.0003 0.0003 0.0005 0.0003 0.0003 0.0004 0.0004 0.0002 0.0004 0.0003 0.0003 0.0005 0.0006 0.0001 0.0004 0.0004 0.0005 0.0003 0.0003 0.0004 0.0001 0.0005 0.0001 0.0002 
0.0001 0.0001 0.0001 0.0001 0.0003 0.0003 0.0002 0.0003 0.0002 0.0002 0.0002 0.0002 0.0002 0.0005 0.0001 0.0002 0.0001 0.0002 0.0001 0.0003 0.0002 0.0002 0.0001 0.0002 0.0003 0.0001 0.0002 0.0003 0.0002 0.0004 0.0001 0.0003 0.0002 0.0004 0.0002 0.0007 0.0002 0.0004 0.0001 0.0003 0.0004 0.0002 0.0004 0.0003 0.0005 0.0005 0.0003 0.0004 0.0006 0.0003 0.0002 0.0004 0.0007 0.0005 0.0001 0.0002 0.0003 0.0003 0.0002 0.0001 0.0006 0.0004 0.0006 0.0003 
