0.0001 0.0001 0.0003 0.0003 0.0003 0.0001 0.0003 0.0002 0.0003 0.0001 0.0004 0.0001 0.0003 0.0003 0.0002 0.0001 0.0003 0.0002 0.0002 0.0002 0.0003 0.0004 0.0007 0.0001 0.0002 0.0003 0.0005 0.0006 0.0006 0.0004 0.0001 0.0003 0.0001 0.0001 0.0004 0.0001 0.0001 0.0002 0.0003 0.0002 0.0004 0.0006 0.0003 0.0006 0.0004 0.0002 0.0004 0.0002 0.0005 0.0003 0.0003 0.0008 0.0003 0.0003 0.0003 0.0003 0.0004 0.0005 0.0003 0.0002 0.0004 0.0001 0.0002 0.0002 
0.0001 0.0001 0.0003 0.0002 0.0002 0.0003 0.0005 0.0001 0.0005 0.0001 0.0005 0.0003 0.0001 0.0002 0.0002 0.0003 0.0003 0.0003 0.0002 0.0002 0.0001 0.0001 0.0003 0.0003 0.0002 0.0001 0.0003 0.0003 0.0003 0.0001 0.0003 0.0005 0.0003 0.0002 0.0003 0.0004 0.0006 0.0005 0.0003 0.0003 0.0002 0.0003 0.0003 0.0004 0.0004 0.0009 0.0005 0.0007 0.0004 0.0005 0.0003 0.0007 0.0005 0.0004 0.0003 0.0005 0.0003 0.0004 0.0002 0.0001 0.0003 0.0003 0.0003 0.0003 
0.0001 0.0002 0.0002 0.0002 0.0003 0.0002 0.0002 0.0001 0.0002 0.0001 0.0004 0.0001 0.0001 0.0003 0.0002 0.0003 0.0001 0.0002 0.0001 0.0002 0.0000 0.0003 0.0003 0.0002 0.0002 0.0002 0.0002 0.0002 0.0003 0.0002 0.0001 0.0002 0.0004 0.0005 0.0001 0.0002 0.0004 0.0002 0.0004 0.0004 0.0004 0.0003 0.0005 0.0004 0.0002 0.0002 0.0008 0.0005 0.0005 0.0002 0.0004 0.0007 0.0003 0.0002 0.0004 0.0003 0.0002 0.0003 0.0003 0.0005 0.0002 0.0002 0.0001 0.0006 
0.0001 0.0002 0.0001 0.0003 0.0003 0.0003 0.0002 0.0002 0.0003 0.0002 0.0001 0.0004 0.0003 0.0002 0.0003 0.0002 0.0003 0.0002 0.0003 0.0002 0.0003 0.0002 0.0002 0.0001 0.0003 0.0001 0.0004 0.0003 0.0002 0.0004 0.0001 0.0002 0.0003 0.0005 0.0003 0.0005 0.0006 0.0003 0.0002 0.0005 0.0002 0.0004 0.0003 0.0001 0.0005 0.0006 0.0009 0.0005 0.0005 0.0003 0.0002 0.0003 0.0001 0.0002 0.0004 0.0002 0.0003 0.0002 0.0004 0.0003 0.0003 0.0004 0.0003 0.0002 
0.0000 0.0002 0.0002 0.0002 0.0001 0.0003 0.0001 0.0001 0.0001 0.0002 0.0001 0.0002 0.0002 0.0003 0.0007 0.0004 0.0003 0.0004 0.0001 0.0004 0.0002 0.0002 0.0001 0.0001 0.0002 0.0004 0.0002 0.0002 0.0002 0.0004 0.0002 0.0001 0.0003 0.0005 0.0003 0.0006 0.0006 0.0005 0.0007 0.0002 0.0004 0.0003 0.0003 0.0005 0.0004 0.0003 0.0005 0.0005 0.0003 0.0004 0.0003 0.0005 0.0004 0.0004 0.0006 0.0007 0.0004 0.0003 0.0002 0.0004 0.0004 0.0005 0.0001 0.0004 
0.0001 0.0001 0.0001 0.0002 0.0001 0.0002 0.0001 0.0002 0.0004 0.0001 0.0004 0.0001 0.0003 0.0001 0.0005 0.0003 0.0002 0.0001 0.0002 0.0004 0.0002 0.0003 0.0002 0.0002 0.0003 0.0002 0.0004 0.0003 0.0003 0.0006 0.0005 0.0003 0.0004 0.0003 0.0003 0.0005 0.0007 0.0005 0.0001 0.0002 0.0003 0.0003 0.0003 0.0004 0.0003 0.0004 0.0003 0.0006 0.0002 0.0004 0.0002 0.0001 0.0003 0.0004 0.0003 0.0005 0.0001 0.0004 0.0002 0.0002 0.0003 0.0005 0.0005 0.0005 
0.0000 0.0001 0.0002 0.0001 0.0001 0.0002 0.0001 0.0001 0.0001 0.0001 0.0003 0.0001 0.0003 0.0003 0.0006 0.0002 0.0002 0.0000 0.0003 0.0002 0.0001 0.0003 0.0002 0.0003 0.0002 0.0002 0.0003 0.0003 0.0002 0.0003 0.0004 0.0003 0.0002 0.0003 0.0004 0.0002 0.0003 0.0001 0.0005 0.0007 0.0003 0.0004 0.0005 0.0004 0.0001 0.0002 0.0004 0.0001 0.0005 0.0004 0.0008 0.0007 0.0004 0.0004 0.0003 0.0003 0.0001 0.0003 0.0003 0.0002 0.0004 0.0003 0.0002 0.0002 
0.0000 0.0002 0.0002 0.0002 0.0001 0.0002 0.0001 0.0002 0.0002 0.0002 0.0003 0.0002 0.0003 0.0002 0.0005 0.0003 0.0003 0.0004 0.0002 0.0003 0.0004 0.0001 0.0002 0.0002 0.0002 0.0008 0.0005 0.0003 0.0002 0.0003 0.0001 0.0002 0.0001 0.0003 0.0002 0.0003 0.0006 0.0007 0.0004 0.0004 0.0004 0.0002 0.0003 0.0004 0.0003 0.0003 0.0009 0.0007 0.0004 0.0005 0.0005 0.0004 0.0003 0.0006 0.0004 0.0003 0.0004 0.0002 0.0004 0.0004 0.0002 0.0004 0.0005 0.0002 
0.0000 0.0001 0.0002 0.0001 0.0000 0.0002 0.0002 0.0002 0.0003 0.0003 0.0004 0.0002 0.0001 0.0002 0.0004 0.0002 0.0004 0.0003 0.0003 0.0003 0.0005 0.0003 0.0002 0.0002 0.0003 0.0005 0.0002 0.0003 0.0003 0.0002 0.0003 0.0003 0.0004 0.0001 0.0007 0.0002 0.0005 0.0004 0.0002 0.0003 0.0004 0.0003 0.0003 0.0005 0.0006 0.0008 0.0005 0.0005 0.0003 0.0004 0.0002 0.0005 0.0003 0.0004 0.0003 0.0002 0.0005 0.0004 0.0004 0.0005 0.0003 0.0005 0.0002 0.0004 
0.0001 0.0002 0.0002 0.0001 0.0002 0.0001 0.0000 0.0002 0.0002 0.0001 0.0004 0.0001 0.0002 0.0001 0.0001 0.0002 0.0002 0.0001 0.0003 0.0003 0.0005 0.0004 0.0005 0.0002 0.0004 0.0006 0.0003 0.0002 0.0003 0.0003 0.0003 0.0005 0.0006 0.0002 0.0002 0.0004 0.0003 0.0006 0.0004 0.0003 0.0003 0.0002 0.0002 0.0005 0.0007 0.0004 0.0004 0.0005 0.0004 0.0003 0.0005 0.0003 0.0005 0.0003 0.0005 0.0003 0.0002 0.0001 0.0004 0.0003 0.0005 0.0003 0.0003 0.0002 
0.0000 0.0002 0.0001 0.0001 0.0001 0.0001 0.0002 0.0002 0.0001 0.0003 0.0004 0.0003 0.0003 0.0003 0.0002 0.0002 0.0001 0.0001 0.0002 0.0001 0.0002 0.0003 0.0003 0.0003 0.0004 0.0007 0.0005 0.0004 0.0004 0.0001 0.0003 0.0004 0.0002 0.0004 0.0002 0.0002 0.0004 0.0004 0.0004 0.0003 0.0005 0.0003 0.0004 0.0005 0.0010 0.0010 0.0003 0.0005 0.0004 0.0004 0.0003 0.0006 0.0003 0.0005 0.0001 0.0006 0.0002 0.0003 0.0003 0.0002 0.0002 0.0004 0.0003 0.0003 
0.0000 0.0001 0.0000 0.0001 0.0002 0.0001 0.0002 0.0001 0.0003 0.0002 0.0004 0.0002 0.0003 0.0004 0.0001 0.0002 0.0001 0.0001 0.0002 0.0002 0.0002 0.0002 0.0003 0.0001 0.0003 0.0007 0.0004 0.0002 0.0002 0.0004 0.0003 0.0002 0.0002 0.0003 0.0002 0.0004 0.0005 0.0004 0.0002 0.0004 0.0004 0.0003 0.0003 0.0002 0.0005 0.0003 0.0004 0.0005 0.0004 0.0003 0.0007 0.0007 0.0005 0.0002 0.0003 0.0003 0.0005 0.0004 0.0004 0.0005 0.0004 0.0002 0.0002 0.0005 
0.0001 0.0002 0.0001 0.0002 0.0002 0.0001 0.0001 0.0002 0.0001 0.0002 0.0002 0.0003 0.0005 0.0001 0.0004 0.0003 0.0003 0.0002 0.0002 0.0003 0.0003 0.0007 0.0004 0.0002 0.0002 0.0003 0.0001 0.0002 0.0002 0.0003 0.0002 0.0003 0.0004 0.0003 0.0003 0.0001 0.0011 0.0007 0.0004 0.0003 0.0002 0.0002 0.0003 0.0002 0.0004 0.0005 0.0004 0.0004 0.0003 0.0008 0.0004 0.0002 0.0006 0.0004 0.0004 0.0004 0.0003 0.0002 0.0002 0.0001 0.0004 0.0003 0.0004 0.0005 
0.0001 0.0001 0.0002 0.0001 0.0001 0.0002 0.0001 0.0001 0.0002 0.0001 0.0003 0.0003 0.0002 0.0002 0.0001 0.0002 0.0001 0.0004 0.0002 0.0002 0.0002 0.0001 0.0004 0.0003 0.0001 0.0002 0.0001 0.0003 0.0001 0.0002 0.0002 0.0001 0.0004 0.0003 0.0003 0.0002 0.0003 0.0001 0.0004 0.0005 0.0006 0.0004 0.0002 0.0003 0.0004 0.0004 0.0004 0.0004 0.0004 0.0006 0.0009 0.0003 0.0005 0.0004 0.0002 0.0005 0.0004 0.0005 0.0002 0.0003 0.0003 0.0003 0.0003 0.0002 
0.0001 0.0002 0.0002 0.0001 0.0002 0.0001 0.0002 0.0000 0.0002 0.0002 0.0003 0.0003 0.0004 0.0003 0.0002 0.0003 0.0005 0.0003 0.0002 0.0003 0.0004 0.0003 0.0003 0.0004 0.0004 0.0006 0.0002 0.0004 0.0003 0.0002 0.0001 0.0003 0.0001 0.0002 0.0003 0.0003 0.0004 0.0008 0.0005 0.0005 0.0007 0.0004 0.0004 0.0004 0.0001 0.0001 0.0003 0.0006 0.0004 0.0007 0.0003 0.0001 0.0001 0.0004 0.0003 0.0004 0.0003 0.0004 0.0002 0.0005 0.0003 0.0002 0.0005 0.0003 
0.0001 0.0003 0.0001 0.0001 0.0000 0.0002 0.0002 0.0002 0.0002 0.0002 0.0004 0.0001 0.0001 0.0002 0.0003 0.0003 0.0002 0.0003 0.0002 0.0002 0.0003 0.0004 0.0003 0.0002 0.0003 0.0002 0.0003 0.0001 0.0002 0.0001 0.0002 0.0003 0.0003 0.0003 0.0004 0.0002 0.0001 0.0003 0.0003 0.0004 0.0001 0.0004 0.0002 0.0004 0.0003 0.0007 0.0001 0.0006 0.0002 0.0004 0.0005 0.0004 0.0004 0.0005 0.0003 0.0005 0.0004 0.0003 0.0002 0.0003 0.0001 0.0004 0.0004 0.0002 
0.0001 0.0002 0.0001 0.0000 0.0001 0.0001 0.0001 0.0003 0.0004 0.0002 0.0003 0.0003 0.0002 0.0001 0.0002 0.0004 0.0003 0.0006 0.0002 0.0002 0.0003 0.0001 0.0004 0.0002 0.0001 0.0004 0.0004 0.0004 0.0001 0.0003 0.0002 0.0003 0.0001 0.0006 0.0002 0.0005 0.0004 0.0002 0.0003 0.0004 0.0006 0.0004 0.0002 0.0004 0.0002 0.0008 0.0005 0.0004 0.0004 0.0004 0.0003 0.0003 0.0006 0.0004 0.0003 0.0002 0.0004 0.0005 0.0002 0.0002 0.0003 0.0003 0.0005 0.0005 
0.0001 0.0001 0.0002 0.0002 0.0001 0.0001 0.0003 0.0002 0.0002 0.0002 0.0002 0.0003 0.0002 0.0002 0.0003 0.0003 0.0003 0.0004 0.0002 0.0001 0.0003 0.0002 0.0003 0.0006 0.0002 0.0003 0.0005 0.0006 0.0003 0.0004 0.0002 0.0003 0.0003 0.0003 0.0001 0.0002 0.0002 0.0004 0.0006 0.0003 0.0001 0.0003 0.0003 0.0005 0.0005 0.0006 0.0008 0.0004 0.0002 0.0004 0.0003 0.0004 0.0004 0.0004 0.0003 0.0005 0.0005 0.0005 0.0003 0.0003 0.0003 0.0002 0.0005 0.0002 
0.0001 0.0002 0.0001 0.0001 0.0001 0.0001 0.0003 0.0001 0.0004 0.0001 0.0002 0.0002 0.0001 0.0002 0.0001 0.0005 0.0005 0.0001 0.0002 0.0002 0.0005 0.0002 0.0003 0.0003 0.0002 0.0001 0.0004 0.0005 0.0002 0.0001 0.0002 0.0001 0.0002 0.0002 0.0005 0.0003 0.0003 0.0004 0.0002 0.0003 0.0004 0.0001 0.0002 0.0004 0.0003 0.0004 0.0004 0.0005 0.0004 0.0004 0.0005 0.0003 0.0003 0.0002 0.0001 0.0002 0.0003 0.0005 0.0004 0.0002 0.0005 0.0003 0.0003 0.0003 
0.0003 0.0003 0.0002 0.0001 0.0002 0.0001 0.0004 0.0002 0.0001 0.0002 0.0002 0.0001 0.0002 0.0002 0.0004 0.0005 0.0003 0.0002 0.0002 0.0001 0.0004 0.0003 0.0004 0.0002 0.0001 0.0002 0.0003 0.0005 0.0004 0.0001 0.0002 0.0003 0.0004 0.0002 0.0004 0.0002 0.0004 0.0003 0.0002 0.0003 0.0005 0.0003 0.0002 0.0002 0.0005 0.0002 0.0003 0.0002 0.0002 0.0005 0.0002 0.0002 0.0005 0.0004 0.0003 0.0006 0.0005 0.0004 0.0003 0.0004 0.0002 0.0002 0.0004 0.0004 
0.0006 0.0003 0.0002 0.0002 0.0001 0.0001 0.0002 0.0002 0.0002 0.0001 0.0002 0.0003 0.0004 0.0003 0.0002 0.0004 0.0005 0.0006 0.0003 0.0002 0.0001 0.0005 0.0003 0.0003 0.0002 0.0002 0.0001 0.0002 0.0004 0.0004 0.0004 0.0005 0.0002 0.0003 0.0002 0.0002 0.0007 0.0004 0.0003 0.0002 0.0005 0.0003 0.0002 0.0004 0.0004 0.0007 0.0004 0.0002 0.0006 0.0003 0.0004 0.0001 0.0005 0.0005 0.0002 0.0003 0.0004 0.0002 0.0004 0.0005 0.0002 0.0004 0.0003 0.0002 
0.0005 0.0002 0.0003 0.0003 0.0000 0.0002 0.0001 0.0003 0.0001 0.0001 0.0002 0.0002 0.0003 0.0004 0.0001 0.0004 0.0004 0.0004 0.0002 0.0003 0.0002 0.0003 0.0004 0.0003 0.0002 0.0003 0.0001 0.0002 0.0004 0.0004 0.0006 0.0007 0.0002 0.0003 0.0003 0.0002 0.0004 0.0005 0.0003 0.0003 0.0005 0.0001 0.0002 0.0005 0.0002 0.0007 0.0002 0.0002 0.0005 0.0005 0.0003 0.0004 0.0001 0.0005 0.0003 0.0005 0.0004 0.0002 0.0001 0.0007 0.0002 0.0002 0.0004 0.0005 
0.0006 0.0004 0.0002 0.0002 0.0001 0.0001 0.0003 0.0002 0.0002 0.0003 0.0001 0.0003 0.0003 0.0002 0.0001 0.0004 0.0003 0.0001 0.0002 0.0001 0.0006 0.0002 0.0003 0.0004 0.0002 0.0003 0.0002 0.0001 0.0005 0.0004 0.0003 0.0001 0.0001 0.0004 0.0004 0.0003 0.0003 0.0003 0.0002 0.0003 0.0002 0.0002 0.0002 0.0003 0.0002 0.0006 0.0003 0.0004 0.0005 0.0004 0.0002 0.0002 0.0004 0.0001 0.0002 0.0006 0.0004 0.0004 0.0004 0.0004 0.0004 0.0004 0.0003 0.0004 
0.0009 0.0003 0.0001 0.0002 0.0001 0.0002 0.0002 0.0002 0.0003 0.0003 0.0002 0.0003 0.0004 0.0002 0.0005 0.0002 0.0004 0.0005 0.0003 0.0003 0.0003 0.0002 0.0002 0.0004 0.0003 0.0002 0.0001 0.0003 0.0002 0.0008 0.0002 0.0003 0.0001 0.0002 0.0002 0.0002 0.0002 0.0002 0.0004 0.0004 0.0005 0.0004 0.0003 0.0003 0.0003 0.0003 0.0008 0.0003 0.0003 0.0004 0.0006 0.0004 0.0004 0.0003 0.0002 0.0003 0.0003 0.0004 0.0003 0.0004 0.0003 0.0004 0.0003 0.0002 
0.0006 0.0001 0.0002 0.0002 0.0001 0.0002 0.0003 0.0001 0.0003 0.0002 0.0001 0.0003 0.0003 0.0004 0.0005 0.0001 0.0005 0.0002 0.0003 0.0003 0.0003 0.0002 0.0003 0.0003 0.0002 0.0002 0.0002 0.0002 0.0003 0.0004 0.0002 0.0004 0.0004 0.0006 0.0003 0.0002 0.0003 0.0002 0.0002 0.0001 0.0004 0.0002 0.0004 0.0002 0.0005 0.0003 0.0003 0.0003 0.0004 0.0003 0.0003 0.0007 0.0004 0.0003 0.0005 0.0005 0.0006 0.0004 0.0006 0.0003 0.0003 0.0004 0.0004 0.0002 
0.0004 0.0002 0.0002 0.0001 0.0002 0.0001 0.0003 0.0003 0.0003 0.0004 0.0002 0.0005 0.0002 0.0002 0.0006 0.0009 0.0009 0.0009 0.0004 0.0004 0.0001 0.0002 0.0005 0.0003 0.0006 0.0002 0.0002 0.0002 0.0006 0.0008 0.0007 0.0002 0.0004 0.0002 0.0004 0.0003 0.0004 0.0007 0.0004 0.0004 0.0007 0.0007 0.0003 0.0005 0.0003 0.0003 0.0003 0.0002 0.0003 0.0002 0.0007 0.0004 0.0003 0.0004 0.0005 0.0006 0.0004 0.0001 0.0003 0.0004 0.0004 0.0005 0.0002 0.0004 
0.0029 0.0093 0.0178 0.0109 0.0085 0.0075 0.0035 0.0060 0.0055 0.0042 0.0039 0.0116 0.0142 0.0204 0.0302 0.0354 0.0329 0.0299 0.0195 0.0153 0.0051 0.0048 0.0086 0.0076 0.0093 0.0043 0.0039 0.0116 0.0048 0.0104 0.0071 0.0034 0.0028 0.0033 0.0031 0.0029 0.0030 0.0025 0.0020 0.0020 0.0035 0.0047 0.0031 0.0024 0.0010 0.0033 0.0037 0.0029 0.0033 0.0020 0.0018 0.0018 0.0022 0.0023 0.0018 0.0019 0.0014 0.0021 0.0021 0.0019 0.0019 0.0017 0.0019 0.0018 
0.0153 0.0582 0.0588 0.0488 0.0246 0.0159 0.0245 0.0108 0.0161 0.0176 0.0127 0.0199 0.0287 0.0322 0.1948 0.2710 0.2316 0.2012 0.1004 0.0638 0.0111 0.0155 0.0211 0.0167 0.0442 0.1022 0.1083 0.0953 0.0921 0.0510 0.0203 0.0050 0.0056 0.0051 0.0049 0.0043 0.0035 0.0039 0.0031 0.0031 0.0033 0.0029 0.0020 0.0025 0.0021 0.0026 0.0032 0.0027 0.0023 0.0022 0.0022 0.0023 0.0014 0.0020 0.0024 0.0022 0.0021 0.0019 0.0020 0.0022 0.0018 0.0020 0.0020 0.0021 
0.0877 0.1587 0.2048 0.1226 0.1059 0.0576 0.0556 0.0820 0.0717 0.0698 0.0559 0.0924 0.1355 0.1707 0.2434 0.4110 0.2033 0.3398 0.1733 0.2277 0.1108 0.0538 0.0628 0.1020 0.1931 0.2582 0.2453 0.3123 0.1926 0.1894 0.1396 0.0760 0.0612 0.0431 0.0432 0.0301 0.0336 0.0282 0.0271 0.0247 0.0213 0.0211 0.0192 0.0180 0.0176 0.0166 0.0161 0.0149 0.0151 0.0141 0.0138 0.0140 0.0125 0.0125 0.0123 0.0118 0.0121 0.0117 0.0117 0.0114 0.0113 0.0112 0.0110 0.0110 
0.0709 0.0818 0.1525 0.1169 0.1560 0.0409 0.0376 0.0362 0.0395 0.0380 0.0559 0.0593 0.0722 0.1187 0.1971 0.4345 0.5139 0.2178 0.1330 0.1231 0.0819 0.0780 0.0722 0.0559 0.1648 0.1601 0.1640 0.1898 0.1798 0.1631 0.0968 0.0541 0.0629 0.0432 0.0385 0.0284 0.0248 0.0249 0.0239 0.0217 0.0196 0.0188 0.0181 0.0166 0.0152 0.0148 0.0148 0.0137 0.0134 0.0133 0.0128 0.0120 0.0128 0.0121 0.0113 0.0111 0.0109 0.0110 0.0107 0.0110 0.0103 0.0107 0.0104 0.0103 
0.0405 0.0989 0.1987 0.2801 0.1646 0.0339 0.0219 0.0295 0.0178 0.0211 0.0221 0.0319 0.0547 0.0720 0.1228 0.3914 0.4752 0.2789 0.1763 0.1609 0.0434 0.1097 0.1436 0.1256 0.2227 0.1740 0.2850 0.2505 0.2883 0.2075 0.1357 0.0905 0.0235 0.0155 0.0086 0.0129 0.0082 0.0059 0.0057 0.0030 0.0046 0.0042 0.0038 0.0036 0.0041 0.0033 0.0033 0.0024 0.0030 0.0028 0.0031 0.0034 0.0030 0.0031 0.0030 0.0030 0.0031 0.0026 0.0028 0.0030 0.0028 0.0030 0.0027 0.0029 
0.0354 0.1508 0.1020 0.3532 0.2463 0.0480 0.0306 0.0744 0.0350 0.0532 0.0318 0.0527 0.0495 0.0395 0.2519 0.5458 0.5502 0.2899 0.1892 0.2095 0.0894 0.1566 0.1635 0.0756 0.1644 0.1638 0.2122 0.2352 0.4104 0.2343 0.0857 0.0848 0.0171 0.0133 0.0212 0.0097 0.0204 0.0068 0.0059 0.0045 0.0057 0.0037 0.0046 0.0044 0.0035 0.0037 0.0029 0.0031 0.0026 0.0022 0.0027 0.0015 0.0017 0.0016 0.0015 0.0019 0.0004 0.0013 0.0011 0.0006 0.0007 0.0007 0.0003 0.0005 
0.0490 0.0848 0.0964 0.3011 0.2185 0.1054 0.0493 0.0455 0.0349 0.0507 0.0569 0.0687 0.0672 0.0873 0.2038 0.4032 0.7236 0.3375 0.1980 0.1489 0.0291 0.1121 0.1437 0.1236 0.1850 0.1968 0.1503 0.2035 0.2447 0.1711 0.1155 0.0777 0.0584 0.0426 0.0360 0.0209 0.0199 0.0147 0.0190 0.0140 0.0153 0.0132 0.0119 0.0114 0.0102 0.0102 0.0100 0.0094 0.0087 0.0088 0.0084 0.0077 0.0078 0.0075 0.0073 0.0072 0.0072 0.0069 0.0065 0.0065 0.0065 0.0067 0.0068 0.0067 
0.0164 0.1037 0.1183 0.2244 0.2340 0.1136 0.0823 0.0805 0.0896 0.0863 0.0572 0.1174 0.1130 0.1391 0.2596 0.7691 0.3683 0.1854 0.1760 0.0992 0.0314 0.0915 0.1419 0.1409 0.0995 0.0688 0.1350 0.1403 0.1861 0.1707 0.1487 0.0903 0.0832 0.0461 0.0402 0.0296 0.0217 0.0291 0.0192 0.0176 0.0178 0.0153 0.0139 0.0126 0.0112 0.0109 0.0100 0.0090 0.0089 0.0081 0.0077 0.0070 0.0066 0.0061 0.0059 0.0059 0.0051 0.0049 0.0049 0.0047 0.0045 0.0044 0.0042 0.0040 
0.0116 0.1100 0.1229 0.1300 0.2547 0.0941 0.0294 0.0508 0.0682 0.0633 0.0552 0.0149 0.0494 0.0894 0.3558 0.6206 0.3799 0.1727 0.1448 0.1057 0.0378 0.0578 0.1031 0.1133 0.1216 0.0756 0.1172 0.1497 0.1679 0.1407 0.1586 0.1426 0.0363 0.0125 0.0114 0.0052 0.0059 0.0134 0.0112 0.0103 0.0080 0.0081 0.0075 0.0071 0.0069 0.0075 0.0067 0.0061 0.0060 0.0062 0.0060 0.0065 0.0057 0.0056 0.0061 0.0051 0.0057 0.0054 0.0055 0.0056 0.0052 0.0054 0.0056 0.0051 
0.0382 0.0955 0.1142 0.1217 0.1873 0.1019 0.0324 0.0403 0.0551 0.0388 0.0317 0.0380 0.0310 0.0641 0.3573 0.2751 0.2541 0.0897 0.0577 0.0888 0.0482 0.0558 0.0445 0.0535 0.0649 0.0484 0.0811 0.0758 0.0722 0.1257 0.0630 0.0762 0.0276 0.0190 0.0085 0.0040 0.0076 0.0059 0.0010 0.0056 0.0008 0.0017 0.0011 0.0013 0.0014 0.0004 0.0005 0.0004 0.0006 0.0006 0.0006 0.0002 0.0005 0.0006 0.0007 0.0005 0.0003 0.0007 0.0006 0.0003 0.0002 0.0003 0.0003 0.0006 
0.0273 0.1005 0.0680 0.0783 0.0507 0.0816 0.0158 0.0298 0.0163 0.0163 0.0339 0.0308 0.0266 0.0617 0.2228 0.1055 0.0679 0.0542 0.0105 0.0688 0.0316 0.0278 0.0350 0.0206 0.0262 0.0243 0.0377 0.0490 0.0594 0.0406 0.0471 0.0534 0.0218 0.0110 0.0061 0.0030 0.0064 0.0027 0.0019 0.0013 0.0009 0.0012 0.0008 0.0008 0.0009 0.0008 0.0013 0.0004 0.0011 0.0010 0.0007 0.0007 0.0018 0.0006 0.0005 0.0007 0.0009 0.0007 0.0007 0.0009 0.0008 0.0009 0.0009 0.0009 
0.0287 0.0675 0.0547 0.0523 0.0167 0.0492 0.0250 0.0125 0.0094 0.0124 0.0235 0.0140 0.0219 0.0374 0.0349 0.0384 0.0280 0.0322 0.0089 0.0157 0.0169 0.0240 0.0211 0.0107 0.0104 0.0039 0.0111 0.0122 0.0193 0.0206 0.0149 0.0057 0.0163 0.0035 0.0044 0.0041 0.0042 0.0022 0.0022 0.0018 0.0024 0.0024 0.0025 0.0019 0.0016 0.0028 0.0019 0.0014 0.0020 0.0016 0.0017 0.0011 0.0026 0.0019 0.0020 0.0017 0.0018 0.0022 0.0019 0.0017 0.0015 0.0021 0.0014 0.0013 
0.0134 0.0537 0.0197 0.0380 0.0154 0.0391 0.0059 0.0074 0.0065 0.0031 0.0106 0.0087 0.0094 0.0295 0.0288 0.0170 0.0571 0.0072 0.0058 0.0084 0.0146 0.0331 0.0184 0.0072 0.0086 0.0072 0.0078 0.0061 0.0118 0.0073 0.0091 0.0033 0.0084 0.0033 0.0025 0.0019 0.0015 0.0012 0.0015 0.0015 0.0014 0.0010 0.0012 0.0010 0.0009 0.0011 0.0007 0.0014 0.0011 0.0011 0.0009 0.0006 0.0013 0.0012 0.0014 0.0009 0.0007 0.0009 0.0010 0.0010 0.0008 0.0010 0.0009 0.0011 
0.0156 0.0348 0.0109 0.0388 0.0136 0.0202 0.0071 0.0057 0.0048 0.0072 0.0071 0.0052 0.0047 0.0063 0.0139 0.0224 0.0365 0.0079 0.0049 0.0081 0.0122 0.0303 0.0224 0.0030 0.0095 0.0034 0.0023 0.0020 0.0038 0.0033 0.0085 0.0020 0.0040 0.0012 0.0010 0.0010 0.0007 0.0009 0.0006 0.0008 0.0007 0.0003 0.0007 0.0003 0.0006 0.0006 0.0004 0.0007 0.0009 0.0006 0.0009 0.0005 0.0004 0.0007 0.0004 0.0009 0.0004 0.0003 0.0005 0.0004 0.0005 0.0006 0.0005 0.0003 
0.0123 0.0258 0.0119 0.0316 0.0100 0.0120 0.0018 0.0044 0.0020 0.0049 0.0039 0.0042 0.0024 0.0069 0.0076 0.0155 0.0188 0.0113 0.0055 0.0051 0.0036 0.0129 0.0143 0.0035 0.0040 0.0028 0.0018 0.0018 0.0017 0.0018 0.0020 0.0017 0.0034 0.0006 0.0008 0.0008 0.0010 0.0010 0.0007 0.0006 0.0008 0.0006 0.0010 0.0006 0.0007 0.0005 0.0005 0.0008 0.0008 0.0007 0.0006 0.0006 0.0002 0.0007 0.0004 0.0006 0.0003 0.0004 0.0005 0.0006 0.0006 0.0005 0.0006 0.0004 
0.0085 0.0280 0.0078 0.0221 0.0136 0.0107 0.0061 0.0058 0.0032 0.0051 0.0029 0.0026 0.0033 0.0033 0.0026 0.0080 0.0163 0.0027 0.0031 0.0052 0.0003 0.0022 0.0089 0.0040 0.0024 0.0004 0.0004 0.0007 0.0009 0.0010 0.0018 0.0016 0.0031 0.0005 0.0004 0.0004 0.0002 0.0004 0.0001 0.0004 0.0004 0.0004 0.0003 0.0003 0.0004 0.0007 0.0003 0.0002 0.0001 0.0002 0.0002 0.0004 0.0004 0.0006 0.0003 0.0003 0.0005 0.0002 0.0003 0.0005 0.0004 0.0004 0.0003 0.0004 
0.0080 0.0165 0.0074 0.0109 0.0043 0.0056 0.0013 0.0012 0.0018 0.0016 0.0022 0.0007 0.0011 0.0036 0.0032 0.0054 0.0059 0.0033 0.0009 0.0028 0.0011 0.0044 0.0011 0.0007 0.0014 0.0015 0.0005 0.0005 0.0008 0.0004 0.0011 0.0006 0.0009 0.0006 0.0006 0.0009 0.0011 0.0006 0.0007 0.0004 0.0004 0.0005 0.0004 0.0004 0.0007 0.0007 0.0005 0.0003 0.0007 0.0004 0.0005 0.0007 0.0006 0.0003 0.0002 0.0006 0.0005 0.0004 0.0004 0.0003 0.0002 0.0003 0.0002 0.0004 
0.0047 0.0176 0.0102 0.0084 0.0114 0.0071 0.0030 0.0051 0.0098 0.0095 0.0025 0.0018 0.0046 0.0058 0.0110 0.0202 0.0235 0.0066 0.0051 0.0068 0.0008 0.0134 0.0063 0.0035 0.0071 0.0091 0.0032 0.0137 0.0103 0.0049 0.0066 0.0050 0.0030 0.0021 0.0048 0.0045 0.0050 0.0065 0.0043 0.0048 0.0088 0.0091 0.0055 0.0118 0.0047 0.0035 0.0068 0.0147 0.0078 0.0141 0.0033 0.0057 0.0055 0.0147 0.0160 0.0041 0.0050 0.0038 0.0020 0.0016 0.0012 0.0012 0.0008 0.0009 
0.0062 0.0124 0.0063 0.0033 0.0084 0.0066 0.0030 0.0063 0.0031 0.0035 0.0022 0.0025 0.0038 0.0037 0.0043 0.0106 0.0061 0.0034 0.0028 0.0035 0.0021 0.0039 0.0057 0.0029 0.0050 0.0060 0.0029 0.0040 0.0038 0.0021 0.0034 0.0018 0.0027 0.0015 0.0030 0.0030 0.0057 0.0024 0.0025 0.0035 0.0054 0.0034 0.0037 0.0076 0.0040 0.0026 0.0065 0.0148 0.0060 0.0033 0.0055 0.0076 0.0025 0.0059 0.0077 0.0068 0.0027 0.0014 0.0027 0.0015 0.0006 0.0011 0.0011 0.0008 
0.0032 0.0121 0.0076 0.0046 0.0026 0.0028 0.0029 0.0020 0.0047 0.0036 0.0038 0.0007 0.0013 0.0032 0.0077 0.0035 0.0032 0.0008 0.0012 0.0005 0.0007 0.0006 0.0010 0.0005 0.0013 0.0013 0.0008 0.0004 0.0016 0.0005 0.0010 0.0011 0.0002 0.0004 0.0013 0.0011 0.0009 0.0010 0.0014 0.0011 0.0014 0.0005 0.0016 0.0013 0.0012 0.0009 0.0020 0.0013 0.0011 0.0019 0.0011 0.0026 0.0019 0.0015 0.0013 0.0011 0.0007 0.0002 0.0009 0.0003 0.0007 0.0003 0.0006 0.0002 
0.0021 0.0111 0.0041 0.0031 0.0024 0.0022 0.0014 0.0023 0.0025 0.0022 0.0021 0.0010 0.0008 0.0023 0.0029 0.0016 0.0029 0.0007 0.0019 0.0006 0.0001 0.0007 0.0004 0.0002 0.0005 0.0009 0.0002 0.0007 0.0003 0.0003 0.0006 0.0005 0.0006 0.0002 0.0007 0.0009 0.0015 0.0004 0.0002 0.0005 0.0022 0.0016 0.0016 0.0007 0.0012 0.0006 0.0003 0.0015 0.0008 0.0016 0.0020 0.0011 0.0015 0.0008 0.0007 0.0004 0.0004 0.0002 0.0004 0.0002 0.0002 0.0002 0.0002 0.0003 
0.0043 0.0073 0.0026 0.0054 0.0027 0.0031 0.0019 0.0013 0.0026 0.0008 0.0025 0.0010 0.0024 0.0014 0.0030 0.0013 0.0033 0.0005 0.0006 0.0002 0.0004 0.0004 0.0005 0.0003 0.0003 0.0003 0.0002 0.0006 0.0005 0.0002 0.0005 0.0004 0.0005 0.0004 0.0001 0.0002 0.0009 0.0005 0.0004 0.0004 0.0007 0.0015 0.0006 0.0007 0.0004 0.0004 0.0004 0.0005 0.0004 0.0007 0.0008 0.0006 0.0013 0.0004 0.0005 0.0003 0.0001 0.0003 0.0002 0.0004 0.0005 0.0003 0.0002 0.0003 
0.0012 0.0065 0.0018 0.0038 0.0045 0.0054 0.0012 0.0024 0.0025 0.0006 0.0019 0.0011 0.0017 0.0005 0.0010 0.0007 0.0008 0.0002 0.0005 0.0003 0.0004 0.0002 0.0002 0.0003 0.0004 0.0002 0.0004 0.0003 0.0003 0.0001 0.0002 0.0003 0.0003 0.0003 0.0003 0.0004 0.0006 0.0005 0.0004 0.0004 0.0004 0.0007 0.0005 0.0007 0.0002 0.0003 0.0003 0.0007 0.0006 0.0007 0.0008 0.0003 0.0003 0.0003 0.0004 0.0003 0.0004 0.0006 0.0002 0.0002 0.0005 0.0003 0.0003 0.0004 
0.0021 0.0032 0.0021 0.0055 0.0039 0.0028 0.0009 0.0019 0.0017 0.0009 0.0006 0.0013 0.0019 0.0006 0.0008 0.0007 0.0002 0.0002 0.0004 0.0002 0.0001 0.0002 0.0002 0.0002 0.0003 0.0003 0.0002 0.0003 0.0003 0.0003 0.0003 0.0002 0.0003 0.0003 0.0001 0.0004 0.0002 0.0005 0.0004 0.0003 0.0003 0.0005 0.0004 0.0003 0.0005 0.0003 0.0005 0.0004 0.0002 0.0007 0.0003 0.0005 0.0005 0.0003 0.0003 0.0003 0.0003 0.0002 0.0004 0.0003 0.0004 0.0002 0.0003 0.0008 
0.0008 0.0038 0.0022 0.0020 0.0025 0.0018 0.0007 0.0005 0.0017 0.0006 0.0002 0.0012 0.0013 0.0009 0.0004 0.0004 0.0005 0.0003 0.0004 0.0002 0.0002 0.0002 0.0002 0.0003 0.0002 0.0002 0.0003 0.0003 0.0003 0.0002 0.0004 0.0002 0.0002 0.0001 0.0003 0.0003 0.0004 0.0003 0.0007 0.0005 0.0005 0.0006 0.0005 0.0005 0.0002 0.0003 0.0003 0.0007 0.0003 0.0003 0.0009 0.0005 0.0002 0.0002 0.0003 0.0004 0.0004 0.0002 0.0003 0.0004 0.0003 0.0004 0.0002 0.0003 
0.0005 0.0034 0.0008 0.0016 0.0010 0.0019 0.0007 0.0005 0.0008 0.0005 0.0004 0.0008 0.0012 0.0005 0.0002 0.0003 0.0006 0.0005 0.0004 0.0002 0.0003 0.0003 0.0006 0.0003 0.0002 0.0002 0.0003 0.0003 0.0003 0.0002 0.0002 0.0001 0.0002 0.0002 0.0003 0.0004 0.0003 0.0005 0.0008 0.0006 0.0005 0.0004 0.0003 0.0002 0.0002 0.0004 0.0005 0.0003 0.0005 0.0002 0.0004 0.0004 0.0004 0.0004 0.0004 0.0003 0.0005 0.0003 0.0004 0.0006 0.0003 0.0003 0.0001 0.0003 
0.0011 0.0016 0.0001 0.0011 0.0002 0.0008 0.0004 0.0005 0.0006 0.0007 0.0004 0.0007 0.0017 0.0005 0.0002 0.0002 0.0006 0.0002 0.0002 0.0003 0.0003 0.0003 0.0004 0.0004 0.0002 0.0002 0.0003 0.0002 0.0002 0.0001 0.0002 0.0002 0.0005 0.0003 0.0003 0.0004 0.0003 0.0003 0.0002 0.0003 0.0003 0.0003 0.0003 0.0004 0.0004 0.0003 0.0002 0.0003 0.0006 0.0004 0.0004 0.0004 0.0006 0.0003 0.0002 0.0004 0.0002 0.0003 0.0006 0.0002 0.0006 0.0003 0.0003 0.0003 
0.0006 0.0016 0.0004 0.0004 0.0002 0.0004 0.0005 0.0004 0.0006 0.0003 0.0001 0.0003 0.0011 0.0005 0.0003 0.0002 0.0003 0.0003 0.0002 0.0001 0.0003 0.0003 0.0003 0.0002 0.0002 0.0002 0.0003 0.0001 0.0001 0.0002 0.0008 0.0004 0.0002 0.0003 0.0001 0.0003 0.0005 0.0003 0.0003 0.0001 0.0003 0.0001 0.0003 0.0003 0.0002 0.0004 0.0003 0.0004 0.0005 0.0004 0.0003 0.0003 0.0005 0.0003 0.0003 0.0004 0.0002 0.0003 0.0003 0.0001 0.0006 0.0003 0.0004 0.0004 
0.0007 0.0014 0.0002 0.0010 0.0003 0.0002 0.0002 0.0003 0.0003 0.0001 0.0001 0.0002 0.0004 0.0004 0.0002 0.0004 0.0001 0.0004 0.0003 0.0002 0.0003 0.0002 0.0002 0.0002 0.0004 0.0001 0.0003 0.0003 0.0004 0.0002 0.0006 0.0002 0.0003 0.0003 0.0004 0.0002 0.0002 0.0006 0.0002 0.0002 0.0003 0.0005 0.0002 0.0003 0.0004 0.0004 0.0003 0.0005 0.0002 0.0002 0.0007 0.0004 0.0003 0.0004 0.0003 0.0005 0.0004 0.0004 0.0002 0.0002 0.0002 0.0001 0.0002 0.0003 
0.0011 0.0011 0.0004 0.0010 0.0002 0.0002 0.0002 0.0001 0.0003 0.0002 0.0002 0.0000 0.0003 0.0002 0.0003 0.0004 0.0003 0.0001 0.0001 0.0003 0.0003 0.0002 0.0003 0.0001 0.0003 0.0001 0.0003 0.0002 0.0004 0.0006 0.0005 0.0002 0.0001 0.0002 0.0002 0.0003 0.0004 0.0003 0.0003 0.0001 0.0003 0.0003 0.0003 0.0005 0.0003 0.0004 0.0003 0.0003 0.0004 0.0003 0.0008 0.0005 0.0001 0.0004 0.0006 0.0004 0.0003 0.0003 0.0003 0.0002 0.0006 0.0002 0.0005 0.0002 
0.0008 0.0012 0.0004 0.0010 0.0003 0.0002 0.0002 0.0001 0.0002 0.0004 0.0002 0.0001 0.0001 0.0001 0.0003 0.0004 0.0004 0.0003 0.0003 0.0002 0.0002 0.0001 0.0003 0.0004 0.0002 0.0003 0.0002 0.0003 0.0002 0.0003 0.0003 0.0003 0.0002 0.0001 0.0002 0.0002 0.0004 0.0003 0.0003 0.0005 0.0001 0.0002 0.0002 0.0004 0.0002 0.0004 0.0003 0.0006 0.0003 0.0002 0.0005 0.0003 0.0006 0.0003 0.0003 0.0004 0.0003 0.0003 0.0005 0.0002 0.0002 0.0003 0.0001 0.0003 
0.0010 0.0004 0.0003 0.0009 0.0002 0.0001 0.0001 0.0002 0.0001 0.0005 0.0003 0.0002 0.0002 0.0003 0.0003 0.0002 0.0003 0.0003 0.0003 0.0002 0.0003 0.0003 0.0003 0.0005 0.0004 0.0001 0.0002 0.0003 0.0001 0.0003 0.0005 0.0002 0.0005 0.0005 0.0005 0.0003 0.0003 0.0003 0.0002 0.0003 0.0005 0.0004 0.0003 0.0004 0.0002 0.0003 0.0006 0.0005 0.0005 0.0005 0.0003 0.0003 0.0002 0.0003 0.0006 0.0004 0.0002 0.0003 0.0004 0.0003 0.0001 0.0004 0.0004 0.0003 
0.0002 0.0004 0.0001 0.0009 0.0001 0.0001 0.0002 0.0002 0.0004 0.0004 0.0002 0.0003 0.0002 0.0002 0.0004 0.0003 0.0002 0.0001 0.0002 0.0003 0.0001 0.0004 0.0002 0.0001 0.0005 0.0003 0.0003 0.0002 0.0004 0.0004 0.0007 0.0004 0.0003 0.0003 0.0004 0.0003 0.0003 0.0001 0.0004 0.0004 0.0004 0.0002 0.0002 0.0003 0.0004 0.0003 0.0004 0.0004 0.0002 0.0004 0.0003 0.0006 0.0005 0.0003 0.0003 0.0004 0.0005 0.0005 0.0004 0.0003 0.0004 0.0001 0.0003 0.0003 
0.0001 0.0002 0.0001 0.0006 0.0002 0.0002 0.0001 0.0003 0.0004 0.0003 0.0002 0.0002 0.0002 0.0004 0.0001 0.0002 0.0001 0.0002 0.0002 0.0002 0.0001 0.0001 0.0001 0.0003 0.0001 0.0002 0.0001 0.0002 0.0004 0.0002 0.0002 0.0003 0.0003 0.0004 0.0002 0.0003 0.0004 0.0005 0.0003 0.0008 0.0006 0.0002 0.0002 0.0003 0.0003 0.0008 0.0004 0.0005 0.0004 0.0003 0.0003 0.0002 0.0003 0.0003 0.0003 0.0003 0.0002 0.0003 0.0002 0.0002 0.0002 0.0006 0.0002 0.0003 
0.0001 0.0003 0.0002 0.0004 0.0001 0.0002 0.0003 0.0002 0.0005 0.0002 0.0002 0.0002 0.0001 0.0004 0.0002 0.0002 0.0002 0.0001 0.0002 0.0002 0.0003 0.0003 0.0003 0.0003 0.0002 0.0003 0.0004 0.0002 0.0001 0.0002 0.0007 0.0001 0.0004 0.0003 0.0005 0.0003 0.0002 0.0004 0.0002 0.0003 0.0001 0.0004 0.0005 0.0002 0.0002 0.0004 0.0003 0.0005 0.0002 0.0004 0.0004 0.0003 0.0004 0.0004 0.0002 0.0003 0.0003 0.0003 0.0003 0.0004 0.0003 0.0002 0.0001 0.0006 
0.0001 0.0002 0.0001 0.0003 0.0001 0.0001 0.0002 0.0001 0.0002 0.0003 0.0003 0.0002 0.0002 0.0004 0.0002 0.0001 0.0002 0.0002 0.0003 0.0002 0.0002 0.0002 0.0002 0.0003 0.0003 0.0002 0.0003 0.0001 0.0001 0.0002 0.0005 0.0002 0.0004 0.0002 0.0003 0.0002 0.0002 0.0003 0.0004 0.0005 0.0002 0.0003 0.0009 0.0002 0.0004 0.0003 0.0003 0.0004 0.0003 0.0004 0.0003 0.0002 0.0003 0.0005 0.0005 0.0008 0.0002 0.0004 0.0004 0.0001 0.0006 0.0004 0.0004 0.0004 
0.0002 0.0001 0.0002 0.0002 0.0001 0.0002 0.0002 0.0002 0.0002 0.0003 0.0001 0.0001 0.0003 0.0002 0.0003 0.0002 0.0003 0.0002 0.0004 0.0001 0.0004 0.0002 0.0002 0.0003 0.0003 0.0003 0.0002 0.0002 0.0003 0.0005 0.0005 0.0003 0.0002 0.0003 0.0003 0.0004 0.0002 0.0004 0.0004 0.0001 0.0003 0.0004 0.0004 0.0004 0.0002 0.0005 0.0004 0.0005 0.0003 0.0004 0.0002 0.0003 0.0009 0.0004 0.0003 0.0004 0.0004 0.0004 0.0003 0.0004 0.0004 0.0004 0.0004 0.0002 
0.0001 0.0002 0.0001 0.0001 0.0001 0.0002 0.0001 0.0004 0.0004 0.0002 0.0002 0.0001 0.0002 0.0005 0.0002 0.0002 0.0001 0.0001 0.0002 0.0002 0.0002 0.0003 0.0003 0.0002 0.0006 0.0004 0.0004 0.0003 0.0003 0.0004 0.0004 0.0002 0.0001 0.0003 0.0005 0.0004 0.0003 0.0004 0.0003 0.0001 0.0003 0.0003 0.0003 0.0004 0.0003 0.0003 0.0004 0.0002 0.0006 0.0005 0.0004 0.0002 0.0003 0.0001 0.0002 0.0002 0.0005 0.0004 0.0003 0.0004 0.0003 0.0003 0.0003 0.0006 
