0.0003 0.0002 0.0005 0.0002 0.0003 0.0002 0.0002 0.0003 0.0003 0.0004 0.0004 0.0006 0.0005 0.0004 0.0004 0.0004 0.0006 0.0002 0.0009 0.0005 0.0004 0.0003 0.0004 0.0002 0.0003 0.0003 0.0004 0.0001 0.0003 0.0004 0.0002 0.0003 0.0001 0.0008 0.0007 0.0008 0.0005 0.0011 0.0004 0.0006 0.0002 0.0002 0.0006 0.0002 0.0003 0.0002 0.0001 0.0003 0.0004 0.0003 0.0002 0.0004 0.0004 0.0004 0.0003 0.0002 0.0004 0.0004 0.0002 0.0003 0.0003 0.0006 0.0002 0.0005 
0.0003 0.0003 0.0003 0.0002 0.0001 0.0003 0.0004 0.0003 0.0004 0.0003 0.0001 0.0002 0.0004 0.0004 0.0004 0.0004 0.0003 0.0003 0.0003 0.0005 0.0004 0.0002 0.0004 0.0002 0.0002 0.0003 0.0002 0.0002 0.0001 0.0007 0.0003 0.0003 0.0003 0.0006 0.0002 0.0005 0.0003 0.0005 0.0003 0.0006 0.0006 0.0005 0.0001 0.0006 0.0002 0.0002 0.0004 0.0005 0.0003 0.0001 0.0006 0.0003 0.0002 0.0003 0.0002 0.0002 0.0002 0.0003 0.0002 0.0002 0.0002 0.0003 0.0003 0.0004 
0.0002 0.0003 0.0002 0.0002 0.0004 0.0004 0.0002 0.0002 0.0004 0.0001 0.0003 0.0003 0.0005 0.0001 0.0003 0.0003 0.0003 0.0002 0.0009 0.0007 0.0004 0.0004 0.0007 0.0003 0.0004 0.0003 0.0004 0.0002 0.0004 0.0003 0.0007 0.0006 0.0003 0.0003 0.0005 0.0002 0.0003 0.0011 0.0003 0.0004 0.0004 0.0006 0.0007 0.0006 0.0004 0.0005 0.0002 0.0006 0.0006 0.0005 0.0002 0.0005 0.0005 0.0005 0.0001 0.0004 0.0005 0.0003 0.0002 0.0002 0.0004 0.0002 0.0006 0.0005 
0.0002 0.0003 0.0002 0.0002 0.0004 0.0005 0.0002 0.0002 0.0001 0.0002 0.0002 0.0001 0.0003 0.0001 0.0003 0.0003 0.0002 0.0001 0.0005 0.0005 0.0003 0.0004 0.0002 0.0006 0.0002 0.0001 0.0002 0.0004 0.0002 0.0004 0.0002 0.0003 0.0002 0.0001 0.0004 0.0002 0.0002 0.0004 0.0002 0.0006 0.0003 0.0005 0.0002 0.0004 0.0004 0.0004 0.0005 0.0003 0.0004 0.0003 0.0002 0.0004 0.0003 0.0007 0.0006 0.0002 0.0005 0.0002 0.0005 0.0003 0.0001 0.0003 0.0003 0.0003 
0.0002 0.0001 0.0002 0.0003 0.0001 0.0002 0.0002 0.0000 0.0002 0.0001 0.0001 0.0002 0.0004 0.0003 0.0004 0.0002 0.0002 0.0003 0.0003 0.0002 0.0002 0.0002 0.0003 0.0002 0.0006 0.0002 0.0003 0.0003 0.0003 0.0004 0.0006 0.0003 0.0001 0.0005 0.0005 0.0002 0.0004 0.0007 0.0001 0.0003 0.0003 0.0003 0.0005 0.0005 0.0003 0.0005 0.0006 0.0002 0.0004 0.0008 0.0007 0.0001 0.0005 0.0003 0.0004 0.0003 0.0003 0.0004 0.0002 0.0003 0.0004 0.0002 0.0002 0.0004 
0.0002 0.0002 0.0001 0.0002 0.0002 0.0003 0.0002 0.0001 0.0004 0.0003 0.0002 0.0001 0.0003 0.0002 0.0004 0.0002 0.0003 0.0001 0.0001 0.0003 0.0003 0.0003 0.0003 0.0002 0.0003 0.0003 0.0003 0.0002 0.0003 0.0003 0.0007 0.0004 0.0005 0.0004 0.0002 0.0002 0.0005 0.0003 0.0004 0.0003 0.0003 0.0002 0.0005 0.0004 0.0003 0.0004 0.0004 0.0006 0.0002 0.0005 0.0004 0.0003 0.0004 0.0001 0.0005 0.0003 0.0006 0.0002 0.0004 0.0003 0.0004 0.0004 0.0004 0.0003 
0.0002 0.0002 0.0002 0.0002 0.0002 0.0002 0.0002 0.0002 0.0004 0.0003 0.0002 0.0002 0.0002 0.0003 0.0002 0.0003 0.0002 0.0001 0.0001 0.0002 0.0005 0.0001 0.0002 0.0002 0.0005 0.0003 0.0003 0.0001 0.0002 0.0005 0.0003 0.0004 0.0003 0.0005 0.0004 0.0004 0.0009 0.0004 0.0002 0.0001 0.0004 0.0004 0.0014 0.0007 0.0008 0.0005 0.0008 0.0005 0.0003 0.0009 0.0006 0.0005 0.0005 0.0004 0.0004 0.0003 0.0003 0.0003 0.0004 0.0002 0.0002 0.0003 0.0002 0.0003 
0.0002 0.0001 0.0001 0.0002 0.0002 0.0001 0.0002 0.0002 0.0002 0.0001 0.0003 0.0001 0.0001 0.0001 0.0003 0.0001 0.0001 0.0002 0.0003 0.0002 0.0002 0.0001 0.0001 0.0002 0.0005 0.0002 0.0002 0.0007 0.0003 0.0006 0.0004 0.0006 0.0002 0.0003 0.0004 0.0002 0.0004 0.0005 0.0005 0.0002 0.0006 0.0003 0.0004 0.0004 0.0004 0.0002 0.0008 0.0003 0.0004 0.0007 0.0007 0.0005 0.0007 0.0002 0.0004 0.0004 0.0003 0.0002 0.0003 0.0004 0.0003 0.0003 0.0005 0.0003 
0.0002 0.0001 0.0003 0.0001 0.0001 0.0001 0.0002 0.0001 0.0002 0.0001 0.0003 0.0001 0.0002 0.0001 0.0002 0.0002 0.0003 0.0003 0.0004 0.0003 0.0002 0.0001 0.0002 0.0004 0.0003 0.0001 0.0004 0.0008 0.0002 0.0002 0.0004 0.0001 0.0001 0.0004 0.0002 0.0003 0.0004 0.0006 0.0004 0.0004 0.0004 0.0005 0.0007 0.0005 0.0003 0.0003 0.0006 0.0002 0.0003 0.0003 0.0005 0.0002 0.0006 0.0004 0.0004 0.0006 0.0005 0.0003 0.0002 0.0002 0.0004 0.0005 0.0004 0.0004 
0.0002 0.0002 0.0001 0.0002 0.0001 0.0002 0.0002 0.0001 0.0003 0.0005 0.0002 0.0002 0.0002 0.0002 0.0003 0.0002 0.0003 0.0005 0.0003 0.0002 0.0003 0.0001 0.0001 0.0006 0.0001 0.0002 0.0002 0.0003 0.0003 0.0003 0.0003 0.0003 0.0006 0.0004 0.0003 0.0003 0.0001 0.0001 0.0004 0.0003 0.0003 0.0002 0.0007 0.0006 0.0005 0.0005 0.0007 0.0004 0.0004 0.0003 0.0003 0.0004 0.0002 0.0003 0.0004 0.0003 0.0008 0.0003 0.0003 0.0003 0.0004 0.0004 0.0002 0.0003 
0.0001 0.0002 0.0002 0.0002 0.0002 0.0001 0.0002 0.0002 0.0003 0.0006 0.0001 0.0001 0.0001 0.0002 0.0001 0.0004 0.0002 0.0003 0.0004 0.0003 0.0003 0.0003 0.0002 0.0003 0.0003 0.0002 0.0001 0.0003 0.0003 0.0001 0.0002 0.0003 0.0003 0.0003 0.0003 0.0002 0.0001 0.0003 0.0004 0.0003 0.0002 0.0004 0.0006 0.0003 0.0004 0.0002 0.0004 0.0007 0.0005 0.0004 0.0004 0.0003 0.0004 0.0007 0.0007 0.0005 0.0003 0.0004 0.0005 0.0003 0.0004 0.0001 0.0005 0.0004 
0.0002 0.0001 0.0001 0.0001 0.0002 0.0001 0.0002 0.0001 0.0001 0.0004 0.0002 0.0001 0.0003 0.0003 0.0003 0.0003 0.0001 0.0002 0.0003 0.0002 0.0003 0.0007 0.0005 0.0002 0.0002 0.0003 0.0001 0.0002 0.0001 0.0002 0.0002 0.0003 0.0005 0.0003 0.0004 0.0004 0.0004 0.0004 0.0002 0.0002 0.0003 0.0007 0.0004 0.0004 0.0002 0.0003 0.0005 0.0003 0.0004 0.0004 0.0003 0.0003 0.0003 0.0004 0.0003 0.0004 0.0002 0.0003 0.0003 0.0002 0.0003 0.0005 0.0002 0.0003 
0.0002 0.0001 0.0001 0.0002 0.0001 0.0003 0.0001 0.0001 0.0002 0.0001 0.0003 0.0002 0.0003 0.0002 0.0002 0.0003 0.0002 0.0003 0.0001 0.0002 0.0003 0.0004 0.0006 0.0001 0.0003 0.0003 0.0004 0.0002 0.0004 0.0003 0.0003 0.0004 0.0004 0.0002 0.0003 0.0002 0.0004 0.0003 0.0005 0.0003 0.0002 0.0005 0.0004 0.0002 0.0003 0.0004 0.0005 0.0006 0.0003 0.0003 0.0003 0.0001 0.0005 0.0003 0.0003 0.0004 0.0002 0.0002 0.0002 0.0005 0.0004 0.0002 0.0003 0.0003 
0.0002 0.0002 0.0001 0.0002 0.0003 0.0003 0.0003 0.0003 0.0002 0.0001 0.0002 0.0005 0.0001 0.0002 0.0001 0.0002 0.0001 0.0002 0.0002 0.0002 0.0002 0.0002 0.0001 0.0002 0.0001 0.0006 0.0003 0.0001 0.0002 0.0003 0.0002 0.0004 0.0003 0.0002 0.0003 0.0003 0.0002 0.0004 0.0006 0.0003 0.0006 0.0008 0.0001 0.0003 0.0005 0.0004 0.0005 0.0007 0.0009 0.0004 0.0004 0.0003 0.0004 0.0004 0.0003 0.0004 0.0005 0.0001 0.0004 0.0003 0.0005 0.0002 0.0005 0.0004 
0.0002 0.0002 0.0001 0.0001 0.0001 0.0002 0.0003 0.0002 0.0001 0.0003 0.0002 0.0002 0.0003 0.0003 0.0004 0.0001 0.0003 0.0001 0.0003 0.0002 0.0001 0.0004 0.0002 0.0004 0.0001 0.0002 0.0001 0.0002 0.0001 0.0002 0.0002 0.0003 0.0002 0.0002 0.0003 0.0003 0.0005 0.0004 0.0006 0.0002 0.0002 0.0008 0.0004 0.0003 0.0004 0.0010 0.0003 0.0004 0.0006 0.0004 0.0003 0.0005 0.0003 0.0003 0.0003 0.0004 0.0002 0.0003 0.0003 0.0002 0.0002 0.0005 0.0003 0.0004 
0.0003 0.0002 0.0001 0.0002 0.0002 0.0001 0.0003 0.0002 0.0001 0.0002 0.0002 0.0001 0.0002 0.0002 0.0003 0.0001 0.0001 0.0004 0.0002 0.0002 0.0002 0.0002 0.0001 0.0002 0.0006 0.0002 0.0002 0.0004 0.0002 0.0005 0.0007 0.0005 0.0003 0.0003 0.0004 0.0003 0.0002 0.0003 0.0004 0.0003 0.0002 0.0006 0.0003 0.0005 0.0006 0.0007 0.0003 0.0005 0.0007 0.0006 0.0004 0.0009 0.0005 0.0004 0.0004 0.0002 0.0003 0.0007 0.0003 0.0004 0.0002 0.0002 0.0003 0.0003 
0.0003 0.0002 0.0002 0.0002 0.0001 0.0002 0.0004 0.0003 0.0000 0.0002 0.0001 0.0002 0.0001 0.0001 0.0002 0.0001 0.0002 0.0002 0.0002 0.0001 0.0003 0.0004 0.0003 0.0006 0.0009 0.0002 0.0002 0.0001 0.0002 0.0003 0.0004 0.0001 0.0004 0.0002 0.0003 0.0003 0.0002 0.0004 0.0003 0.0003 0.0007 0.0006 0.0003 0.0005 0.0003 0.0006 0.0007 0.0002 0.0003 0.0007 0.0004 0.0005 0.0004 0.0005 0.0004 0.0002 0.0004 0.0002 0.0004 0.0003 0.0002 0.0002 0.0003 0.0004 
0.0003 0.0003 0.0003 0.0002 0.0003 0.0001 0.0002 0.0001 0.0001 0.0002 0.0002 0.0003 0.0001 0.0001 0.0002 0.0002 0.0003 0.0002 0.0004 0.0002 0.0001 0.0003 0.0002 0.0005 0.0002 0.0002 0.0005 0.0003 0.0002 0.0003 0.0005 0.0004 0.0005 0.0004 0.0003 0.0008 0.0004 0.0003 0.0003 0.0002 0.0005 0.0003 0.0003 0.0002 0.0003 0.0005 0.0003 0.0003 0.0002 0.0008 0.0003 0.0003 0.0002 0.0004 0.0003 0.0004 0.0004 0.0003 0.0002 0.0003 0.0002 0.0002 0.0003 0.0001 
0.0002 0.0001 0.0003 0.0002 0.0002 0.0002 0.0003 0.0002 0.0003 0.0002 0.0002 0.0001 0.0001 0.0005 0.0002 0.0002 0.0001 0.0005 0.0003 0.0001 0.0002 0.0004 0.0003 0.0001 0.0002 0.0002 0.0005 0.0002 0.0004 0.0004 0.0002 0.0004 0.0002 0.0004 0.0003 0.0005 0.0005 0.0003 0.0002 0.0003 0.0002 0.0005 0.0003 0.0002 0.0004 0.0005 0.0003 0.0004 0.0004 0.0005 0.0004 0.0004 0.0004 0.0002 0.0003 0.0003 0.0002 0.0005 0.0002 0.0003 0.0001 0.0004 0.0003 0.0002 
0.0002 0.0002 0.0000 0.0002 0.0003 0.0002 0.0002 0.0004 0.0002 0.0002 0.0002 0.0002 0.0002 0.0004 0.0004 0.0002 0.0002 0.0002 0.0003 0.0002 0.0003 0.0003 0.0004 0.0002 0.0002 0.0003 0.0004 0.0003 0.0003 0.0003 0.0003 0.0001 0.0002 0.0001 0.0003 0.0004 0.0004 0.0004 0.0002 0.0001 0.0002 0.0010 0.0004 0.0003 0.0004 0.0010 0.0006 0.0008 0.0003 0.0003 0.0004 0.0001 0.0003 0.0006 0.0003 0.0002 0.0001 0.0004 0.0004 0.0002 0.0002 0.0005 0.0003 0.0004 
0.0002 0.0001 0.0001 0.0002 0.0002 0.0002 0.0001 0.0002 0.0002 0.0004 0.0001 0.0002 0.0002 0.0002 0.0003 0.0002 0.0002 0.0001 0.0002 0.0002 0.0005 0.0002 0.0005 0.0003 0.0003 0.0001 0.0008 0.0004 0.0003 0.0003 0.0002 0.0003 0.0004 0.0001 0.0002 0.0003 0.0005 0.0003 0.0002 0.0004 0.0005 0.0005 0.0004 0.0003 0.0003 0.0005 0.0006 0.0003 0.0003 0.0004 0.0001 0.0003 0.0007 0.0006 0.0002 0.0003 0.0004 0.0003 0.0003 0.0003 0.0004 0.0003 0.0002 0.0002 
0.0002 0.0001 0.0003 0.0002 0.0002 0.0003 0.0005 0.0002 0.0003 0.0003 0.0006 0.0009 0.0004 0.0005 0.0005 0.0005 0.0003 0.0002 0.0002 0.0004 0.0006 0.0001 0.0005 0.0004 0.0003 0.0005 0.0002 0.0003 0.0002 0.0003 0.0002 0.0004 0.0003 0.0003 0.0003 0.0001 0.0002 0.0003 0.0001 0.0004 0.0004 0.0005 0.0004 0.0005 0.0005 0.0009 0.0005 0.0003 0.0005 0.0003 0.0006 0.0002 0.0005 0.0004 0.0001 0.0003 0.0006 0.0002 0.0002 0.0004 0.0002 0.0003 0.0003 0.0005 
0.0003 0.0002 0.0003 0.0013 0.0005 0.0006 0.0004 0.0005 0.0005 0.0006 0.0004 0.0013 0.0009 0.0013 0.0029 0.0005 0.0012 0.0003 0.0006 0.0004 0.0003 0.0003 0.0001 0.0005 0.0001 0.0006 0.0004 0.0003 0.0005 0.0005 0.0004 0.0003 0.0003 0.0003 0.0001 0.0002 0.0005 0.0003 0.0003 0.0004 0.0006 0.0009 0.0002 0.0003 0.0003 0.0006 0.0005 0.0003 0.0003 0.0006 0.0005 0.0002 0.0006 0.0001 0.0004 0.0002 0.0002 0.0004 0.0003 0.0004 0.0003 0.0003 0.0002 0.0002 
0.0005 0.0005 0.0008 0.0017 0.0017 0.0013 0.0005 0.0003 0.0003 0.0004 0.0010 0.0013 0.0007 0.0008 0.0035 0.0025 0.0006 0.0005 0.0002 0.0003 0.0003 0.0003 0.0004 0.0003 0.0005 0.0003 0.0008 0.0003 0.0002 0.0003 0.0003 0.0001 0.0003 0.0003 0.0003 0.0004 0.0003 0.0003 0.0003 0.0004 0.0003 0.0005 0.0004 0.0005 0.0006 0.0003 0.0004 0.0010 0.0004 0.0004 0.0003 0.0009 0.0002 0.0002 0.0002 0.0003 0.0001 0.0003 0.0002 0.0004 0.0001 0.0005 0.0003 0.0001 
0.0002 0.0018 0.0009 0.0013 0.0007 0.0022 0.0008 0.0008 0.0005 0.0008 0.0018 0.0039 0.0016 0.0018 0.0049 0.0054 0.0021 0.0033 0.0018 0.0004 0.0005 0.0002 0.0006 0.0007 0.0005 0.0006 0.0006 0.0003 0.0002 0.0004 0.0004 0.0004 0.0002 0.0008 0.0004 0.0003 0.0005 0.0004 0.0003 0.0003 0.0004 0.0005 0.0009 0.0005 0.0004 0.0004 0.0009 0.0002 0.0004 0.0003 0.0005 0.0003 0.0001 0.0003 0.0003 0.0004 0.0005 0.0001 0.0003 0.0005 0.0002 0.0002 0.0002 0.0003 
0.0007 0.0020 0.0030 0.0014 0.0011 0.0057 0.0013 0.0017 0.0012 0.0005 0.0017 0.0051 0.0042 0.0039 0.0098 0.0028 0.0071 0.0039 0.0046 0.0016 0.0007 0.0003 0.0008 0.0004 0.0003 0.0006 0.0007 0.0005 0.0004 0.0004 0.0004 0.0007 0.0003 0.0003 0.0008 0.0003 0.0004 0.0002 0.0005 0.0003 0.0003 0.0005 0.0003 0.0002 0.0007 0.0005 0.0003 0.0005 0.0005 0.0011 0.0006 0.0012 0.0003 0.0004 0.0003 0.0003 0.0003 0.0004 0.0003 0.0004 0.0003 0.0006 0.0002 0.0004 
0.0008 0.0019 0.0016 0.0028 0.0018 0.0046 0.0021 0.0046 0.0011 0.0016 0.0028 0.0017 0.0063 0.0058 0.0087 0.0091 0.0045 0.0032 0.0047 0.0031 0.0006 0.0022 0.0016 0.0012 0.0018 0.0014 0.0035 0.0021 0.0005 0.0002 0.0002 0.0007 0.0002 0.0004 0.0005 0.0005 0.0003 0.0002 0.0002 0.0003 0.0003 0.0002 0.0011 0.0007 0.0008 0.0005 0.0008 0.0006 0.0001 0.0005 0.0003 0.0011 0.0011 0.0006 0.0004 0.0003 0.0003 0.0004 0.0003 0.0004 0.0002 0.0004 0.0003 0.0002 
0.0018 0.0051 0.0119 0.0067 0.0139 0.0081 0.0084 0.0082 0.0044 0.0069 0.0060 0.0049 0.0114 0.0177 0.0235 0.0212 0.0208 0.0142 0.0110 0.0141 0.0087 0.0131 0.0032 0.0016 0.0019 0.0086 0.0243 0.0278 0.0051 0.0051 0.0043 0.0028 0.0085 0.0073 0.0061 0.0039 0.0033 0.0031 0.0045 0.0050 0.0035 0.0020 0.0032 0.0011 0.0015 0.0024 0.0012 0.0019 0.0016 0.0013 0.0013 0.0017 0.0015 0.0015 0.0018 0.0022 0.0018 0.0020 0.0018 0.0020 0.0016 0.0017 0.0015 0.0015 
0.0223 0.0334 0.1396 0.4696 0.1114 0.0818 0.0276 0.0583 0.0529 0.0253 0.0497 0.0710 0.0517 0.0648 0.1707 0.2732 0.2905 0.2481 0.1553 0.0769 0.1201 0.3071 0.2087 0.2063 0.2759 0.2932 0.3866 0.3625 0.1785 0.1315 0.0385 0.0311 0.0240 0.0124 0.0077 0.0108 0.0084 0.0102 0.0128 0.0070 0.0055 0.0063 0.0065 0.0050 0.0039 0.0046 0.0056 0.0048 0.0023 0.0035 0.0045 0.0033 0.0020 0.0033 0.0043 0.0030 0.0016 0.0032 0.0034 0.0014 0.0011 0.0024 0.0018 0.0013 
0.0706 0.1040 0.1452 0.4287 0.2517 0.0979 0.0332 0.0479 0.0590 0.0330 0.0364 0.0585 0.0727 0.0584 0.1588 0.3726 0.3360 0.1871 0.1607 0.0697 0.0980 0.4413 0.4544 0.4707 0.3993 0.4293 0.5775 0.3389 0.3708 0.1917 0.1389 0.0521 0.0451 0.0192 0.0243 0.0093 0.0052 0.0073 0.0076 0.0072 0.0068 0.0066 0.0066 0.0070 0.0061 0.0070 0.0070 0.0066 0.0071 0.0100 0.0063 0.0042 0.0061 0.0057 0.0060 0.0058 0.0062 0.0061 0.0060 0.0059 0.0057 0.0060 0.0058 0.0059 
0.0204 0.0601 0.0603 0.2958 0.3624 0.1226 0.0478 0.0527 0.0940 0.0449 0.0808 0.0533 0.0871 0.0758 0.1713 0.4223 0.2618 0.2175 0.1274 0.0622 0.1160 0.5239 0.6446 0.7111 0.3018 0.4979 0.4895 0.4323 0.2628 0.3615 0.2047 0.1269 0.0923 0.0383 0.0297 0.0085 0.0036 0.0021 0.0017 0.0013 0.0013 0.0013 0.0010 0.0017 0.0007 0.0020 0.0017 0.0011 0.0046 0.0047 0.0090 0.0023 0.0009 0.0010 0.0006 0.0004 0.0003 0.0007 0.0005 0.0006 0.0006 0.0005 0.0005 0.0003 
0.0832 0.1127 0.1296 0.3059 0.5851 0.1622 0.0500 0.0633 0.0578 0.0495 0.0734 0.0812 0.1185 0.0679 0.2717 0.5765 0.5566 0.2357 0.1663 0.0544 0.1560 0.4106 0.8731 0.4458 0.3643 0.3974 0.3953 0.3382 0.3081 0.2813 0.3056 0.0887 0.1560 0.0523 0.0377 0.0231 0.0367 0.0255 0.0338 0.0246 0.0231 0.0216 0.0210 0.0203 0.0199 0.0176 0.0196 0.0170 0.0212 0.0163 0.0279 0.0128 0.0161 0.0157 0.0153 0.0156 0.0154 0.0151 0.0145 0.0148 0.0145 0.0148 0.0143 0.0146 
0.0538 0.0644 0.1273 0.2540 0.5889 0.1617 0.0349 0.0595 0.0825 0.0417 0.0966 0.0999 0.1156 0.1052 0.3626 0.7415 0.5041 0.2824 0.1228 0.0690 0.1337 0.5488 0.5319 0.3631 0.4112 0.3470 0.2917 0.2067 0.1879 0.2959 0.2297 0.1010 0.0927 0.0376 0.0487 0.0212 0.0301 0.0226 0.0195 0.0188 0.0184 0.0177 0.0164 0.0138 0.0162 0.0138 0.0146 0.0145 0.0129 0.0170 0.0095 0.0187 0.0142 0.0120 0.0121 0.0128 0.0123 0.0117 0.0118 0.0117 0.0118 0.0114 0.0115 0.0115 
0.0181 0.0474 0.0631 0.1378 0.4974 0.1895 0.0322 0.0566 0.0845 0.0457 0.0965 0.0924 0.1231 0.1276 0.4481 0.9919 0.2966 0.2190 0.1230 0.0337 0.1385 0.5136 0.6833 0.3893 0.3441 0.2490 0.2515 0.1746 0.1600 0.2157 0.1616 0.0930 0.0362 0.0417 0.0234 0.0231 0.0055 0.0151 0.0212 0.0196 0.0133 0.0044 0.0112 0.0189 0.0083 0.0153 0.0095 0.0096 0.0092 0.0129 0.0350 0.0223 0.0181 0.0049 0.0064 0.0076 0.0080 0.0078 0.0073 0.0070 0.0074 0.0076 0.0073 0.0075 
0.0181 0.0520 0.0291 0.1518 0.5655 0.1100 0.0203 0.0274 0.0681 0.0478 0.0589 0.0822 0.0843 0.1040 0.4938 0.8925 0.1913 0.1818 0.0685 0.0399 0.1010 0.4066 0.3594 0.3753 0.1800 0.1690 0.1368 0.1541 0.1101 0.1602 0.1229 0.1194 0.1131 0.0571 0.0344 0.0157 0.0109 0.0087 0.0124 0.0129 0.0125 0.0113 0.0099 0.0148 0.0101 0.0109 0.0135 0.0114 0.0090 0.0168 0.0115 0.0406 0.0106 0.0083 0.0067 0.0092 0.0080 0.0086 0.0083 0.0082 0.0082 0.0083 0.0082 0.0082 
0.0166 0.0486 0.0192 0.1688 0.4614 0.0593 0.0282 0.0178 0.0361 0.0373 0.0496 0.0704 0.0808 0.0930 0.3244 0.5497 0.0936 0.0552 0.0403 0.0497 0.0182 0.1275 0.2531 0.1583 0.0912 0.1120 0.0577 0.0385 0.0423 0.0603 0.0472 0.0789 0.1521 0.0598 0.0249 0.0027 0.0032 0.0039 0.0030 0.0027 0.0017 0.0026 0.0025 0.0045 0.0060 0.0064 0.0028 0.0027 0.0056 0.0068 0.0092 0.0145 0.0184 0.0045 0.0050 0.0023 0.0018 0.0018 0.0017 0.0017 0.0014 0.0017 0.0017 0.0017 
0.0090 0.0404 0.0178 0.0424 0.2687 0.0449 0.0269 0.0114 0.0123 0.0094 0.0279 0.0398 0.0471 0.0174 0.0443 0.0332 0.0476 0.0477 0.0412 0.0231 0.0420 0.0283 0.0348 0.0251 0.0203 0.0436 0.0223 0.0128 0.0106 0.0407 0.0187 0.0151 0.0264 0.0222 0.0086 0.0023 0.0026 0.0037 0.0040 0.0051 0.0044 0.0043 0.0010 0.0018 0.0016 0.0029 0.0014 0.0023 0.0027 0.0020 0.0072 0.0056 0.0031 0.0043 0.0025 0.0022 0.0013 0.0016 0.0015 0.0020 0.0017 0.0014 0.0017 0.0019 
0.0180 0.0357 0.0324 0.0548 0.1288 0.0293 0.0198 0.0065 0.0067 0.0066 0.0056 0.0326 0.0251 0.0156 0.0235 0.0363 0.0685 0.0151 0.0401 0.0146 0.0247 0.0341 0.0674 0.0162 0.0085 0.0364 0.0265 0.0252 0.0077 0.0177 0.0171 0.0197 0.0196 0.0125 0.0065 0.0033 0.0022 0.0028 0.0017 0.0020 0.0020 0.0021 0.0022 0.0013 0.0014 0.0019 0.0017 0.0022 0.0025 0.0017 0.0051 0.0020 0.0028 0.0023 0.0021 0.0019 0.0020 0.0023 0.0019 0.0021 0.0014 0.0018 0.0016 0.0015 
0.0036 0.0267 0.0092 0.0198 0.0437 0.0157 0.0160 0.0082 0.0046 0.0118 0.0081 0.0152 0.0094 0.0112 0.0335 0.0275 0.0340 0.0119 0.0203 0.0130 0.0113 0.0245 0.0492 0.0194 0.0261 0.0133 0.0117 0.0043 0.0086 0.0205 0.0144 0.0136 0.0066 0.0041 0.0022 0.0017 0.0018 0.0012 0.0013 0.0014 0.0009 0.0008 0.0012 0.0005 0.0021 0.0010 0.0012 0.0014 0.0008 0.0004 0.0017 0.0016 0.0004 0.0006 0.0006 0.0007 0.0008 0.0009 0.0010 0.0008 0.0010 0.0005 0.0008 0.0007 
0.0055 0.0252 0.0071 0.0076 0.0592 0.0108 0.0122 0.0061 0.0061 0.0021 0.0077 0.0092 0.0114 0.0113 0.0191 0.0422 0.0156 0.0094 0.0123 0.0164 0.0058 0.0156 0.0223 0.0111 0.0188 0.0141 0.0077 0.0040 0.0079 0.0153 0.0039 0.0054 0.0066 0.0031 0.0005 0.0004 0.0007 0.0004 0.0005 0.0002 0.0003 0.0005 0.0004 0.0004 0.0005 0.0007 0.0004 0.0006 0.0010 0.0004 0.0008 0.0007 0.0003 0.0004 0.0005 0.0003 0.0003 0.0005 0.0005 0.0002 0.0002 0.0003 0.0003 0.0005 
0.0040 0.0150 0.0077 0.0108 0.0571 0.0088 0.0098 0.0082 0.0073 0.0054 0.0031 0.0025 0.0106 0.0078 0.0125 0.0395 0.0160 0.0107 0.0087 0.0065 0.0111 0.0138 0.0231 0.0088 0.0103 0.0073 0.0046 0.0040 0.0048 0.0074 0.0040 0.0046 0.0063 0.0037 0.0015 0.0008 0.0007 0.0009 0.0010 0.0005 0.0004 0.0005 0.0005 0.0006 0.0003 0.0005 0.0005 0.0008 0.0008 0.0004 0.0009 0.0005 0.0005 0.0005 0.0004 0.0005 0.0004 0.0006 0.0001 0.0003 0.0006 0.0005 0.0005 0.0006 
0.0016 0.0106 0.0047 0.0075 0.0342 0.0065 0.0058 0.0025 0.0086 0.0056 0.0051 0.0030 0.0039 0.0076 0.0064 0.0252 0.0129 0.0047 0.0058 0.0028 0.0078 0.0142 0.0120 0.0059 0.0113 0.0082 0.0027 0.0026 0.0028 0.0013 0.0004 0.0021 0.0047 0.0018 0.0008 0.0005 0.0003 0.0004 0.0004 0.0003 0.0003 0.0005 0.0002 0.0002 0.0004 0.0004 0.0004 0.0003 0.0003 0.0003 0.0002 0.0004 0.0004 0.0005 0.0007 0.0003 0.0002 0.0002 0.0003 0.0002 0.0003 0.0002 0.0002 0.0002 
0.0023 0.0071 0.0043 0.0080 0.0371 0.0074 0.0048 0.0063 0.0073 0.0055 0.0036 0.0056 0.0081 0.0026 0.0042 0.0175 0.0129 0.0054 0.0028 0.0028 0.0096 0.0114 0.0076 0.0067 0.0075 0.0048 0.0018 0.0027 0.0025 0.0027 0.0016 0.0035 0.0032 0.0036 0.0018 0.0015 0.0011 0.0014 0.0022 0.0020 0.0016 0.0016 0.0005 0.0012 0.0009 0.0010 0.0009 0.0015 0.0015 0.0018 0.0021 0.0022 0.0017 0.0024 0.0019 0.0017 0.0009 0.0010 0.0007 0.0005 0.0004 0.0003 0.0005 0.0008 
0.0008 0.0083 0.0081 0.0093 0.0157 0.0073 0.0062 0.0054 0.0042 0.0060 0.0044 0.0042 0.0060 0.0036 0.0065 0.0315 0.0063 0.0033 0.0060 0.0026 0.0052 0.0057 0.0047 0.0087 0.0105 0.0086 0.0020 0.0041 0.0030 0.0025 0.0017 0.0029 0.0086 0.0025 0.0017 0.0020 0.0015 0.0014 0.0034 0.0057 0.0083 0.0067 0.0091 0.0049 0.0040 0.0035 0.0064 0.0062 0.0038 0.0109 0.0050 0.0072 0.0051 0.0046 0.0053 0.0054 0.0017 0.0005 0.0011 0.0006 0.0006 0.0004 0.0005 0.0003 
0.0016 0.0088 0.0083 0.0028 0.0128 0.0055 0.0035 0.0029 0.0083 0.0032 0.0050 0.0022 0.0035 0.0127 0.0135 0.0109 0.0040 0.0030 0.0050 0.0026 0.0027 0.0060 0.0042 0.0036 0.0042 0.0009 0.0026 0.0014 0.0017 0.0019 0.0021 0.0090 0.0085 0.0018 0.0010 0.0015 0.0013 0.0021 0.0022 0.0055 0.0009 0.0022 0.0044 0.0042 0.0032 0.0025 0.0042 0.0143 0.0160 0.0062 0.0025 0.0029 0.0031 0.0022 0.0047 0.0016 0.0010 0.0005 0.0007 0.0004 0.0008 0.0004 0.0005 0.0003 
0.0010 0.0047 0.0058 0.0031 0.0087 0.0029 0.0010 0.0052 0.0021 0.0040 0.0033 0.0021 0.0042 0.0031 0.0077 0.0106 0.0040 0.0032 0.0022 0.0030 0.0018 0.0011 0.0037 0.0028 0.0010 0.0011 0.0018 0.0010 0.0008 0.0015 0.0012 0.0032 0.0017 0.0021 0.0010 0.0006 0.0002 0.0009 0.0014 0.0026 0.0028 0.0018 0.0027 0.0013 0.0004 0.0008 0.0010 0.0052 0.0040 0.0012 0.0015 0.0014 0.0008 0.0021 0.0006 0.0006 0.0004 0.0002 0.0005 0.0004 0.0003 0.0003 0.0001 0.0004 
0.0004 0.0025 0.0035 0.0013 0.0114 0.0033 0.0026 0.0054 0.0040 0.0037 0.0031 0.0014 0.0028 0.0034 0.0025 0.0033 0.0032 0.0028 0.0021 0.0021 0.0009 0.0010 0.0026 0.0009 0.0006 0.0004 0.0003 0.0002 0.0003 0.0004 0.0003 0.0016 0.0018 0.0008 0.0004 0.0002 0.0004 0.0003 0.0012 0.0009 0.0010 0.0012 0.0012 0.0003 0.0003 0.0005 0.0004 0.0011 0.0022 0.0006 0.0006 0.0004 0.0003 0.0007 0.0004 0.0005 0.0004 0.0002 0.0002 0.0004 0.0004 0.0001 0.0003 0.0004 
0.0008 0.0027 0.0020 0.0037 0.0103 0.0024 0.0035 0.0014 0.0016 0.0020 0.0016 0.0012 0.0026 0.0022 0.0030 0.0039 0.0011 0.0027 0.0017 0.0010 0.0004 0.0005 0.0008 0.0006 0.0005 0.0003 0.0005 0.0002 0.0004 0.0002 0.0002 0.0005 0.0008 0.0010 0.0004 0.0002 0.0004 0.0001 0.0004 0.0006 0.0004 0.0009 0.0006 0.0006 0.0004 0.0005 0.0007 0.0008 0.0008 0.0003 0.0006 0.0005 0.0010 0.0004 0.0002 0.0003 0.0003 0.0003 0.0002 0.0004 0.0004 0.0006 0.0002 0.0003 
0.0001 0.0033 0.0025 0.0028 0.0077 0.0008 0.0017 0.0028 0.0028 0.0016 0.0011 0.0006 0.0012 0.0014 0.0024 0.0023 0.0014 0.0017 0.0011 0.0008 0.0006 0.0003 0.0009 0.0004 0.0002 0.0004 0.0002 0.0002 0.0002 0.0003 0.0004 0.0006 0.0007 0.0007 0.0002 0.0003 0.0004 0.0003 0.0003 0.0002 0.0003 0.0013 0.0008 0.0004 0.0003 0.0003 0.0004 0.0002 0.0012 0.0003 0.0002 0.0004 0.0009 0.0003 0.0002 0.0001 0.0005 0.0003 0.0003 0.0002 0.0005 0.0004 0.0002 0.0004 
0.0004 0.0040 0.0044 0.0011 0.0060 0.0012 0.0013 0.0030 0.0033 0.0014 0.0015 0.0011 0.0024 0.0018 0.0023 0.0034 0.0003 0.0011 0.0009 0.0006 0.0005 0.0004 0.0007 0.0001 0.0003 0.0002 0.0003 0.0002 0.0003 0.0002 0.0002 0.0006 0.0002 0.0006 0.0002 0.0002 0.0004 0.0003 0.0003 0.0006 0.0003 0.0007 0.0001 0.0006 0.0006 0.0005 0.0005 0.0007 0.0011 0.0005 0.0003 0.0004 0.0007 0.0003 0.0003 0.0004 0.0003 0.0002 0.0004 0.0004 0.0003 0.0003 0.0004 0.0003 
0.0013 0.0042 0.0030 0.0008 0.0063 0.0019 0.0019 0.0032 0.0032 0.0015 0.0009 0.0012 0.0019 0.0009 0.0022 0.0015 0.0011 0.0016 0.0010 0.0011 0.0003 0.0002 0.0005 0.0002 0.0003 0.0002 0.0004 0.0002 0.0002 0.0002 0.0003 0.0002 0.0004 0.0002 0.0003 0.0003 0.0002 0.0004 0.0001 0.0004 0.0003 0.0002 0.0003 0.0003 0.0007 0.0006 0.0006 0.0003 0.0001 0.0007 0.0002 0.0003 0.0004 0.0005 0.0003 0.0004 0.0003 0.0001 0.0002 0.0002 0.0004 0.0003 0.0003 0.0003 
0.0020 0.0058 0.0038 0.0016 0.0055 0.0008 0.0012 0.0023 0.0032 0.0013 0.0011 0.0005 0.0006 0.0010 0.0009 0.0012 0.0014 0.0013 0.0008 0.0007 0.0004 0.0003 0.0001 0.0004 0.0003 0.0002 0.0003 0.0003 0.0003 0.0003 0.0003 0.0001 0.0002 0.0003 0.0005 0.0005 0.0006 0.0004 0.0002 0.0002 0.0002 0.0007 0.0003 0.0004 0.0003 0.0001 0.0002 0.0004 0.0001 0.0007 0.0001 0.0006 0.0006 0.0002 0.0005 0.0002 0.0005 0.0002 0.0002 0.0004 0.0004 0.0005 0.0004 0.0007 
0.0005 0.0033 0.0014 0.0011 0.0047 0.0006 0.0015 0.0018 0.0042 0.0012 0.0010 0.0010 0.0007 0.0005 0.0008 0.0008 0.0014 0.0006 0.0012 0.0001 0.0002 0.0001 0.0002 0.0002 0.0003 0.0004 0.0004 0.0002 0.0003 0.0003 0.0004 0.0002 0.0003 0.0002 0.0005 0.0003 0.0007 0.0002 0.0004 0.0006 0.0003 0.0005 0.0001 0.0001 0.0002 0.0003 0.0005 0.0004 0.0005 0.0001 0.0003 0.0001 0.0003 0.0003 0.0002 0.0004 0.0005 0.0003 0.0004 0.0003 0.0004 0.0005 0.0003 0.0003 
0.0005 0.0030 0.0025 0.0009 0.0025 0.0009 0.0014 0.0040 0.0022 0.0019 0.0009 0.0003 0.0005 0.0005 0.0009 0.0004 0.0003 0.0010 0.0009 0.0004 0.0003 0.0002 0.0002 0.0003 0.0003 0.0001 0.0004 0.0002 0.0002 0.0002 0.0002 0.0001 0.0002 0.0003 0.0007 0.0003 0.0005 0.0002 0.0003 0.0002 0.0002 0.0004 0.0004 0.0002 0.0005 0.0003 0.0004 0.0005 0.0002 0.0005 0.0003 0.0002 0.0003 0.0006 0.0004 0.0003 0.0004 0.0002 0.0005 0.0003 0.0003 0.0003 0.0004 0.0002 
0.0006 0.0034 0.0017 0.0010 0.0010 0.0005 0.0010 0.0019 0.0047 0.0011 0.0007 0.0006 0.0003 0.0002 0.0004 0.0011 0.0010 0.0010 0.0003 0.0004 0.0006 0.0003 0.0002 0.0002 0.0002 0.0002 0.0004 0.0001 0.0002 0.0002 0.0002 0.0003 0.0003 0.0002 0.0004 0.0001 0.0006 0.0005 0.0006 0.0003 0.0002 0.0001 0.0006 0.0002 0.0003 0.0001 0.0003 0.0003 0.0003 0.0002 0.0003 0.0005 0.0003 0.0004 0.0001 0.0003 0.0003 0.0004 0.0005 0.0004 0.0003 0.0003 0.0003 0.0001 
0.0017 0.0044 0.0013 0.0019 0.0030 0.0010 0.0005 0.0006 0.0024 0.0008 0.0004 0.0005 0.0008 0.0002 0.0004 0.0009 0.0013 0.0006 0.0010 0.0001 0.0005 0.0004 0.0003 0.0001 0.0002 0.0002 0.0004 0.0003 0.0002 0.0002 0.0002 0.0002 0.0003 0.0001 0.0005 0.0003 0.0003 0.0005 0.0002 0.0005 0.0002 0.0004 0.0004 0.0004 0.0004 0.0006 0.0003 0.0001 0.0005 0.0004 0.0004 0.0003 0.0003 0.0002 0.0001 0.0005 0.0004 0.0004 0.0004 0.0002 0.0003 0.0004 0.0006 0.0004 
0.0006 0.0042 0.0038 0.0019 0.0010 0.0010 0.0011 0.0014 0.0035 0.0007 0.0009 0.0003 0.0002 0.0002 0.0003 0.0001 0.0009 0.0012 0.0005 0.0004 0.0006 0.0002 0.0002 0.0002 0.0002 0.0004 0.0003 0.0003 0.0002 0.0004 0.0003 0.0002 0.0001 0.0003 0.0002 0.0005 0.0005 0.0003 0.0001 0.0001 0.0004 0.0003 0.0007 0.0004 0.0002 0.0005 0.0005 0.0003 0.0004 0.0005 0.0004 0.0004 0.0007 0.0004 0.0003 0.0002 0.0002 0.0003 0.0006 0.0002 0.0003 0.0003 0.0004 0.0004 
0.0004 0.0019 0.0025 0.0013 0.0008 0.0006 0.0005 0.0015 0.0026 0.0007 0.0004 0.0002 0.0003 0.0002 0.0002 0.0002 0.0003 0.0005 0.0003 0.0005 0.0005 0.0001 0.0001 0.0002 0.0005 0.0002 0.0002 0.0002 0.0002 0.0001 0.0002 0.0002 0.0002 0.0002 0.0002 0.0002 0.0004 0.0004 0.0003 0.0003 0.0004 0.0001 0.0003 0.0001 0.0003 0.0003 0.0006 0.0003 0.0003 0.0002 0.0005 0.0003 0.0004 0.0003 0.0002 0.0002 0.0005 0.0002 0.0002 0.0005 0.0002 0.0003 0.0003 0.0003 
0.0005 0.0018 0.0008 0.0006 0.0017 0.0005 0.0007 0.0006 0.0011 0.0020 0.0004 0.0003 0.0003 0.0003 0.0004 0.0003 0.0002 0.0004 0.0002 0.0002 0.0005 0.0002 0.0002 0.0003 0.0002 0.0002 0.0001 0.0001 0.0003 0.0003 0.0004 0.0003 0.0003 0.0005 0.0003 0.0006 0.0001 0.0002 0.0003 0.0001 0.0002 0.0005 0.0002 0.0004 0.0004 0.0003 0.0007 0.0002 0.0002 0.0004 0.0004 0.0004 0.0003 0.0006 0.0003 0.0005 0.0003 0.0001 0.0001 0.0002 0.0003 0.0005 0.0003 0.0001 
0.0007 0.0019 0.0017 0.0004 0.0010 0.0001 0.0003 0.0008 0.0020 0.0009 0.0003 0.0003 0.0003 0.0002 0.0002 0.0003 0.0002 0.0002 0.0002 0.0001 0.0003 0.0002 0.0002 0.0001 0.0002 0.0002 0.0003 0.0003 0.0002 0.0002 0.0002 0.0004 0.0002 0.0004 0.0006 0.0004 0.0002 0.0002 0.0004 0.0003 0.0003 0.0005 0.0003 0.0003 0.0006 0.0003 0.0002 0.0004 0.0001 0.0006 0.0003 0.0004 0.0004 0.0004 0.0003 0.0003 0.0003 0.0004 0.0002 0.0003 0.0002 0.0003 0.0004 0.0005 
0.0004 0.0014 0.0009 0.0003 0.0006 0.0003 0.0004 0.0006 0.0017 0.0009 0.0003 0.0002 0.0002 0.0002 0.0001 0.0005 0.0002 0.0003 0.0001 0.0003 0.0004 0.0003 0.0002 0.0003 0.0003 0.0003 0.0003 0.0003 0.0003 0.0002 0.0003 0.0001 0.0004 0.0003 0.0003 0.0006 0.0002 0.0003 0.0003 0.0003 0.0002 0.0005 0.0003 0.0003 0.0004 0.0003 0.0003 0.0004 0.0004 0.0003 0.0004 0.0006 0.0006 0.0003 0.0004 0.0005 0.0003 0.0006 0.0006 0.0003 0.0003 0.0003 0.0004 0.0002 
0.0006 0.0018 0.0005 0.0003 0.0007 0.0003 0.0004 0.0008 0.0011 0.0005 0.0002 0.0002 0.0002 0.0002 0.0002 0.0002 0.0001 0.0003 0.0004 0.0002 0.0004 0.0002 0.0001 0.0002 0.0002 0.0002 0.0001 0.0003 0.0001 0.0001 0.0004 0.0004 0.0002 0.0003 0.0001 0.0002 0.0002 0.0005 0.0004 0.0002 0.0002 0.0004 0.0006 0.0004 0.0004 0.0004 0.0003 0.0002 0.0004 0.0004 0.0003 0.0003 0.0003 0.0005 0.0002 0.0004 0.0002 0.0005 0.0005 0.0003 0.0001 0.0004 0.0002 0.0004 
0.0004 0.0007 0.0002 0.0003 0.0006 0.0001 0.0003 0.0005 0.0004 0.0002 0.0005 0.0001 0.0004 0.0003 0.0002 0.0002 0.0003 0.0005 0.0004 0.0002 0.0004 0.0003 0.0002 0.0003 0.0005 0.0003 0.0003 0.0003 0.0003 0.0001 0.0001 0.0004 0.0002 0.0003 0.0002 0.0002 0.0005 0.0006 0.0003 0.0004 0.0003 0.0004 0.0001 0.0005 0.0005 0.0003 0.0003 0.0004 0.0006 0.0003 0.0003 0.0002 0.0002 0.0003 0.0004 0.0004 0.0002 0.0003 0.0002 0.0006 0.0002 0.0003 0.0003 0.0003 
0.0003 0.0003 0.0004 0.0003 0.0005 0.0001 0.0004 0.0004 0.0010 0.0002 0.0004 0.0001 0.0003 0.0001 0.0001 0.0002 0.0004 0.0002 0.0001 0.0001 0.0003 0.0003 0.0002 0.0003 0.0001 0.0003 0.0002 0.0001 0.0002 0.0004 0.0002 0.0002 0.0002 0.0006 0.0004 0.0003 0.0002 0.0006 0.0002 0.0005 0.0007 0.0007 0.0004 0.0003 0.0002 0.0004 0.0004 0.0005 0.0010 0.0001 0.0005 0.0005 0.0003 0.0003 0.0002 0.0001 0.0003 0.0003 0.0003 0.0002 0.0003 0.0002 0.0002 0.0005 
