0.0002 0.0002 0.0002 0.0003 0.0003 0.0004 0.0002 0.0002 0.0003 0.0003 0.0002 0.0002 0.0002 0.0007 0.0005 0.0009 0.0003 0.0003 0.0001 0.0001 0.0003 0.0004 0.0003 0.0002 0.0002 0.0003 0.0003 0.0002 0.0003 0.0009 0.0007 0.0003 0.0005 0.0004 0.0005 0.0006 0.0003 0.0003 0.0003 0.0003 0.0003 0.0003 0.0004 0.0004 0.0004 0.0005 0.0002 0.0007 0.0004 0.0003 0.0004 0.0001 0.0003 0.0002 0.0003 0.0002 0.0001 0.0004 0.0003 0.0003 0.0004 0.0003 0.0005 0.0004 
0.0003 0.0003 0.0003 0.0002 0.0002 0.0002 0.0004 0.0001 0.0002 0.0001 0.0003 0.0002 0.0002 0.0012 0.0010 0.0005 0.0002 0.0001 0.0001 0.0003 0.0003 0.0003 0.0002 0.0001 0.0003 0.0001 0.0001 0.0002 0.0004 0.0001 0.0006 0.0002 0.0006 0.0003 0.0003 0.0004 0.0002 0.0004 0.0003 0.0004 0.0001 0.0001 0.0003 0.0004 0.0004 0.0003 0.0003 0.0003 0.0002 0.0004 0.0002 0.0004 0.0008 0.0002 0.0003 0.0004 0.0004 0.0001 0.0003 0.0005 0.0002 0.0003 0.0003 0.0003 
0.0002 0.0003 0.0002 0.0003 0.0003 0.0003 0.0001 0.0001 0.0002 0.0003 0.0005 0.0001 0.0003 0.0007 0.0005 0.0004 0.0003 0.0003 0.0002 0.0002 0.0002 0.0003 0.0002 0.0002 0.0002 0.0002 0.0004 0.0005 0.0002 0.0003 0.0003 0.0004 0.0004 0.0002 0.0004 0.0003 0.0007 0.0004 0.0003 0.0003 0.0003 0.0002 0.0002 0.0004 0.0004 0.0004 0.0006 0.0004 0.0003 0.0001 0.0002 0.0005 0.0006 0.0002 0.0002 0.0006 0.0002 0.0003 0.0002 0.0003 0.0004 0.0004 0.0003 0.0004 
0.0002 0.0002 0.0003 0.0002 0.0002 0.0004 0.0001 0.0001 0.0002 0.0001 0.0004 0.0003 0.0003 0.0009 0.0006 0.0002 0.0002 0.0003 0.0002 0.0001 0.0003 0.0003 0.0003 0.0002 0.0003 0.0003 0.0002 0.0003 0.0002 0.0002 0.0006 0.0002 0.0004 0.0004 0.0002 0.0004 0.0003 0.0003 0.0002 0.0006 0.0003 0.0004 0.0006 0.0003 0.0005 0.0003 0.0004 0.0003 0.0003 0.0003 0.0004 0.0004 0.0004 0.0005 0.0003 0.0006 0.0006 0.0005 0.0003 0.0002 0.0003 0.0004 0.0003 0.0003 
0.0002 0.0002 0.0002 0.0001 0.0002 0.0003 0.0002 0.0001 0.0002 0.0001 0.0003 0.0004 0.0002 0.0005 0.0001 0.0001 0.0003 0.0001 0.0001 0.0002 0.0002 0.0001 0.0003 0.0004 0.0004 0.0003 0.0003 0.0002 0.0002 0.0003 0.0004 0.0002 0.0007 0.0004 0.0004 0.0006 0.0003 0.0002 0.0002 0.0002 0.0003 0.0005 0.0003 0.0002 0.0003 0.0003 0.0004 0.0002 0.0003 0.0006 0.0003 0.0007 0.0001 0.0006 0.0004 0.0002 0.0003 0.0003 0.0002 0.0002 0.0005 0.0003 0.0002 0.0003 
0.0002 0.0002 0.0004 0.0003 0.0001 0.0003 0.0006 0.0003 0.0005 0.0002 0.0006 0.0009 0.0006 0.0003 0.0003 0.0002 0.0003 0.0003 0.0006 0.0004 0.0005 0.0002 0.0001 0.0002 0.0004 0.0003 0.0004 0.0002 0.0003 0.0004 0.0003 0.0004 0.0003 0.0005 0.0005 0.0004 0.0004 0.0003 0.0003 0.0004 0.0004 0.0003 0.0003 0.0003 0.0004 0.0005 0.0006 0.0003 0.0004 0.0002 0.0005 0.0003 0.0001 0.0004 0.0003 0.0002 0.0002 0.0005 0.0002 0.0002 0.0003 0.0004 0.0004 0.0002 
0.0002 0.0001 0.0002 0.0002 0.0001 0.0004 0.0002 0.0003 0.0005 0.0003 0.0002 0.0002 0.0001 0.0002 0.0003 0.0005 0.0002 0.0003 0.0004 0.0003 0.0003 0.0002 0.0001 0.0003 0.0003 0.0003 0.0001 0.0001 0.0006 0.0005 0.0002 0.0002 0.0001 0.0004 0.0005 0.0006 0.0003 0.0003 0.0003 0.0001 0.0003 0.0006 0.0004 0.0004 0.0003 0.0004 0.0005 0.0002 0.0003 0.0004 0.0005 0.0007 0.0005 0.0003 0.0002 0.0005 0.0002 0.0002 0.0002 0.0004 0.0002 0.0003 0.0004 0.0004 
0.0002 0.0001 0.0001 0.0004 0.0004 0.0001 0.0003 0.0002 0.0003 0.0003 0.0003 0.0004 0.0002 0.0002 0.0004 0.0005 0.0002 0.0004 0.0005 0.0004 0.0002 0.0005 0.0005 0.0004 0.0003 0.0004 0.0002 0.0003 0.0005 0.0006 0.0006 0.0003 0.0004 0.0001 0.0008 0.0006 0.0002 0.0002 0.0005 0.0003 0.0004 0.0006 0.0008 0.0002 0.0007 0.0007 0.0004 0.0002 0.0002 0.0002 0.0005 0.0007 0.0003 0.0002 0.0003 0.0002 0.0003 0.0005 0.0003 0.0002 0.0004 0.0004 0.0005 0.0006 
0.0002 0.0001 0.0002 0.0002 0.0003 0.0001 0.0003 0.0002 0.0005 0.0002 0.0003 0.0002 0.0003 0.0001 0.0004 0.0002 0.0005 0.0003 0.0004 0.0001 0.0001 0.0001 0.0002 0.0002 0.0005 0.0004 0.0002 0.0003 0.0005 0.0003 0.0003 0.0003 0.0003 0.0003 0.0005 0.0003 0.0003 0.0003 0.0004 0.0005 0.0003 0.0005 0.0005 0.0002 0.0002 0.0002 0.0002 0.0003 0.0005 0.0002 0.0006 0.0004 0.0004 0.0006 0.0002 0.0004 0.0004 0.0003 0.0003 0.0003 0.0003 0.0004 0.0002 0.0003 
0.0001 0.0001 0.0001 0.0002 0.0006 0.0002 0.0001 0.0006 0.0003 0.0002 0.0002 0.0003 0.0004 0.0002 0.0005 0.0002 0.0002 0.0004 0.0001 0.0001 0.0004 0.0003 0.0001 0.0003 0.0003 0.0002 0.0003 0.0003 0.0003 0.0006 0.0002 0.0003 0.0003 0.0002 0.0005 0.0001 0.0002 0.0004 0.0003 0.0005 0.0005 0.0004 0.0004 0.0004 0.0006 0.0007 0.0002 0.0003 0.0007 0.0003 0.0002 0.0005 0.0005 0.0002 0.0002 0.0004 0.0002 0.0004 0.0002 0.0003 0.0003 0.0003 0.0004 0.0002 
0.0001 0.0001 0.0001 0.0004 0.0002 0.0001 0.0002 0.0003 0.0002 0.0002 0.0001 0.0003 0.0002 0.0004 0.0004 0.0003 0.0002 0.0002 0.0003 0.0002 0.0003 0.0003 0.0004 0.0002 0.0002 0.0002 0.0008 0.0003 0.0003 0.0002 0.0004 0.0004 0.0002 0.0003 0.0003 0.0003 0.0003 0.0002 0.0003 0.0003 0.0001 0.0002 0.0004 0.0002 0.0003 0.0005 0.0004 0.0005 0.0011 0.0004 0.0002 0.0003 0.0004 0.0004 0.0004 0.0002 0.0004 0.0004 0.0003 0.0003 0.0003 0.0001 0.0003 0.0002 
0.0002 0.0001 0.0002 0.0003 0.0001 0.0001 0.0002 0.0003 0.0002 0.0003 0.0002 0.0002 0.0002 0.0002 0.0002 0.0003 0.0002 0.0003 0.0002 0.0002 0.0002 0.0002 0.0003 0.0002 0.0002 0.0002 0.0003 0.0004 0.0004 0.0007 0.0008 0.0003 0.0001 0.0007 0.0003 0.0006 0.0003 0.0002 0.0002 0.0002 0.0002 0.0003 0.0003 0.0003 0.0004 0.0005 0.0006 0.0003 0.0008 0.0004 0.0005 0.0005 0.0005 0.0003 0.0001 0.0004 0.0004 0.0003 0.0001 0.0005 0.0002 0.0003 0.0002 0.0004 
0.0002 0.0001 0.0004 0.0004 0.0001 0.0001 0.0004 0.0001 0.0001 0.0002 0.0004 0.0002 0.0002 0.0001 0.0004 0.0005 0.0002 0.0002 0.0002 0.0001 0.0002 0.0002 0.0004 0.0002 0.0003 0.0002 0.0002 0.0006 0.0005 0.0008 0.0003 0.0002 0.0003 0.0007 0.0005 0.0002 0.0003 0.0004 0.0003 0.0002 0.0005 0.0003 0.0005 0.0002 0.0001 0.0003 0.0005 0.0002 0.0009 0.0002 0.0005 0.0006 0.0005 0.0004 0.0005 0.0002 0.0002 0.0003 0.0004 0.0002 0.0003 0.0006 0.0003 0.0002 
0.0002 0.0001 0.0003 0.0002 0.0001 0.0001 0.0001 0.0001 0.0001 0.0002 0.0001 0.0003 0.0001 0.0002 0.0003 0.0005 0.0004 0.0003 0.0001 0.0002 0.0002 0.0002 0.0003 0.0002 0.0002 0.0003 0.0002 0.0006 0.0003 0.0005 0.0005 0.0002 0.0004 0.0003 0.0003 0.0003 0.0003 0.0003 0.0003 0.0004 0.0004 0.0005 0.0005 0.0004 0.0003 0.0006 0.0002 0.0001 0.0008 0.0002 0.0004 0.0006 0.0002 0.0004 0.0005 0.0004 0.0003 0.0004 0.0003 0.0002 0.0004 0.0004 0.0002 0.0004 
0.0002 0.0002 0.0002 0.0003 0.0001 0.0001 0.0002 0.0001 0.0001 0.0002 0.0000 0.0002 0.0002 0.0001 0.0002 0.0004 0.0003 0.0001 0.0003 0.0002 0.0002 0.0003 0.0005 0.0003 0.0003 0.0002 0.0004 0.0004 0.0004 0.0004 0.0004 0.0002 0.0003 0.0002 0.0003 0.0003 0.0003 0.0003 0.0005 0.0004 0.0004 0.0005 0.0007 0.0004 0.0003 0.0003 0.0005 0.0005 0.0007 0.0004 0.0002 0.0002 0.0001 0.0003 0.0003 0.0004 0.0003 0.0004 0.0003 0.0004 0.0002 0.0004 0.0004 0.0003 
0.0003 0.0001 0.0001 0.0002 0.0002 0.0002 0.0001 0.0002 0.0003 0.0004 0.0003 0.0001 0.0002 0.0003 0.0001 0.0002 0.0003 0.0003 0.0003 0.0002 0.0004 0.0003 0.0004 0.0004 0.0002 0.0002 0.0003 0.0001 0.0004 0.0004 0.0001 0.0002 0.0000 0.0003 0.0001 0.0003 0.0002 0.0005 0.0002 0.0005 0.0004 0.0004 0.0005 0.0004 0.0005 0.0005 0.0007 0.0004 0.0008 0.0003 0.0005 0.0004 0.0004 0.0004 0.0002 0.0003 0.0002 0.0002 0.0003 0.0004 0.0003 0.0002 0.0005 0.0005 
0.0003 0.0001 0.0001 0.0002 0.0002 0.0002 0.0001 0.0003 0.0003 0.0004 0.0003 0.0001 0.0001 0.0002 0.0002 0.0003 0.0002 0.0004 0.0003 0.0002 0.0001 0.0004 0.0001 0.0006 0.0002 0.0002 0.0001 0.0002 0.0002 0.0006 0.0002 0.0003 0.0003 0.0002 0.0004 0.0001 0.0004 0.0004 0.0004 0.0004 0.0003 0.0003 0.0002 0.0003 0.0006 0.0003 0.0005 0.0003 0.0004 0.0003 0.0003 0.0003 0.0005 0.0003 0.0002 0.0006 0.0001 0.0003 0.0003 0.0002 0.0004 0.0004 0.0004 0.0003 
0.0002 0.0004 0.0002 0.0001 0.0001 0.0003 0.0002 0.0002 0.0001 0.0001 0.0001 0.0003 0.0002 0.0002 0.0002 0.0002 0.0002 0.0003 0.0001 0.0002 0.0003 0.0004 0.0002 0.0004 0.0004 0.0004 0.0002 0.0001 0.0003 0.0003 0.0002 0.0004 0.0002 0.0003 0.0006 0.0003 0.0003 0.0003 0.0004 0.0002 0.0003 0.0001 0.0005 0.0003 0.0001 0.0008 0.0006 0.0006 0.0006 0.0003 0.0005 0.0003 0.0002 0.0004 0.0004 0.0004 0.0001 0.0003 0.0004 0.0002 0.0003 0.0004 0.0004 0.0002 
0.0003 0.0002 0.0001 0.0001 0.0003 0.0001 0.0002 0.0002 0.0001 0.0001 0.0004 0.0003 0.0002 0.0001 0.0004 0.0002 0.0001 0.0004 0.0004 0.0003 0.0007 0.0006 0.0003 0.0005 0.0002 0.0003 0.0003 0.0003 0.0003 0.0003 0.0003 0.0003 0.0002 0.0003 0.0002 0.0009 0.0004 0.0005 0.0004 0.0002 0.0002 0.0004 0.0003 0.0003 0.0001 0.0005 0.0009 0.0003 0.0001 0.0006 0.0007 0.0004 0.0005 0.0004 0.0005 0.0003 0.0005 0.0002 0.0003 0.0001 0.0003 0.0002 0.0003 0.0003 
0.0002 0.0001 0.0002 0.0002 0.0001 0.0001 0.0002 0.0001 0.0002 0.0002 0.0006 0.0002 0.0001 0.0001 0.0004 0.0002 0.0005 0.0001 0.0004 0.0003 0.0002 0.0003 0.0002 0.0003 0.0001 0.0003 0.0002 0.0004 0.0005 0.0001 0.0005 0.0005 0.0003 0.0003 0.0003 0.0004 0.0003 0.0001 0.0004 0.0005 0.0004 0.0002 0.0002 0.0003 0.0002 0.0005 0.0008 0.0002 0.0005 0.0003 0.0002 0.0004 0.0003 0.0001 0.0003 0.0004 0.0003 0.0003 0.0005 0.0003 0.0004 0.0006 0.0005 0.0003 
0.0002 0.0001 0.0002 0.0002 0.0002 0.0001 0.0001 0.0002 0.0003 0.0002 0.0003 0.0002 0.0002 0.0002 0.0002 0.0002 0.0003 0.0002 0.0004 0.0005 0.0001 0.0002 0.0004 0.0003 0.0002 0.0002 0.0003 0.0003 0.0001 0.0002 0.0005 0.0002 0.0004 0.0003 0.0003 0.0005 0.0005 0.0003 0.0003 0.0004 0.0003 0.0004 0.0004 0.0003 0.0002 0.0003 0.0007 0.0002 0.0006 0.0006 0.0007 0.0002 0.0004 0.0003 0.0005 0.0003 0.0004 0.0002 0.0003 0.0004 0.0005 0.0002 0.0003 0.0002 
0.0002 0.0002 0.0002 0.0001 0.0003 0.0002 0.0001 0.0002 0.0001 0.0002 0.0002 0.0001 0.0003 0.0002 0.0002 0.0002 0.0002 0.0002 0.0004 0.0002 0.0002 0.0001 0.0003 0.0004 0.0002 0.0002 0.0001 0.0004 0.0001 0.0002 0.0004 0.0002 0.0004 0.0002 0.0005 0.0007 0.0006 0.0004 0.0003 0.0003 0.0003 0.0011 0.0005 0.0004 0.0003 0.0005 0.0006 0.0005 0.0004 0.0002 0.0004 0.0004 0.0004 0.0004 0.0002 0.0004 0.0002 0.0004 0.0003 0.0003 0.0004 0.0001 0.0003 0.0008 
0.0001 0.0002 0.0002 0.0001 0.0002 0.0002 0.0001 0.0002 0.0002 0.0001 0.0002 0.0001 0.0003 0.0001 0.0001 0.0002 0.0002 0.0002 0.0001 0.0003 0.0003 0.0005 0.0003 0.0003 0.0002 0.0003 0.0004 0.0007 0.0005 0.0003 0.0001 0.0002 0.0002 0.0003 0.0004 0.0003 0.0006 0.0002 0.0003 0.0003 0.0004 0.0005 0.0007 0.0006 0.0004 0.0003 0.0002 0.0006 0.0009 0.0004 0.0004 0.0003 0.0002 0.0001 0.0003 0.0003 0.0006 0.0005 0.0001 0.0003 0.0004 0.0003 0.0002 0.0003 
0.0001 0.0003 0.0001 0.0002 0.0002 0.0003 0.0003 0.0003 0.0002 0.0001 0.0002 0.0002 0.0002 0.0002 0.0001 0.0002 0.0003 0.0003 0.0002 0.0001 0.0001 0.0003 0.0003 0.0001 0.0002 0.0003 0.0001 0.0003 0.0003 0.0004 0.0003 0.0003 0.0005 0.0003 0.0003 0.0002 0.0004 0.0003 0.0002 0.0003 0.0003 0.0003 0.0007 0.0005 0.0012 0.0004 0.0005 0.0004 0.0007 0.0004 0.0004 0.0003 0.0004 0.0003 0.0002 0.0004 0.0001 0.0002 0.0002 0.0004 0.0002 0.0003 0.0002 0.0004 
0.0002 0.0002 0.0001 0.0002 0.0003 0.0004 0.0002 0.0002 0.0002 0.0002 0.0003 0.0003 0.0003 0.0003 0.0003 0.0003 0.0003 0.0004 0.0002 0.0002 0.0004 0.0002 0.0002 0.0003 0.0003 0.0002 0.0001 0.0004 0.0004 0.0003 0.0002 0.0004 0.0004 0.0003 0.0002 0.0002 0.0001 0.0002 0.0002 0.0002 0.0003 0.0003 0.0006 0.0003 0.0003 0.0002 0.0006 0.0004 0.0002 0.0005 0.0004 0.0004 0.0004 0.0004 0.0006 0.0003 0.0002 0.0005 0.0002 0.0004 0.0004 0.0002 0.0001 0.0003 
0.0002 0.0001 0.0002 0.0003 0.0002 0.0002 0.0002 0.0001 0.0002 0.0002 0.0003 0.0002 0.0003 0.0003 0.0003 0.0002 0.0003 0.0001 0.0006 0.0002 0.0004 0.0004 0.0001 0.0005 0.0002 0.0002 0.0002 0.0003 0.0001 0.0004 0.0003 0.0004 0.0005 0.0003 0.0003 0.0002 0.0005 0.0007 0.0003 0.0007 0.0005 0.0004 0.0005 0.0004 0.0002 0.0002 0.0003 0.0001 0.0003 0.0004 0.0003 0.0003 0.0003 0.0003 0.0004 0.0004 0.0004 0.0003 0.0004 0.0005 0.0003 0.0002 0.0005 0.0003 
0.0002 0.0004 0.0008 0.0006 0.0004 0.0003 0.0002 0.0002 0.0003 0.0003 0.0012 0.0010 0.0012 0.0011 0.0010 0.0014 0.0008 0.0008 0.0005 0.0005 0.0004 0.0003 0.0004 0.0005 0.0007 0.0004 0.0003 0.0005 0.0002 0.0005 0.0004 0.0005 0.0008 0.0005 0.0004 0.0003 0.0004 0.0004 0.0007 0.0004 0.0008 0.0012 0.0008 0.0004 0.0004 0.0004 0.0006 0.0006 0.0006 0.0004 0.0004 0.0006 0.0003 0.0004 0.0002 0.0001 0.0003 0.0006 0.0005 0.0004 0.0002 0.0006 0.0001 0.0004 
0.0222 0.0447 0.0874 0.0846 0.0505 0.0190 0.0123 0.0104 0.0027 0.0078 0.0150 0.0182 0.0144 0.0236 0.0672 0.1023 0.1099 0.0975 0.0584 0.0181 0.0450 0.0500 0.0347 0.0259 0.0561 0.0715 0.0689 0.0482 0.0254 0.0124 0.0131 0.0111 0.0034 0.0025 0.0020 0.0014 0.0012 0.0014 0.0016 0.0018 0.0017 0.0080 0.0021 0.0007 0.0013 0.0011 0.0015 0.0031 0.0010 0.0021 0.0019 0.0012 0.0006 0.0020 0.0010 0.0008 0.0010 0.0009 0.0010 0.0009 0.0008 0.0009 0.0011 0.0007 
0.0260 0.0492 0.2301 0.4474 0.1408 0.0456 0.0334 0.0267 0.0299 0.0314 0.0447 0.0410 0.0513 0.0289 0.1217 0.2766 0.3190 0.2394 0.1121 0.0801 0.2684 0.2684 0.4421 0.4822 0.4038 0.4238 0.4909 0.2705 0.2639 0.1760 0.1307 0.0841 0.0264 0.0221 0.0160 0.0059 0.0093 0.0082 0.0086 0.0072 0.0063 0.0056 0.0084 0.0057 0.0069 0.0060 0.0053 0.0076 0.0071 0.0050 0.0039 0.0060 0.0057 0.0053 0.0043 0.0046 0.0045 0.0046 0.0046 0.0049 0.0045 0.0045 0.0047 0.0047 
0.0027 0.0602 0.0912 0.4261 0.1635 0.0512 0.0167 0.0209 0.0437 0.0201 0.0643 0.0712 0.0554 0.0760 0.1405 0.2357 0.3551 0.1571 0.0411 0.0740 0.1613 0.2707 0.6699 0.4277 0.3983 0.4106 0.3749 0.3205 0.3164 0.1596 0.2230 0.1479 0.0609 0.0456 0.0190 0.0116 0.0032 0.0080 0.0085 0.0091 0.0072 0.0062 0.0066 0.0068 0.0061 0.0054 0.0061 0.0056 0.0048 0.0070 0.0046 0.0046 0.0040 0.0030 0.0042 0.0027 0.0031 0.0026 0.0026 0.0025 0.0024 0.0017 0.0010 0.0006 
0.0034 0.0467 0.0997 0.2769 0.2851 0.0509 0.0230 0.0224 0.0505 0.0520 0.0307 0.1003 0.0644 0.0340 0.1718 0.2692 0.2940 0.3156 0.1128 0.0580 0.1745 0.4049 0.4857 0.7091 0.4660 0.2293 0.4780 0.2981 0.2279 0.1949 0.2448 0.1605 0.1007 0.0392 0.0358 0.0283 0.0445 0.0253 0.0247 0.0210 0.0207 0.0206 0.0186 0.0171 0.0166 0.0164 0.0164 0.0155 0.0142 0.0188 0.0158 0.0142 0.0143 0.0136 0.0130 0.0136 0.0134 0.0131 0.0129 0.0124 0.0128 0.0130 0.0127 0.0128 
0.0371 0.0410 0.1100 0.2275 0.3497 0.0713 0.0365 0.0241 0.0669 0.0395 0.0562 0.1437 0.0589 0.0772 0.2210 0.2672 0.3831 0.4958 0.2129 0.1269 0.2572 0.5131 0.6820 0.5663 0.5417 0.3101 0.2896 0.2839 0.2316 0.2078 0.2087 0.1837 0.1044 0.0330 0.0434 0.0353 0.0181 0.0213 0.0281 0.0135 0.0136 0.0122 0.0133 0.0115 0.0108 0.0095 0.0084 0.0085 0.0092 0.0078 0.0054 0.0070 0.0062 0.0061 0.0060 0.0044 0.0041 0.0047 0.0051 0.0047 0.0037 0.0037 0.0040 0.0039 
0.0307 0.0526 0.0601 0.1970 0.5275 0.0797 0.0309 0.0376 0.0286 0.0194 0.0608 0.1150 0.0443 0.0873 0.2411 0.2796 0.3864 0.5724 0.2319 0.1383 0.2262 0.4905 0.5718 0.5587 0.5687 0.2189 0.4017 0.3224 0.2396 0.2559 0.1226 0.2350 0.1184 0.0489 0.0355 0.0374 0.0354 0.0319 0.0231 0.0188 0.0165 0.0165 0.0154 0.0145 0.0130 0.0126 0.0115 0.0120 0.0169 0.0104 0.0166 0.0074 0.0086 0.0085 0.0092 0.0090 0.0091 0.0083 0.0081 0.0084 0.0085 0.0080 0.0079 0.0077 
0.0111 0.0279 0.0459 0.1365 0.6547 0.0459 0.0266 0.0268 0.0290 0.0548 0.0317 0.1218 0.0389 0.1119 0.2870 0.3389 0.5105 0.4331 0.3159 0.2281 0.2760 0.4555 0.3907 0.6738 0.3372 0.3492 0.2486 0.3077 0.2149 0.2256 0.1670 0.0929 0.1648 0.0691 0.0208 0.0322 0.0544 0.0246 0.0348 0.0182 0.0186 0.0173 0.0174 0.0168 0.0153 0.0150 0.0164 0.0140 0.0063 0.0138 0.0228 0.0175 0.0153 0.0141 0.0136 0.0133 0.0130 0.0130 0.0130 0.0123 0.0121 0.0122 0.0121 0.0123 
0.0170 0.0182 0.0658 0.0749 0.5839 0.0817 0.0324 0.0529 0.0367 0.0632 0.0490 0.1048 0.0663 0.1874 0.2522 0.4424 0.5406 0.2706 0.1892 0.2197 0.2147 0.3154 0.2907 0.3614 0.3623 0.2456 0.2207 0.0798 0.2540 0.2169 0.1584 0.1686 0.0487 0.0439 0.0330 0.0165 0.0197 0.0226 0.0177 0.0098 0.0073 0.0078 0.0065 0.0056 0.0061 0.0072 0.0036 0.0045 0.0128 0.0148 0.0352 0.0091 0.0069 0.0070 0.0065 0.0063 0.0064 0.0063 0.0063 0.0061 0.0061 0.0058 0.0059 0.0063 
0.0028 0.0160 0.0405 0.1040 0.3410 0.1177 0.0282 0.0115 0.0530 0.0437 0.0336 0.0892 0.0820 0.0922 0.2393 0.4257 0.4379 0.2027 0.0879 0.0820 0.1188 0.2761 0.3015 0.2760 0.2036 0.1027 0.2144 0.0806 0.1737 0.0976 0.1773 0.1732 0.0708 0.0463 0.0247 0.0073 0.0107 0.0038 0.0073 0.0022 0.0011 0.0012 0.0014 0.0023 0.0005 0.0016 0.0074 0.0090 0.0072 0.0143 0.0231 0.0160 0.0047 0.0036 0.0033 0.0029 0.0027 0.0024 0.0026 0.0025 0.0025 0.0023 0.0019 0.0024 
0.0047 0.0145 0.0314 0.1008 0.1920 0.0760 0.0271 0.0154 0.0476 0.0230 0.0365 0.0755 0.0440 0.0428 0.1399 0.3916 0.2092 0.0918 0.0948 0.1028 0.1116 0.1706 0.1892 0.1699 0.1291 0.0912 0.0458 0.0366 0.1088 0.0832 0.1086 0.1525 0.0445 0.0495 0.0252 0.0180 0.0121 0.0113 0.0119 0.0095 0.0081 0.0076 0.0066 0.0086 0.0081 0.0065 0.0097 0.0108 0.0201 0.0174 0.0230 0.0068 0.0041 0.0020 0.0021 0.0024 0.0024 0.0023 0.0025 0.0021 0.0024 0.0025 0.0024 0.0024 
0.0124 0.0265 0.0309 0.1114 0.1478 0.0520 0.0212 0.0259 0.0550 0.0210 0.0338 0.0270 0.0429 0.0423 0.1297 0.1912 0.1037 0.0568 0.0363 0.0766 0.0455 0.0953 0.0247 0.0685 0.0356 0.0374 0.0196 0.0241 0.0282 0.0325 0.0331 0.0381 0.0315 0.0199 0.0120 0.0094 0.0090 0.0056 0.0079 0.0053 0.0049 0.0047 0.0038 0.0039 0.0038 0.0040 0.0040 0.0068 0.0045 0.0081 0.0214 0.0043 0.0012 0.0020 0.0018 0.0015 0.0017 0.0018 0.0017 0.0021 0.0022 0.0020 0.0017 0.0018 
0.0043 0.0134 0.0231 0.0342 0.0946 0.0138 0.0227 0.0202 0.0155 0.0057 0.0050 0.0064 0.0109 0.0114 0.0396 0.0592 0.1024 0.0234 0.0359 0.0161 0.0067 0.0370 0.0585 0.0415 0.0330 0.0121 0.0168 0.0133 0.0137 0.0178 0.0143 0.0195 0.0208 0.0036 0.0017 0.0025 0.0029 0.0020 0.0012 0.0010 0.0009 0.0006 0.0010 0.0013 0.0004 0.0008 0.0007 0.0010 0.0023 0.0020 0.0045 0.0030 0.0006 0.0005 0.0004 0.0002 0.0004 0.0004 0.0002 0.0003 0.0007 0.0004 0.0004 0.0003 
0.0052 0.0207 0.0075 0.0219 0.0737 0.0237 0.0108 0.0049 0.0096 0.0041 0.0047 0.0046 0.0103 0.0069 0.0226 0.0276 0.0180 0.0309 0.0082 0.0307 0.0222 0.0269 0.0233 0.0168 0.0185 0.0097 0.0093 0.0064 0.0055 0.0228 0.0114 0.0073 0.0088 0.0023 0.0024 0.0013 0.0007 0.0011 0.0018 0.0013 0.0011 0.0010 0.0010 0.0013 0.0012 0.0011 0.0008 0.0014 0.0014 0.0008 0.0010 0.0014 0.0012 0.0007 0.0012 0.0010 0.0011 0.0008 0.0009 0.0009 0.0007 0.0010 0.0009 0.0009 
0.0019 0.0194 0.0043 0.0098 0.0491 0.0178 0.0080 0.0024 0.0060 0.0020 0.0051 0.0055 0.0047 0.0055 0.0157 0.0477 0.0464 0.0166 0.0136 0.0194 0.0145 0.0172 0.0187 0.0184 0.0321 0.0031 0.0045 0.0048 0.0060 0.0192 0.0028 0.0059 0.0054 0.0019 0.0017 0.0010 0.0014 0.0015 0.0004 0.0006 0.0006 0.0004 0.0003 0.0003 0.0005 0.0004 0.0008 0.0009 0.0004 0.0006 0.0004 0.0008 0.0005 0.0003 0.0001 0.0004 0.0003 0.0003 0.0004 0.0004 0.0002 0.0002 0.0002 0.0003 
0.0014 0.0146 0.0067 0.0109 0.0362 0.0122 0.0066 0.0047 0.0040 0.0025 0.0035 0.0041 0.0027 0.0056 0.0214 0.0318 0.0457 0.0076 0.0050 0.0109 0.0087 0.0119 0.0066 0.0171 0.0105 0.0040 0.0030 0.0028 0.0032 0.0040 0.0045 0.0045 0.0023 0.0010 0.0008 0.0010 0.0008 0.0007 0.0004 0.0008 0.0004 0.0007 0.0006 0.0005 0.0007 0.0006 0.0007 0.0013 0.0005 0.0007 0.0007 0.0007 0.0003 0.0007 0.0006 0.0005 0.0002 0.0007 0.0004 0.0003 0.0005 0.0006 0.0005 0.0006 
0.0012 0.0083 0.0068 0.0098 0.0276 0.0062 0.0047 0.0009 0.0028 0.0029 0.0017 0.0041 0.0025 0.0050 0.0056 0.0125 0.0177 0.0061 0.0072 0.0021 0.0061 0.0069 0.0048 0.0055 0.0084 0.0011 0.0009 0.0005 0.0009 0.0074 0.0010 0.0025 0.0010 0.0005 0.0004 0.0008 0.0002 0.0007 0.0002 0.0004 0.0003 0.0004 0.0002 0.0003 0.0002 0.0006 0.0006 0.0006 0.0004 0.0004 0.0008 0.0002 0.0006 0.0003 0.0002 0.0003 0.0005 0.0001 0.0002 0.0004 0.0004 0.0003 0.0003 0.0004 
0.0013 0.0040 0.0053 0.0066 0.0172 0.0058 0.0034 0.0021 0.0025 0.0017 0.0024 0.0019 0.0019 0.0015 0.0041 0.0140 0.0211 0.0059 0.0080 0.0048 0.0025 0.0046 0.0027 0.0041 0.0063 0.0007 0.0008 0.0005 0.0011 0.0025 0.0011 0.0020 0.0017 0.0006 0.0006 0.0007 0.0005 0.0002 0.0004 0.0004 0.0004 0.0003 0.0004 0.0003 0.0005 0.0004 0.0004 0.0003 0.0004 0.0003 0.0013 0.0003 0.0005 0.0003 0.0002 0.0005 0.0006 0.0004 0.0003 0.0001 0.0004 0.0004 0.0004 0.0004 
0.0003 0.0034 0.0039 0.0068 0.0240 0.0039 0.0034 0.0019 0.0023 0.0014 0.0016 0.0010 0.0011 0.0021 0.0027 0.0110 0.0071 0.0031 0.0071 0.0022 0.0021 0.0032 0.0025 0.0031 0.0041 0.0007 0.0005 0.0006 0.0004 0.0013 0.0006 0.0017 0.0007 0.0002 0.0002 0.0003 0.0005 0.0003 0.0004 0.0004 0.0003 0.0005 0.0003 0.0003 0.0002 0.0003 0.0004 0.0004 0.0006 0.0004 0.0004 0.0004 0.0005 0.0005 0.0002 0.0003 0.0004 0.0002 0.0004 0.0005 0.0004 0.0003 0.0004 0.0003 
0.0008 0.0034 0.0045 0.0034 0.0343 0.0020 0.0018 0.0025 0.0024 0.0013 0.0020 0.0014 0.0014 0.0018 0.0023 0.0016 0.0037 0.0022 0.0028 0.0010 0.0017 0.0015 0.0008 0.0022 0.0008 0.0003 0.0001 0.0002 0.0005 0.0013 0.0005 0.0019 0.0008 0.0003 0.0006 0.0005 0.0005 0.0006 0.0007 0.0006 0.0002 0.0003 0.0002 0.0001 0.0002 0.0003 0.0005 0.0009 0.0003 0.0010 0.0007 0.0003 0.0004 0.0006 0.0004 0.0005 0.0004 0.0001 0.0003 0.0003 0.0005 0.0004 0.0004 0.0004 
0.0005 0.0042 0.0076 0.0100 0.0346 0.0084 0.0027 0.0058 0.0124 0.0057 0.0097 0.0081 0.0031 0.0127 0.0110 0.0139 0.0058 0.0029 0.0061 0.0028 0.0051 0.0065 0.0037 0.0032 0.0080 0.0024 0.0033 0.0019 0.0027 0.0024 0.0025 0.0034 0.0024 0.0021 0.0039 0.0032 0.0028 0.0048 0.0042 0.0119 0.0116 0.0069 0.0097 0.0078 0.0093 0.0105 0.0188 0.0213 0.0250 0.0174 0.0043 0.0100 0.0080 0.0082 0.0050 0.0058 0.0046 0.0020 0.0036 0.0006 0.0032 0.0018 0.0022 0.0022 
0.0005 0.0040 0.0107 0.0145 0.0314 0.0057 0.0019 0.0027 0.0053 0.0020 0.0051 0.0074 0.0062 0.0105 0.0131 0.0089 0.0037 0.0053 0.0029 0.0055 0.0049 0.0063 0.0054 0.0018 0.0023 0.0034 0.0021 0.0014 0.0023 0.0029 0.0030 0.0080 0.0040 0.0019 0.0048 0.0049 0.0074 0.0035 0.0048 0.0199 0.0536 0.0474 0.0200 0.0131 0.0096 0.0109 0.0134 0.0229 0.0493 0.0460 0.0333 0.0400 0.0085 0.0104 0.0045 0.0034 0.0040 0.0025 0.0051 0.0034 0.0020 0.0027 0.0018 0.0018 
0.0012 0.0011 0.0042 0.0048 0.0274 0.0032 0.0033 0.0046 0.0035 0.0022 0.0020 0.0041 0.0032 0.0036 0.0095 0.0018 0.0019 0.0012 0.0028 0.0025 0.0029 0.0015 0.0011 0.0009 0.0007 0.0006 0.0004 0.0004 0.0004 0.0004 0.0006 0.0027 0.0026 0.0009 0.0016 0.0014 0.0030 0.0025 0.0026 0.0032 0.0087 0.0064 0.0028 0.0027 0.0021 0.0016 0.0039 0.0045 0.0095 0.0031 0.0015 0.0046 0.0031 0.0018 0.0020 0.0009 0.0005 0.0003 0.0007 0.0006 0.0003 0.0002 0.0004 0.0004 
0.0004 0.0009 0.0014 0.0039 0.0190 0.0019 0.0014 0.0013 0.0020 0.0010 0.0045 0.0022 0.0031 0.0047 0.0062 0.0030 0.0021 0.0009 0.0017 0.0011 0.0006 0.0005 0.0010 0.0009 0.0004 0.0003 0.0002 0.0002 0.0005 0.0004 0.0003 0.0006 0.0003 0.0005 0.0008 0.0004 0.0010 0.0009 0.0008 0.0012 0.0013 0.0042 0.0020 0.0011 0.0012 0.0008 0.0012 0.0042 0.0052 0.0017 0.0003 0.0037 0.0031 0.0020 0.0008 0.0007 0.0006 0.0004 0.0002 0.0003 0.0002 0.0002 0.0004 0.0003 
0.0004 0.0025 0.0031 0.0018 0.0143 0.0013 0.0010 0.0006 0.0023 0.0011 0.0030 0.0012 0.0020 0.0050 0.0055 0.0018 0.0011 0.0009 0.0018 0.0009 0.0005 0.0004 0.0003 0.0003 0.0003 0.0001 0.0002 0.0003 0.0004 0.0005 0.0004 0.0007 0.0003 0.0005 0.0004 0.0007 0.0004 0.0005 0.0008 0.0008 0.0007 0.0022 0.0008 0.0010 0.0011 0.0006 0.0011 0.0014 0.0011 0.0007 0.0010 0.0013 0.0010 0.0008 0.0007 0.0007 0.0004 0.0002 0.0002 0.0006 0.0003 0.0003 0.0003 0.0003 
0.0005 0.0020 0.0023 0.0015 0.0085 0.0023 0.0016 0.0003 0.0005 0.0008 0.0016 0.0012 0.0011 0.0047 0.0058 0.0018 0.0007 0.0005 0.0009 0.0003 0.0000 0.0005 0.0003 0.0004 0.0002 0.0001 0.0001 0.0002 0.0001 0.0002 0.0002 0.0004 0.0002 0.0005 0.0004 0.0003 0.0006 0.0006 0.0004 0.0001 0.0011 0.0004 0.0006 0.0004 0.0007 0.0003 0.0001 0.0003 0.0015 0.0006 0.0006 0.0009 0.0005 0.0005 0.0009 0.0002 0.0005 0.0005 0.0004 0.0002 0.0002 0.0004 0.0001 0.0004 
0.0005 0.0006 0.0021 0.0013 0.0044 0.0014 0.0018 0.0001 0.0008 0.0008 0.0018 0.0026 0.0006 0.0050 0.0012 0.0012 0.0004 0.0004 0.0004 0.0005 0.0005 0.0003 0.0003 0.0003 0.0001 0.0004 0.0002 0.0005 0.0002 0.0002 0.0004 0.0002 0.0003 0.0004 0.0003 0.0001 0.0010 0.0009 0.0002 0.0004 0.0006 0.0007 0.0002 0.0002 0.0004 0.0005 0.0006 0.0003 0.0005 0.0004 0.0005 0.0006 0.0003 0.0005 0.0006 0.0004 0.0006 0.0002 0.0003 0.0005 0.0002 0.0003 0.0002 0.0003 
0.0002 0.0004 0.0016 0.0020 0.0025 0.0011 0.0009 0.0002 0.0003 0.0005 0.0008 0.0013 0.0015 0.0016 0.0014 0.0010 0.0003 0.0003 0.0002 0.0002 0.0004 0.0006 0.0005 0.0002 0.0004 0.0002 0.0003 0.0002 0.0003 0.0003 0.0003 0.0002 0.0003 0.0001 0.0004 0.0001 0.0009 0.0005 0.0001 0.0004 0.0004 0.0003 0.0001 0.0006 0.0004 0.0006 0.0003 0.0009 0.0003 0.0003 0.0005 0.0004 0.0004 0.0003 0.0005 0.0003 0.0005 0.0005 0.0005 0.0004 0.0001 0.0002 0.0003 0.0003 
0.0003 0.0005 0.0008 0.0010 0.0017 0.0005 0.0006 0.0002 0.0004 0.0003 0.0006 0.0008 0.0010 0.0011 0.0014 0.0006 0.0004 0.0005 0.0002 0.0004 0.0003 0.0004 0.0002 0.0001 0.0003 0.0002 0.0003 0.0001 0.0003 0.0002 0.0001 0.0003 0.0001 0.0003 0.0002 0.0002 0.0002 0.0002 0.0002 0.0002 0.0005 0.0002 0.0003 0.0005 0.0004 0.0002 0.0005 0.0005 0.0003 0.0004 0.0005 0.0004 0.0003 0.0003 0.0004 0.0003 0.0004 0.0002 0.0004 0.0001 0.0002 0.0002 0.0002 0.0006 
0.0002 0.0005 0.0012 0.0001 0.0018 0.0006 0.0004 0.0004 0.0004 0.0003 0.0006 0.0005 0.0002 0.0008 0.0003 0.0003 0.0002 0.0002 0.0002 0.0001 0.0001 0.0002 0.0002 0.0004 0.0001 0.0001 0.0002 0.0002 0.0002 0.0006 0.0002 0.0003 0.0002 0.0004 0.0002 0.0001 0.0003 0.0002 0.0004 0.0003 0.0003 0.0002 0.0001 0.0003 0.0007 0.0003 0.0002 0.0002 0.0003 0.0005 0.0005 0.0002 0.0005 0.0002 0.0001 0.0004 0.0004 0.0003 0.0005 0.0003 0.0005 0.0002 0.0003 0.0003 
0.0002 0.0001 0.0007 0.0002 0.0015 0.0004 0.0004 0.0002 0.0004 0.0002 0.0001 0.0003 0.0003 0.0004 0.0003 0.0005 0.0003 0.0002 0.0002 0.0002 0.0002 0.0003 0.0002 0.0002 0.0002 0.0001 0.0003 0.0003 0.0002 0.0004 0.0001 0.0002 0.0002 0.0003 0.0002 0.0004 0.0003 0.0003 0.0002 0.0002 0.0006 0.0003 0.0006 0.0004 0.0006 0.0003 0.0002 0.0005 0.0001 0.0002 0.0006 0.0004 0.0004 0.0002 0.0005 0.0003 0.0004 0.0004 0.0003 0.0002 0.0003 0.0002 0.0005 0.0002 
0.0002 0.0001 0.0001 0.0003 0.0023 0.0002 0.0004 0.0001 0.0003 0.0002 0.0002 0.0002 0.0007 0.0005 0.0002 0.0006 0.0003 0.0002 0.0002 0.0002 0.0001 0.0002 0.0002 0.0001 0.0001 0.0001 0.0001 0.0001 0.0004 0.0004 0.0002 0.0002 0.0002 0.0003 0.0003 0.0006 0.0005 0.0003 0.0003 0.0002 0.0003 0.0007 0.0005 0.0005 0.0002 0.0003 0.0005 0.0003 0.0004 0.0004 0.0004 0.0004 0.0002 0.0002 0.0004 0.0003 0.0003 0.0002 0.0003 0.0002 0.0003 0.0004 0.0005 0.0002 
0.0001 0.0002 0.0003 0.0003 0.0023 0.0003 0.0001 0.0002 0.0001 0.0004 0.0002 0.0001 0.0004 0.0002 0.0002 0.0005 0.0002 0.0002 0.0002 0.0003 0.0001 0.0002 0.0002 0.0003 0.0001 0.0001 0.0002 0.0002 0.0001 0.0006 0.0002 0.0002 0.0002 0.0004 0.0003 0.0002 0.0002 0.0002 0.0002 0.0005 0.0004 0.0003 0.0004 0.0003 0.0004 0.0006 0.0003 0.0004 0.0004 0.0003 0.0003 0.0006 0.0005 0.0003 0.0003 0.0006 0.0002 0.0002 0.0006 0.0002 0.0001 0.0001 0.0005 0.0003 
0.0001 0.0001 0.0002 0.0003 0.0026 0.0003 0.0002 0.0001 0.0003 0.0002 0.0004 0.0002 0.0001 0.0002 0.0003 0.0005 0.0002 0.0002 0.0002 0.0002 0.0002 0.0002 0.0003 0.0002 0.0003 0.0003 0.0002 0.0001 0.0004 0.0001 0.0001 0.0004 0.0002 0.0002 0.0003 0.0003 0.0002 0.0002 0.0002 0.0002 0.0003 0.0002 0.0002 0.0005 0.0003 0.0004 0.0005 0.0004 0.0002 0.0003 0.0003 0.0004 0.0002 0.0003 0.0007 0.0004 0.0004 0.0003 0.0004 0.0004 0.0003 0.0000 0.0002 0.0002 
0.0001 0.0001 0.0002 0.0003 0.0024 0.0002 0.0004 0.0002 0.0003 0.0003 0.0007 0.0007 0.0002 0.0003 0.0002 0.0003 0.0002 0.0003 0.0003 0.0002 0.0001 0.0002 0.0001 0.0001 0.0001 0.0003 0.0003 0.0003 0.0002 0.0005 0.0002 0.0003 0.0003 0.0006 0.0003 0.0006 0.0002 0.0002 0.0002 0.0002 0.0005 0.0004 0.0002 0.0004 0.0002 0.0003 0.0004 0.0004 0.0003 0.0002 0.0003 0.0003 0.0004 0.0005 0.0001 0.0003 0.0001 0.0003 0.0005 0.0002 0.0004 0.0004 0.0002 0.0003 
0.0002 0.0002 0.0002 0.0003 0.0023 0.0003 0.0001 0.0000 0.0002 0.0004 0.0008 0.0012 0.0003 0.0003 0.0003 0.0002 0.0001 0.0001 0.0003 0.0002 0.0002 0.0002 0.0002 0.0003 0.0001 0.0001 0.0002 0.0002 0.0005 0.0002 0.0003 0.0003 0.0003 0.0003 0.0003 0.0006 0.0003 0.0003 0.0001 0.0003 0.0002 0.0002 0.0002 0.0006 0.0003 0.0002 0.0004 0.0003 0.0003 0.0005 0.0002 0.0005 0.0005 0.0005 0.0002 0.0004 0.0004 0.0003 0.0002 0.0003 0.0004 0.0003 0.0004 0.0004 
0.0001 0.0001 0.0002 0.0002 0.0016 0.0001 0.0001 0.0001 0.0002 0.0003 0.0004 0.0004 0.0002 0.0002 0.0003 0.0004 0.0002 0.0002 0.0003 0.0002 0.0003 0.0002 0.0002 0.0001 0.0001 0.0003 0.0001 0.0001 0.0002 0.0002 0.0004 0.0002 0.0002 0.0003 0.0003 0.0001 0.0005 0.0003 0.0006 0.0003 0.0001 0.0004 0.0002 0.0002 0.0004 0.0005 0.0003 0.0003 0.0002 0.0001 0.0004 0.0002 0.0003 0.0003 0.0002 0.0003 0.0001 0.0003 0.0003 0.0004 0.0003 0.0005 0.0003 0.0003 
0.0001 0.0002 0.0002 0.0003 0.0010 0.0002 0.0001 0.0002 0.0003 0.0002 0.0001 0.0004 0.0003 0.0002 0.0001 0.0003 0.0004 0.0002 0.0002 0.0005 0.0003 0.0001 0.0002 0.0003 0.0003 0.0003 0.0002 0.0002 0.0003 0.0004 0.0002 0.0003 0.0002 0.0003 0.0004 0.0003 0.0002 0.0005 0.0006 0.0004 0.0003 0.0002 0.0002 0.0002 0.0003 0.0003 0.0003 0.0004 0.0004 0.0005 0.0003 0.0004 0.0002 0.0003 0.0005 0.0004 0.0002 0.0005 0.0002 0.0002 0.0002 0.0004 0.0004 0.0002 
