0.0001 0.0001 0.0001 0.0002 0.0002 0.0001 0.0002 0.0001 0.0003 0.0003 0.0001 0.0002 0.0001 0.0001 0.0003 0.0003 0.0004 0.0002 0.0002 0.0002 0.0002 0.0005 0.0001 0.0005 0.0002 0.0004 0.0003 0.0003 0.0002 0.0002 0.0002 0.0002 0.0006 0.0003 0.0003 0.0002 0.0002 0.0003 0.0003 0.0004 0.0003 0.0002 0.0009 0.0005 0.0003 0.0002 0.0003 0.0005 0.0006 0.0004 0.0005 0.0004 0.0001 0.0005 0.0003 0.0002 0.0002 0.0002 0.0004 0.0003 0.0004 0.0002 0.0004 0.0001 
0.0001 0.0002 0.0002 0.0001 0.0003 0.0003 0.0003 0.0002 0.0002 0.0002 0.0002 0.0002 0.0001 0.0001 0.0002 0.0002 0.0004 0.0001 0.0002 0.0002 0.0001 0.0002 0.0001 0.0002 0.0002 0.0002 0.0001 0.0003 0.0003 0.0002 0.0003 0.0002 0.0002 0.0003 0.0001 0.0003 0.0004 0.0003 0.0002 0.0005 0.0003 0.0003 0.0006 0.0001 0.0004 0.0004 0.0002 0.0004 0.0003 0.0003 0.0004 0.0004 0.0004 0.0004 0.0004 0.0004 0.0001 0.0003 0.0005 0.0001 0.0003 0.0003 0.0003 0.0004 
0.0001 0.0002 0.0001 0.0001 0.0002 0.0002 0.0002 0.0004 0.0001 0.0002 0.0001 0.0001 0.0003 0.0001 0.0001 0.0002 0.0001 0.0001 0.0003 0.0002 0.0003 0.0002 0.0002 0.0002 0.0002 0.0003 0.0002 0.0003 0.0002 0.0003 0.0004 0.0002 0.0003 0.0003 0.0002 0.0002 0.0002 0.0004 0.0002 0.0002 0.0005 0.0005 0.0002 0.0003 0.0004 0.0003 0.0003 0.0003 0.0005 0.0004 0.0001 0.0002 0.0002 0.0001 0.0003 0.0002 0.0002 0.0002 0.0003 0.0004 0.0002 0.0002 0.0004 0.0002 
0.0001 0.0003 0.0003 0.0001 0.0001 0.0002 0.0001 0.0003 0.0003 0.0001 0.0002 0.0002 0.0003 0.0003 0.0002 0.0002 0.0003 0.0002 0.0001 0.0002 0.0002 0.0002 0.0001 0.0002 0.0002 0.0003 0.0003 0.0002 0.0003 0.0001 0.0004 0.0004 0.0002 0.0003 0.0005 0.0002 0.0001 0.0004 0.0004 0.0003 0.0003 0.0007 0.0006 0.0002 0.0005 0.0005 0.0003 0.0003 0.0003 0.0003 0.0003 0.0005 0.0004 0.0004 0.0003 0.0002 0.0003 0.0003 0.0003 0.0002 0.0002 0.0003 0.0004 0.0004 
0.0000 0.0001 0.0001 0.0002 0.0002 0.0001 0.0001 0.0003 0.0002 0.0003 0.0002 0.0004 0.0002 0.0002 0.0003 0.0003 0.0001 0.0001 0.0002 0.0002 0.0002 0.0004 0.0004 0.0001 0.0002 0.0002 0.0003 0.0002 0.0003 0.0002 0.0004 0.0004 0.0003 0.0002 0.0003 0.0002 0.0001 0.0007 0.0002 0.0003 0.0005 0.0004 0.0006 0.0002 0.0003 0.0002 0.0002 0.0003 0.0004 0.0004 0.0002 0.0004 0.0005 0.0004 0.0004 0.0004 0.0004 0.0002 0.0002 0.0002 0.0003 0.0004 0.0004 0.0002 
0.0000 0.0001 0.0001 0.0002 0.0001 0.0000 0.0001 0.0002 0.0001 0.0003 0.0002 0.0004 0.0003 0.0002 0.0003 0.0002 0.0001 0.0003 0.0004 0.0003 0.0002 0.0005 0.0001 0.0001 0.0001 0.0002 0.0002 0.0002 0.0009 0.0006 0.0004 0.0005 0.0005 0.0004 0.0004 0.0003 0.0007 0.0003 0.0002 0.0002 0.0007 0.0005 0.0006 0.0003 0.0003 0.0003 0.0003 0.0007 0.0004 0.0004 0.0003 0.0004 0.0003 0.0002 0.0005 0.0003 0.0004 0.0003 0.0003 0.0003 0.0005 0.0004 0.0004 0.0003 
0.0001 0.0001 0.0001 0.0002 0.0001 0.0001 0.0002 0.0001 0.0002 0.0003 0.0002 0.0002 0.0002 0.0002 0.0001 0.0001 0.0001 0.0003 0.0004 0.0004 0.0004 0.0003 0.0003 0.0002 0.0003 0.0003 0.0001 0.0001 0.0004 0.0006 0.0002 0.0002 0.0002 0.0005 0.0004 0.0002 0.0006 0.0006 0.0005 0.0003 0.0002 0.0005 0.0005 0.0005 0.0005 0.0002 0.0005 0.0003 0.0003 0.0003 0.0003 0.0003 0.0007 0.0003 0.0004 0.0002 0.0002 0.0004 0.0003 0.0003 0.0002 0.0003 0.0004 0.0002 
0.0000 0.0001 0.0001 0.0001 0.0001 0.0001 0.0002 0.0001 0.0002 0.0001 0.0001 0.0001 0.0001 0.0001 0.0002 0.0002 0.0002 0.0003 0.0003 0.0004 0.0003 0.0002 0.0004 0.0002 0.0002 0.0003 0.0003 0.0003 0.0002 0.0006 0.0002 0.0006 0.0005 0.0005 0.0002 0.0003 0.0002 0.0005 0.0002 0.0003 0.0004 0.0002 0.0003 0.0004 0.0004 0.0004 0.0004 0.0002 0.0002 0.0004 0.0002 0.0004 0.0002 0.0003 0.0003 0.0004 0.0002 0.0002 0.0002 0.0003 0.0003 0.0002 0.0002 0.0003 
0.0000 0.0001 0.0001 0.0002 0.0001 0.0001 0.0002 0.0001 0.0001 0.0001 0.0002 0.0001 0.0002 0.0004 0.0007 0.0002 0.0001 0.0002 0.0002 0.0003 0.0003 0.0002 0.0006 0.0002 0.0005 0.0004 0.0002 0.0002 0.0003 0.0001 0.0003 0.0004 0.0002 0.0004 0.0003 0.0003 0.0005 0.0004 0.0005 0.0003 0.0002 0.0003 0.0002 0.0002 0.0003 0.0004 0.0001 0.0003 0.0004 0.0006 0.0006 0.0003 0.0003 0.0002 0.0005 0.0003 0.0003 0.0004 0.0003 0.0003 0.0005 0.0003 0.0003 0.0002 
0.0001 0.0001 0.0001 0.0001 0.0003 0.0002 0.0004 0.0003 0.0002 0.0003 0.0001 0.0002 0.0002 0.0003 0.0004 0.0002 0.0003 0.0002 0.0004 0.0001 0.0003 0.0002 0.0004 0.0002 0.0005 0.0002 0.0002 0.0002 0.0003 0.0003 0.0001 0.0003 0.0002 0.0004 0.0003 0.0003 0.0006 0.0005 0.0004 0.0000 0.0001 0.0005 0.0003 0.0003 0.0005 0.0003 0.0002 0.0007 0.0003 0.0003 0.0007 0.0003 0.0004 0.0001 0.0002 0.0004 0.0002 0.0002 0.0005 0.0002 0.0004 0.0003 0.0005 0.0003 
0.0000 0.0001 0.0001 0.0001 0.0002 0.0003 0.0005 0.0001 0.0002 0.0002 0.0002 0.0004 0.0003 0.0001 0.0002 0.0001 0.0004 0.0001 0.0004 0.0003 0.0002 0.0002 0.0002 0.0001 0.0008 0.0005 0.0002 0.0002 0.0004 0.0001 0.0001 0.0002 0.0003 0.0002 0.0002 0.0003 0.0004 0.0003 0.0008 0.0006 0.0003 0.0006 0.0004 0.0006 0.0004 0.0001 0.0004 0.0002 0.0004 0.0002 0.0005 0.0003 0.0007 0.0004 0.0003 0.0005 0.0003 0.0002 0.0003 0.0004 0.0003 0.0002 0.0002 0.0002 
0.0001 0.0002 0.0002 0.0002 0.0001 0.0002 0.0003 0.0002 0.0001 0.0003 0.0003 0.0004 0.0002 0.0003 0.0003 0.0002 0.0003 0.0004 0.0002 0.0003 0.0001 0.0003 0.0003 0.0004 0.0006 0.0003 0.0001 0.0005 0.0004 0.0003 0.0002 0.0003 0.0003 0.0003 0.0003 0.0005 0.0003 0.0006 0.0002 0.0002 0.0004 0.0005 0.0004 0.0002 0.0006 0.0004 0.0005 0.0003 0.0006 0.0002 0.0001 0.0002 0.0003 0.0004 0.0001 0.0004 0.0003 0.0003 0.0003 0.0004 0.0004 0.0003 0.0003 0.0003 
0.0000 0.0002 0.0001 0.0002 0.0002 0.0003 0.0002 0.0004 0.0002 0.0002 0.0005 0.0001 0.0002 0.0001 0.0001 0.0002 0.0001 0.0002 0.0001 0.0004 0.0001 0.0001 0.0002 0.0003 0.0002 0.0003 0.0001 0.0004 0.0003 0.0002 0.0004 0.0001 0.0002 0.0003 0.0002 0.0004 0.0002 0.0002 0.0003 0.0002 0.0002 0.0004 0.0003 0.0002 0.0003 0.0003 0.0005 0.0001 0.0003 0.0002 0.0008 0.0003 0.0003 0.0002 0.0003 0.0001 0.0002 0.0006 0.0002 0.0001 0.0003 0.0002 0.0003 0.0003 
0.0001 0.0002 0.0001 0.0002 0.0001 0.0002 0.0001 0.0003 0.0003 0.0002 0.0002 0.0002 0.0001 0.0001 0.0003 0.0001 0.0004 0.0002 0.0001 0.0003 0.0001 0.0002 0.0001 0.0003 0.0002 0.0003 0.0003 0.0006 0.0002 0.0003 0.0004 0.0005 0.0002 0.0002 0.0006 0.0005 0.0003 0.0002 0.0003 0.0002 0.0003 0.0002 0.0004 0.0003 0.0002 0.0002 0.0008 0.0003 0.0004 0.0004 0.0001 0.0002 0.0005 0.0003 0.0005 0.0005 0.0003 0.0004 0.0003 0.0004 0.0004 0.0001 0.0004 0.0003 
0.0000 0.0001 0.0001 0.0003 0.0001 0.0001 0.0001 0.0002 0.0001 0.0001 0.0003 0.0001 0.0002 0.0003 0.0002 0.0001 0.0002 0.0002 0.0002 0.0001 0.0002 0.0004 0.0003 0.0002 0.0003 0.0002 0.0002 0.0004 0.0002 0.0001 0.0003 0.0006 0.0004 0.0002 0.0001 0.0005 0.0002 0.0001 0.0001 0.0003 0.0003 0.0007 0.0003 0.0001 0.0005 0.0005 0.0010 0.0002 0.0004 0.0005 0.0004 0.0006 0.0005 0.0002 0.0003 0.0003 0.0004 0.0003 0.0005 0.0003 0.0004 0.0002 0.0004 0.0001 
0.0000 0.0002 0.0001 0.0001 0.0001 0.0002 0.0001 0.0002 0.0001 0.0001 0.0001 0.0002 0.0002 0.0003 0.0001 0.0002 0.0001 0.0003 0.0002 0.0002 0.0003 0.0004 0.0003 0.0003 0.0005 0.0002 0.0003 0.0001 0.0004 0.0005 0.0002 0.0004 0.0001 0.0002 0.0003 0.0003 0.0001 0.0003 0.0003 0.0004 0.0003 0.0005 0.0004 0.0004 0.0003 0.0003 0.0005 0.0003 0.0004 0.0002 0.0004 0.0003 0.0005 0.0004 0.0008 0.0005 0.0004 0.0004 0.0002 0.0004 0.0002 0.0003 0.0003 0.0002 
0.0001 0.0002 0.0002 0.0003 0.0002 0.0001 0.0002 0.0003 0.0002 0.0002 0.0003 0.0002 0.0003 0.0002 0.0001 0.0001 0.0001 0.0002 0.0004 0.0002 0.0002 0.0002 0.0002 0.0005 0.0003 0.0003 0.0003 0.0007 0.0002 0.0003 0.0004 0.0003 0.0004 0.0002 0.0002 0.0006 0.0003 0.0004 0.0005 0.0005 0.0006 0.0005 0.0002 0.0002 0.0004 0.0003 0.0005 0.0004 0.0004 0.0004 0.0006 0.0004 0.0005 0.0001 0.0004 0.0004 0.0005 0.0004 0.0004 0.0001 0.0003 0.0003 0.0002 0.0003 
0.0001 0.0003 0.0001 0.0004 0.0002 0.0002 0.0001 0.0003 0.0002 0.0001 0.0004 0.0002 0.0002 0.0003 0.0001 0.0004 0.0002 0.0001 0.0002 0.0002 0.0002 0.0003 0.0003 0.0003 0.0004 0.0002 0.0005 0.0004 0.0002 0.0003 0.0002 0.0003 0.0002 0.0001 0.0003 0.0007 0.0003 0.0003 0.0002 0.0003 0.0003 0.0007 0.0004 0.0004 0.0002 0.0005 0.0004 0.0004 0.0003 0.0001 0.0004 0.0003 0.0002 0.0003 0.0004 0.0002 0.0005 0.0005 0.0002 0.0004 0.0003 0.0005 0.0002 0.0005 
0.0001 0.0002 0.0002 0.0002 0.0002 0.0002 0.0003 0.0001 0.0003 0.0002 0.0004 0.0001 0.0005 0.0003 0.0004 0.0003 0.0002 0.0002 0.0001 0.0001 0.0003 0.0002 0.0003 0.0002 0.0002 0.0002 0.0002 0.0004 0.0003 0.0003 0.0002 0.0002 0.0003 0.0006 0.0003 0.0004 0.0003 0.0004 0.0003 0.0004 0.0003 0.0005 0.0005 0.0001 0.0005 0.0004 0.0007 0.0002 0.0002 0.0002 0.0003 0.0007 0.0002 0.0005 0.0002 0.0006 0.0004 0.0003 0.0004 0.0004 0.0005 0.0004 0.0003 0.0005 
0.0001 0.0004 0.0002 0.0001 0.0002 0.0002 0.0003 0.0001 0.0003 0.0001 0.0002 0.0002 0.0002 0.0002 0.0005 0.0002 0.0003 0.0001 0.0003 0.0003 0.0006 0.0004 0.0004 0.0004 0.0003 0.0003 0.0003 0.0005 0.0004 0.0001 0.0003 0.0004 0.0004 0.0004 0.0003 0.0004 0.0003 0.0002 0.0003 0.0003 0.0008 0.0002 0.0003 0.0006 0.0004 0.0007 0.0005 0.0003 0.0003 0.0006 0.0003 0.0005 0.0004 0.0002 0.0004 0.0003 0.0003 0.0003 0.0002 0.0004 0.0003 0.0005 0.0005 0.0003 
0.0009 0.0008 0.0008 0.0009 0.0011 0.0007 0.0006 0.0008 0.0010 0.0011 0.0011 0.0011 0.0013 0.0013 0.0020 0.0040 0.0024 0.0018 0.0028 0.0008 0.0008 0.0016 0.0074 0.0038 0.0031 0.0061 0.0129 0.0166 0.0170 0.0094 0.0054 0.0027 0.0011 0.0026 0.0016 0.0024 0.0023 0.0027 0.0016 0.0010 0.0004 0.0007 0.0007 0.0016 0.0010 0.0009 0.0009 0.0012 0.0009 0.0004 0.0005 0.0007 0.0006 0.0008 0.0008 0.0007 0.0005 0.0004 0.0007 0.0005 0.0007 0.0006 0.0004 0.0008 
0.0026 0.0026 0.0027 0.0027 0.0027 0.0026 0.0028 0.0030 0.0028 0.0032 0.0032 0.0037 0.0038 0.0045 0.0060 0.0080 0.0155 0.0060 0.0081 0.0065 0.0118 0.0198 0.0338 0.0092 0.0069 0.0157 0.0191 0.0509 0.0599 0.0400 0.0315 0.0144 0.0092 0.0087 0.0074 0.0079 0.0094 0.0043 0.0037 0.0045 0.0037 0.0050 0.0095 0.0033 0.0060 0.0077 0.0034 0.0145 0.0092 0.0033 0.0063 0.0036 0.0022 0.0024 0.0055 0.0038 0.0046 0.0021 0.0024 0.0017 0.0019 0.0018 0.0016 0.0018 
0.0068 0.0071 0.0068 0.0068 0.0069 0.0070 0.0072 0.0073 0.0074 0.0078 0.0081 0.0084 0.0083 0.0087 0.0139 0.0264 0.0150 0.0133 0.0229 0.0156 0.0126 0.0188 0.0773 0.0192 0.0153 0.0573 0.0631 0.2067 0.0853 0.0922 0.0283 0.0372 0.0455 0.0188 0.0338 0.0630 0.0440 0.0339 0.0168 0.0124 0.0164 0.0106 0.0084 0.0157 0.0180 0.0209 0.0235 0.0273 0.0110 0.0153 0.0293 0.0024 0.0018 0.0026 0.0119 0.0126 0.0080 0.0047 0.0018 0.0012 0.0020 0.0016 0.0015 0.0019 
0.0017 0.0017 0.0019 0.0018 0.0018 0.0017 0.0017 0.0020 0.0026 0.0024 0.0031 0.0025 0.0029 0.0050 0.0140 0.0184 0.0448 0.0226 0.0855 0.0242 0.0425 0.0608 0.0700 0.0249 0.0357 0.0969 0.0959 0.3527 0.1921 0.1296 0.0813 0.1040 0.0163 0.0173 0.0350 0.0803 0.1135 0.0787 0.0515 0.0448 0.0516 0.0601 0.0526 0.0430 0.0529 0.0286 0.0471 0.0456 0.0281 0.0452 0.0238 0.0112 0.0076 0.0102 0.0099 0.0312 0.0204 0.0057 0.0082 0.0070 0.0077 0.0069 0.0071 0.0071 
0.0023 0.0023 0.0024 0.0023 0.0032 0.0032 0.0038 0.0036 0.0035 0.0064 0.0061 0.0037 0.0078 0.0097 0.0558 0.0467 0.0680 0.0795 0.1678 0.0882 0.0859 0.0600 0.1467 0.0183 0.1201 0.0564 0.1925 0.2428 0.5810 0.2376 0.1188 0.1112 0.1010 0.0438 0.0489 0.1197 0.0985 0.0471 0.0988 0.0889 0.0261 0.1191 0.1403 0.1152 0.0510 0.0674 0.1186 0.0535 0.0629 0.0659 0.0713 0.0022 0.0064 0.0270 0.0138 0.0174 0.0131 0.0201 0.0134 0.0084 0.0070 0.0065 0.0070 0.0068 
0.0148 0.0149 0.0148 0.0151 0.0160 0.0150 0.0158 0.0152 0.0188 0.0199 0.0118 0.0179 0.0200 0.0223 0.0267 0.0803 0.1296 0.0962 0.1426 0.1473 0.1296 0.0984 0.1293 0.0622 0.2095 0.0872 0.2511 0.4778 0.1826 0.4073 0.2589 0.0942 0.1024 0.0456 0.0558 0.1296 0.1175 0.0390 0.0679 0.0813 0.0517 0.0603 0.1847 0.0986 0.0951 0.1018 0.0473 0.1304 0.0876 0.0873 0.1396 0.0274 0.0318 0.0236 0.0675 0.0323 0.0278 0.0194 0.0029 0.0068 0.0030 0.0031 0.0028 0.0024 
0.0140 0.0140 0.0142 0.0151 0.0147 0.0129 0.0150 0.0169 0.0146 0.0175 0.0240 0.0284 0.0293 0.0469 0.0787 0.1071 0.1539 0.0846 0.1201 0.1202 0.1328 0.0827 0.1403 0.0854 0.1993 0.1169 0.1752 0.1869 0.2343 0.2696 0.2601 0.0742 0.0434 0.1099 0.0371 0.2251 0.1187 0.0560 0.0912 0.0709 0.0650 0.1342 0.1176 0.1345 0.1280 0.3102 0.1502 0.2527 0.1395 0.1512 0.0610 0.0111 0.0314 0.0706 0.0557 0.0323 0.0259 0.0211 0.0158 0.0108 0.0043 0.0072 0.0048 0.0056 
0.0124 0.0123 0.0117 0.0122 0.0153 0.0091 0.0125 0.0125 0.0097 0.0131 0.0173 0.0166 0.0163 0.0187 0.0473 0.0922 0.1928 0.1177 0.1805 0.0234 0.2096 0.0715 0.2141 0.0576 0.1979 0.1000 0.1686 0.3553 0.1891 0.2041 0.2024 0.1614 0.0808 0.1054 0.0921 0.1326 0.1865 0.0598 0.1276 0.1020 0.0660 0.1965 0.1597 0.1131 0.2854 0.1529 0.1267 0.1793 0.1718 0.0950 0.1137 0.0646 0.0498 0.0459 0.1136 0.0604 0.0544 0.0566 0.0277 0.0180 0.0140 0.0110 0.0121 0.0113 
0.0147 0.0139 0.0174 0.0145 0.0165 0.0153 0.0150 0.0149 0.0188 0.0145 0.0224 0.0245 0.0270 0.0367 0.0454 0.1129 0.0679 0.0524 0.0859 0.0482 0.1973 0.0607 0.2009 0.0438 0.0246 0.0560 0.0592 0.4741 0.2780 0.1561 0.1315 0.1852 0.0773 0.1155 0.0479 0.1924 0.1207 0.0782 0.1216 0.0606 0.1184 0.1471 0.0931 0.1213 0.2920 0.2420 0.1187 0.1530 0.1203 0.1355 0.1748 0.0342 0.0140 0.0518 0.1191 0.0518 0.0129 0.0127 0.0098 0.0079 0.0055 0.0075 0.0071 0.0069 
0.0108 0.0434 0.0311 0.0391 0.0350 0.0278 0.0127 0.0153 0.0070 0.0089 0.0119 0.0146 0.0105 0.0218 0.0391 0.0787 0.1066 0.0924 0.0472 0.0395 0.0511 0.1415 0.1614 0.0130 0.0488 0.0302 0.0407 0.1502 0.0920 0.0608 0.1003 0.0767 0.0412 0.0455 0.0533 0.1529 0.0360 0.0328 0.0252 0.0493 0.0322 0.0697 0.0516 0.0333 0.0469 0.0470 0.0210 0.0443 0.0384 0.0341 0.0192 0.0215 0.0176 0.0239 0.0300 0.0154 0.0091 0.0115 0.0066 0.0098 0.0092 0.0084 0.0089 0.0090 
0.0082 0.0579 0.1291 0.2032 0.2473 0.0797 0.0189 0.0311 0.0350 0.0624 0.0471 0.0761 0.0724 0.1158 0.3795 0.6796 0.7333 0.2842 0.1540 0.1236 0.1480 0.1054 0.4084 0.1375 0.3878 0.3195 0.4285 0.8000 0.8936 0.7236 0.3791 0.1959 0.1043 0.0607 0.0695 0.0754 0.0385 0.0316 0.0092 0.0082 0.0221 0.0154 0.0100 0.0104 0.0278 0.0217 0.0244 0.0103 0.0163 0.0249 0.0155 0.0115 0.0110 0.0105 0.0070 0.0124 0.0091 0.0064 0.0075 0.0079 0.0080 0.0077 0.0071 0.0077 
0.0184 0.0700 0.0912 0.1592 0.5534 0.1076 0.0647 0.0692 0.0879 0.0586 0.0921 0.0442 0.0855 0.1148 0.4344 0.9038 0.6172 0.4733 0.3120 0.1744 0.1899 0.1322 0.3292 0.1300 0.3003 0.2468 0.3231 0.4833 0.6208 0.5004 0.3653 0.0883 0.0433 0.0274 0.0199 0.0225 0.0221 0.0130 0.0166 0.0129 0.0143 0.0173 0.0043 0.0100 0.0148 0.0196 0.0130 0.0098 0.0150 0.0114 0.0108 0.0061 0.0066 0.0111 0.0051 0.0086 0.0087 0.0075 0.0070 0.0083 0.0074 0.0073 0.0074 0.0080 
0.0165 0.0688 0.0954 0.1313 0.4812 0.1611 0.0513 0.0470 0.0657 0.0687 0.0769 0.0435 0.0652 0.1794 0.5335 0.8166 0.5084 0.3736 0.3675 0.1481 0.1595 0.1425 0.2120 0.1619 0.1145 0.2306 0.2029 0.4047 0.3077 0.5822 0.2537 0.1553 0.0212 0.0397 0.0178 0.0203 0.0233 0.0101 0.0104 0.0104 0.0148 0.0096 0.0110 0.0088 0.0119 0.0119 0.0107 0.0073 0.0131 0.0079 0.0124 0.0105 0.0123 0.0068 0.0103 0.0082 0.0082 0.0081 0.0082 0.0081 0.0075 0.0080 0.0077 0.0076 
0.0300 0.0149 0.1142 0.1426 0.2690 0.1649 0.0904 0.0588 0.1019 0.0947 0.0542 0.0828 0.1615 0.1292 0.5029 0.4951 0.4175 0.2057 0.2166 0.1701 0.1128 0.1107 0.1283 0.0806 0.1696 0.1270 0.1730 0.2062 0.4247 0.1773 0.2515 0.1308 0.0399 0.0389 0.0256 0.0164 0.0209 0.0178 0.0179 0.0163 0.0178 0.0140 0.0136 0.0117 0.0185 0.0102 0.0084 0.0051 0.0125 0.0183 0.0128 0.0111 0.0109 0.0106 0.0099 0.0099 0.0094 0.0092 0.0089 0.0092 0.0086 0.0087 0.0086 0.0087 
0.0284 0.0757 0.0565 0.1010 0.2420 0.1553 0.0648 0.0810 0.0750 0.0562 0.1178 0.1018 0.1417 0.2439 0.4473 0.5156 0.3268 0.2282 0.2576 0.0851 0.1095 0.1037 0.1590 0.1137 0.1024 0.1222 0.1430 0.2070 0.2689 0.2067 0.3059 0.0893 0.0469 0.0399 0.0414 0.0277 0.0148 0.0140 0.0226 0.0177 0.0162 0.0121 0.0132 0.0129 0.0096 0.0112 0.0086 0.0133 0.0092 0.0122 0.0132 0.0089 0.0088 0.0081 0.0085 0.0082 0.0078 0.0077 0.0073 0.0072 0.0071 0.0070 0.0071 0.0071 
0.0224 0.0611 0.0507 0.0930 0.1525 0.2545 0.0240 0.0519 0.0337 0.0369 0.0479 0.0453 0.0700 0.0941 0.1581 0.3597 0.1252 0.0666 0.0736 0.0610 0.0169 0.0642 0.1564 0.0144 0.0501 0.0409 0.0381 0.0834 0.1065 0.1861 0.1842 0.0866 0.0584 0.0367 0.0244 0.0537 0.0188 0.0172 0.0143 0.0096 0.0121 0.0100 0.0078 0.0077 0.0075 0.0125 0.0061 0.0108 0.0078 0.0122 0.0179 0.0096 0.0078 0.0070 0.0071 0.0071 0.0067 0.0068 0.0063 0.0063 0.0065 0.0065 0.0064 0.0066 
0.0071 0.0706 0.0480 0.0350 0.1757 0.1304 0.0267 0.0142 0.0148 0.0111 0.0345 0.0255 0.0320 0.0795 0.0871 0.0607 0.0348 0.0414 0.0681 0.0266 0.0386 0.0634 0.0532 0.0190 0.0311 0.0187 0.0261 0.0330 0.0281 0.0222 0.0698 0.0343 0.0136 0.0091 0.0056 0.0108 0.0163 0.0062 0.0039 0.0071 0.0119 0.0158 0.0091 0.0046 0.0063 0.0108 0.0068 0.0056 0.0070 0.0023 0.0048 0.0015 0.0049 0.0028 0.0036 0.0039 0.0015 0.0008 0.0018 0.0014 0.0007 0.0005 0.0003 0.0004 
0.0043 0.0687 0.0411 0.0224 0.1308 0.0431 0.0155 0.0113 0.0111 0.0108 0.0192 0.0080 0.0214 0.0206 0.0783 0.0481 0.0273 0.0541 0.0445 0.0182 0.0263 0.0587 0.0535 0.0313 0.0251 0.0333 0.0122 0.0288 0.0326 0.0457 0.0424 0.0433 0.0171 0.0183 0.0152 0.0405 0.0544 0.0268 0.0268 0.0551 0.0496 0.0473 0.0311 0.0644 0.0295 0.1804 0.1075 0.2053 0.1250 0.0550 0.0568 0.0412 0.0095 0.0305 0.0296 0.0245 0.0152 0.0057 0.0078 0.0047 0.0009 0.0020 0.0021 0.0019 
0.0223 0.0227 0.0436 0.0321 0.1324 0.0330 0.0109 0.0055 0.0077 0.0122 0.0119 0.0242 0.0154 0.0339 0.0454 0.0464 0.0166 0.0329 0.0255 0.0164 0.0139 0.0385 0.0709 0.0100 0.0394 0.0451 0.0278 0.0545 0.0298 0.0380 0.0289 0.0234 0.0153 0.0175 0.0211 0.0647 0.0747 0.0354 0.0345 0.0343 0.0677 0.0382 0.1213 0.1012 0.0830 0.1168 0.1581 0.2588 0.0379 0.1110 0.0972 0.0473 0.0243 0.0515 0.0692 0.0487 0.0204 0.0382 0.0128 0.0096 0.0035 0.0013 0.0017 0.0010 
0.0093 0.0271 0.0198 0.0303 0.0518 0.0435 0.0147 0.0055 0.0106 0.0069 0.0079 0.0133 0.0125 0.0200 0.0409 0.0387 0.0232 0.0261 0.0147 0.0106 0.0137 0.0261 0.0451 0.0135 0.0138 0.0301 0.0197 0.0551 0.0263 0.0354 0.0341 0.0379 0.0196 0.0176 0.0161 0.0683 0.0608 0.0656 0.0669 0.0941 0.1320 0.0986 0.1216 0.0872 0.0920 0.2519 0.1944 0.2287 0.3095 0.0913 0.0751 0.0636 0.0470 0.0900 0.0605 0.0294 0.0288 0.0168 0.0085 0.0075 0.0061 0.0062 0.0045 0.0039 
0.0015 0.0144 0.0224 0.0167 0.0265 0.0228 0.0061 0.0053 0.0056 0.0021 0.0145 0.0095 0.0141 0.0122 0.0433 0.0245 0.0163 0.0183 0.0150 0.0085 0.0112 0.0229 0.0269 0.0088 0.0057 0.0128 0.0356 0.0333 0.0163 0.0243 0.0362 0.0291 0.0288 0.0117 0.0287 0.0683 0.0557 0.0346 0.0434 0.0539 0.0581 0.1054 0.0451 0.1374 0.0576 0.1591 0.2001 0.7832 0.2732 0.0813 0.1138 0.0552 0.0415 0.0531 0.0304 0.0326 0.0429 0.0258 0.0161 0.0129 0.0057 0.0021 0.0015 0.0012 
0.0052 0.0180 0.0135 0.0110 0.0149 0.0128 0.0009 0.0047 0.0101 0.0028 0.0132 0.0074 0.0124 0.0112 0.0247 0.0164 0.0127 0.0102 0.0087 0.0044 0.0046 0.0082 0.0154 0.0097 0.0093 0.0072 0.0258 0.0119 0.0245 0.0062 0.0183 0.0158 0.0125 0.0116 0.0191 0.0798 0.0980 0.0241 0.0250 0.0401 0.0401 0.0485 0.0709 0.1097 0.1636 0.3758 0.3527 0.4622 0.1370 0.0977 0.0524 0.0756 0.0563 0.0515 0.0541 0.0554 0.0330 0.0207 0.0228 0.0200 0.0153 0.0178 0.0167 0.0161 
0.0008 0.0155 0.0152 0.0052 0.0212 0.0229 0.0092 0.0053 0.0100 0.0047 0.0033 0.0054 0.0066 0.0065 0.0161 0.0190 0.0194 0.0117 0.0153 0.0094 0.0108 0.0088 0.0104 0.0137 0.0201 0.0285 0.0064 0.0091 0.0137 0.0083 0.0199 0.0265 0.0153 0.0190 0.0335 0.0443 0.0455 0.0184 0.0317 0.0496 0.0457 0.0268 0.0294 0.0386 0.1024 0.2932 0.6633 0.2280 0.2107 0.1128 0.0760 0.0264 0.0508 0.0629 0.0325 0.0394 0.0259 0.0232 0.0194 0.0165 0.0131 0.0129 0.0118 0.0112 
0.0132 0.0224 0.0097 0.0073 0.0196 0.0137 0.0116 0.0093 0.0117 0.0110 0.0097 0.0098 0.0111 0.0164 0.0203 0.0173 0.0129 0.0126 0.0193 0.0151 0.0145 0.0166 0.0171 0.0122 0.0220 0.0185 0.0441 0.0333 0.0349 0.0244 0.0176 0.0222 0.0292 0.0313 0.0294 0.0498 0.0367 0.0200 0.0396 0.0471 0.0519 0.0457 0.0777 0.0561 0.0693 0.2210 0.1398 0.2542 0.1944 0.2029 0.1379 0.0783 0.0604 0.0403 0.0412 0.0406 0.0309 0.0170 0.0254 0.0223 0.0092 0.0066 0.0048 0.0037 
0.0128 0.0142 0.0144 0.0121 0.0098 0.0059 0.0028 0.0064 0.0075 0.0057 0.0071 0.0064 0.0065 0.0070 0.0117 0.0196 0.0069 0.0114 0.0101 0.0122 0.0081 0.0060 0.0183 0.0042 0.0081 0.0102 0.0124 0.0168 0.0145 0.0118 0.0149 0.0165 0.0200 0.0131 0.0146 0.0198 0.0209 0.0289 0.0246 0.0241 0.0279 0.0306 0.0218 0.0378 0.0385 0.0340 0.1224 0.1218 0.1816 0.3746 0.2804 0.1236 0.0147 0.0498 0.0306 0.0143 0.0331 0.0229 0.0222 0.0218 0.0128 0.0083 0.0080 0.0083 
0.0045 0.0121 0.0034 0.0025 0.0109 0.0027 0.0021 0.0025 0.0029 0.0018 0.0033 0.0016 0.0009 0.0024 0.0032 0.0046 0.0042 0.0028 0.0034 0.0046 0.0024 0.0034 0.0046 0.0023 0.0023 0.0027 0.0068 0.0035 0.0049 0.0038 0.0040 0.0056 0.0016 0.0030 0.0027 0.0051 0.0094 0.0047 0.0024 0.0043 0.0180 0.0068 0.0137 0.0232 0.0190 0.0186 0.0414 0.0478 0.0478 0.0703 0.0529 0.0211 0.0194 0.0144 0.0088 0.0135 0.0074 0.0086 0.0042 0.0022 0.0035 0.0039 0.0031 0.0031 
0.0014 0.0105 0.0013 0.0014 0.0033 0.0053 0.0015 0.0010 0.0005 0.0007 0.0012 0.0006 0.0014 0.0015 0.0039 0.0037 0.0030 0.0020 0.0017 0.0011 0.0017 0.0014 0.0015 0.0011 0.0020 0.0010 0.0003 0.0009 0.0012 0.0019 0.0017 0.0009 0.0021 0.0016 0.0017 0.0038 0.0012 0.0033 0.0024 0.0017 0.0058 0.0061 0.0043 0.0180 0.0080 0.0246 0.0435 0.0087 0.0207 0.0580 0.0291 0.0089 0.0101 0.0113 0.0035 0.0049 0.0056 0.0049 0.0050 0.0033 0.0035 0.0034 0.0034 0.0032 
0.0035 0.0073 0.0021 0.0023 0.0040 0.0052 0.0015 0.0006 0.0007 0.0009 0.0003 0.0003 0.0012 0.0013 0.0020 0.0015 0.0025 0.0015 0.0016 0.0013 0.0009 0.0013 0.0014 0.0005 0.0012 0.0012 0.0010 0.0012 0.0017 0.0012 0.0011 0.0010 0.0011 0.0017 0.0016 0.0040 0.0020 0.0024 0.0024 0.0022 0.0045 0.0033 0.0060 0.0069 0.0100 0.0136 0.0275 0.0175 0.0222 0.0268 0.0148 0.0099 0.0084 0.0046 0.0052 0.0032 0.0024 0.0034 0.0028 0.0023 0.0024 0.0017 0.0022 0.0021 
0.0011 0.0045 0.0012 0.0012 0.0057 0.0057 0.0009 0.0012 0.0010 0.0003 0.0006 0.0004 0.0007 0.0010 0.0005 0.0014 0.0028 0.0024 0.0018 0.0012 0.0010 0.0012 0.0005 0.0005 0.0007 0.0008 0.0013 0.0010 0.0010 0.0008 0.0009 0.0009 0.0010 0.0010 0.0008 0.0016 0.0010 0.0011 0.0014 0.0022 0.0025 0.0021 0.0021 0.0029 0.0044 0.0121 0.0155 0.0082 0.0075 0.0382 0.0160 0.0037 0.0024 0.0021 0.0015 0.0012 0.0007 0.0016 0.0015 0.0010 0.0012 0.0009 0.0006 0.0005 
0.0005 0.0027 0.0023 0.0015 0.0043 0.0039 0.0005 0.0005 0.0003 0.0005 0.0003 0.0003 0.0008 0.0008 0.0007 0.0008 0.0009 0.0009 0.0002 0.0002 0.0003 0.0005 0.0006 0.0002 0.0002 0.0003 0.0002 0.0002 0.0007 0.0001 0.0005 0.0005 0.0003 0.0003 0.0005 0.0008 0.0006 0.0006 0.0006 0.0009 0.0017 0.0010 0.0008 0.0028 0.0021 0.0065 0.0045 0.0068 0.0072 0.0137 0.0118 0.0020 0.0014 0.0013 0.0010 0.0009 0.0007 0.0005 0.0007 0.0006 0.0007 0.0007 0.0005 0.0008 
0.0002 0.0010 0.0009 0.0004 0.0060 0.0030 0.0006 0.0003 0.0004 0.0003 0.0000 0.0001 0.0006 0.0006 0.0004 0.0005 0.0008 0.0005 0.0004 0.0004 0.0002 0.0007 0.0002 0.0002 0.0003 0.0002 0.0002 0.0003 0.0002 0.0005 0.0004 0.0005 0.0006 0.0005 0.0003 0.0004 0.0004 0.0003 0.0008 0.0005 0.0010 0.0006 0.0006 0.0011 0.0005 0.0013 0.0056 0.0077 0.0029 0.0147 0.0085 0.0030 0.0025 0.0011 0.0011 0.0005 0.0006 0.0006 0.0007 0.0007 0.0005 0.0003 0.0002 0.0003 
0.0001 0.0008 0.0009 0.0009 0.0009 0.0021 0.0006 0.0004 0.0004 0.0003 0.0003 0.0003 0.0004 0.0003 0.0004 0.0014 0.0007 0.0005 0.0003 0.0002 0.0002 0.0005 0.0002 0.0003 0.0004 0.0002 0.0003 0.0005 0.0002 0.0003 0.0003 0.0003 0.0005 0.0006 0.0002 0.0003 0.0001 0.0004 0.0008 0.0006 0.0004 0.0003 0.0008 0.0010 0.0013 0.0047 0.0022 0.0042 0.0052 0.0093 0.0102 0.0008 0.0007 0.0007 0.0006 0.0004 0.0008 0.0004 0.0005 0.0007 0.0004 0.0004 0.0005 0.0001 
0.0003 0.0012 0.0008 0.0006 0.0018 0.0011 0.0003 0.0001 0.0002 0.0004 0.0003 0.0002 0.0005 0.0002 0.0013 0.0030 0.0010 0.0007 0.0002 0.0001 0.0003 0.0006 0.0005 0.0005 0.0002 0.0004 0.0002 0.0006 0.0003 0.0003 0.0002 0.0003 0.0003 0.0004 0.0003 0.0003 0.0003 0.0004 0.0004 0.0004 0.0005 0.0003 0.0005 0.0003 0.0006 0.0023 0.0024 0.0016 0.0075 0.0073 0.0065 0.0012 0.0013 0.0005 0.0009 0.0005 0.0003 0.0007 0.0002 0.0003 0.0004 0.0005 0.0004 0.0003 
0.0001 0.0013 0.0004 0.0004 0.0005 0.0007 0.0002 0.0001 0.0003 0.0002 0.0003 0.0006 0.0004 0.0002 0.0008 0.0008 0.0005 0.0006 0.0002 0.0004 0.0004 0.0007 0.0004 0.0003 0.0003 0.0003 0.0004 0.0005 0.0002 0.0003 0.0003 0.0003 0.0002 0.0002 0.0004 0.0003 0.0004 0.0003 0.0004 0.0007 0.0005 0.0006 0.0006 0.0002 0.0006 0.0017 0.0023 0.0010 0.0055 0.0040 0.0038 0.0008 0.0006 0.0004 0.0007 0.0006 0.0007 0.0010 0.0004 0.0003 0.0003 0.0003 0.0003 0.0005 
0.0002 0.0013 0.0002 0.0006 0.0020 0.0008 0.0003 0.0002 0.0001 0.0001 0.0002 0.0003 0.0003 0.0001 0.0001 0.0005 0.0005 0.0004 0.0002 0.0003 0.0001 0.0003 0.0003 0.0002 0.0002 0.0002 0.0001 0.0004 0.0001 0.0003 0.0003 0.0003 0.0003 0.0002 0.0004 0.0002 0.0003 0.0007 0.0003 0.0002 0.0001 0.0002 0.0004 0.0004 0.0005 0.0005 0.0015 0.0006 0.0008 0.0024 0.0017 0.0004 0.0003 0.0006 0.0006 0.0005 0.0004 0.0004 0.0004 0.0002 0.0004 0.0003 0.0003 0.0003 
0.0003 0.0015 0.0004 0.0002 0.0015 0.0004 0.0002 0.0001 0.0001 0.0001 0.0002 0.0003 0.0001 0.0001 0.0002 0.0007 0.0004 0.0006 0.0004 0.0003 0.0002 0.0007 0.0003 0.0002 0.0001 0.0003 0.0002 0.0002 0.0001 0.0002 0.0002 0.0002 0.0003 0.0003 0.0002 0.0003 0.0003 0.0004 0.0004 0.0003 0.0003 0.0003 0.0005 0.0002 0.0002 0.0005 0.0005 0.0003 0.0008 0.0015 0.0004 0.0003 0.0003 0.0003 0.0003 0.0003 0.0004 0.0006 0.0003 0.0004 0.0003 0.0003 0.0002 0.0005 
0.0005 0.0009 0.0005 0.0004 0.0011 0.0003 0.0001 0.0001 0.0002 0.0002 0.0003 0.0003 0.0003 0.0002 0.0004 0.0001 0.0003 0.0003 0.0002 0.0002 0.0002 0.0002 0.0002 0.0001 0.0003 0.0002 0.0002 0.0002 0.0003 0.0002 0.0004 0.0005 0.0007 0.0003 0.0006 0.0002 0.0003 0.0007 0.0001 0.0001 0.0003 0.0003 0.0004 0.0004 0.0003 0.0004 0.0005 0.0004 0.0005 0.0004 0.0007 0.0003 0.0003 0.0002 0.0003 0.0005 0.0002 0.0004 0.0004 0.0002 0.0002 0.0001 0.0003 0.0004 
0.0001 0.0012 0.0002 0.0001 0.0009 0.0002 0.0002 0.0003 0.0003 0.0002 0.0003 0.0001 0.0001 0.0001 0.0002 0.0005 0.0005 0.0001 0.0003 0.0004 0.0002 0.0003 0.0003 0.0003 0.0002 0.0002 0.0003 0.0002 0.0003 0.0003 0.0002 0.0003 0.0006 0.0003 0.0003 0.0003 0.0004 0.0005 0.0001 0.0003 0.0003 0.0004 0.0004 0.0002 0.0002 0.0003 0.0003 0.0003 0.0008 0.0005 0.0008 0.0005 0.0002 0.0004 0.0003 0.0004 0.0002 0.0003 0.0006 0.0005 0.0004 0.0004 0.0001 0.0004 
0.0001 0.0008 0.0003 0.0001 0.0008 0.0001 0.0003 0.0002 0.0003 0.0002 0.0002 0.0001 0.0003 0.0002 0.0002 0.0003 0.0004 0.0002 0.0001 0.0004 0.0002 0.0002 0.0003 0.0003 0.0002 0.0002 0.0004 0.0002 0.0002 0.0002 0.0002 0.0004 0.0003 0.0003 0.0002 0.0005 0.0004 0.0003 0.0002 0.0002 0.0003 0.0004 0.0004 0.0003 0.0005 0.0003 0.0004 0.0003 0.0004 0.0008 0.0005 0.0006 0.0004 0.0004 0.0004 0.0003 0.0003 0.0002 0.0002 0.0002 0.0003 0.0002 0.0004 0.0008 
0.0002 0.0004 0.0002 0.0003 0.0005 0.0001 0.0002 0.0001 0.0002 0.0001 0.0001 0.0001 0.0004 0.0002 0.0003 0.0002 0.0003 0.0004 0.0005 0.0003 0.0001 0.0005 0.0007 0.0004 0.0001 0.0002 0.0002 0.0002 0.0004 0.0003 0.0004 0.0004 0.0001 0.0002 0.0003 0.0004 0.0006 0.0006 0.0002 0.0003 0.0002 0.0002 0.0003 0.0006 0.0001 0.0003 0.0004 0.0002 0.0006 0.0005 0.0004 0.0003 0.0005 0.0005 0.0003 0.0005 0.0002 0.0003 0.0003 0.0004 0.0005 0.0005 0.0002 0.0002 
0.0001 0.0003 0.0001 0.0003 0.0002 0.0003 0.0002 0.0004 0.0002 0.0002 0.0001 0.0002 0.0002 0.0001 0.0002 0.0001 0.0001 0.0003 0.0003 0.0002 0.0002 0.0003 0.0003 0.0002 0.0002 0.0002 0.0003 0.0003 0.0005 0.0003 0.0003 0.0003 0.0003 0.0001 0.0002 0.0002 0.0002 0.0005 0.0001 0.0003 0.0002 0.0003 0.0002 0.0003 0.0003 0.0002 0.0006 0.0005 0.0003 0.0003 0.0004 0.0004 0.0004 0.0002 0.0002 0.0004 0.0004 0.0001 0.0001 0.0002 0.0003 0.0001 0.0003 0.0004 
0.0001 0.0002 0.0001 0.0001 0.0005 0.0002 0.0001 0.0003 0.0003 0.0004 0.0001 0.0002 0.0002 0.0001 0.0002 0.0002 0.0003 0.0003 0.0002 0.0002 0.0001 0.0003 0.0003 0.0002 0.0005 0.0002 0.0002 0.0002 0.0002 0.0003 0.0002 0.0003 0.0002 0.0003 0.0002 0.0002 0.0003 0.0003 0.0002 0.0003 0.0004 0.0003 0.0002 0.0003 0.0003 0.0002 0.0003 0.0001 0.0002 0.0001 0.0005 0.0003 0.0002 0.0002 0.0005 0.0003 0.0003 0.0002 0.0002 0.0006 0.0002 0.0003 0.0003 0.0001 
0.0000 0.0001 0.0001 0.0001 0.0002 0.0002 0.0001 0.0002 0.0003 0.0002 0.0003 0.0002 0.0002 0.0003 0.0002 0.0003 0.0004 0.0001 0.0002 0.0003 0.0001 0.0002 0.0004 0.0002 0.0002 0.0002 0.0002 0.0001 0.0003 0.0003 0.0005 0.0004 0.0002 0.0002 0.0004 0.0002 0.0001 0.0003 0.0002 0.0004 0.0001 0.0003 0.0002 0.0002 0.0004 0.0004 0.0005 0.0003 0.0003 0.0003 0.0004 0.0002 0.0004 0.0003 0.0003 0.0005 0.0004 0.0003 0.0004 0.0004 0.0003 0.0004 0.0003 0.0004 
0.0001 0.0001 0.0002 0.0001 0.0001 0.0003 0.0002 0.0002 0.0001 0.0003 0.0002 0.0004 0.0001 0.0001 0.0002 0.0004 0.0002 0.0001 0.0002 0.0001 0.0002 0.0005 0.0003 0.0003 0.0002 0.0004 0.0004 0.0003 0.0003 0.0003 0.0005 0.0004 0.0002 0.0002 0.0002 0.0002 0.0002 0.0002 0.0004 0.0004 0.0001 0.0004 0.0003 0.0004 0.0002 0.0003 0.0002 0.0002 0.0003 0.0002 0.0004 0.0002 0.0003 0.0003 0.0003 0.0004 0.0004 0.0001 0.0003 0.0005 0.0004 0.0002 0.0003 0.0002 
