0.0002 0.0001 0.0002 0.0002 0.0003 0.0002 0.0002 0.0000 0.0002 0.0003 0.0002 0.0001 0.0003 0.0002 0.0001 0.0003 0.0002 0.0003 0.0002 0.0002 0.0002 0.0003 0.0002 0.0002 0.0007 0.0006 0.0002 0.0001 0.0004 0.0007 0.0005 0.0003 0.0003 0.0005 0.0005 0.0005 0.0004 0.0005 0.0004 0.0004 0.0001 0.0002 0.0006 0.0003 0.0006 0.0004 0.0004 0.0004 0.0002 0.0002 0.0003 0.0005 0.0005 0.0003 0.0002 0.0003 0.0003 0.0002 0.0003 0.0002 0.0002 0.0002 0.0003 0.0003 
0.0003 0.0003 0.0001 0.0002 0.0001 0.0001 0.0001 0.0001 0.0001 0.0003 0.0005 0.0002 0.0004 0.0003 0.0001 0.0005 0.0002 0.0001 0.0003 0.0005 0.0002 0.0002 0.0002 0.0003 0.0002 0.0002 0.0002 0.0002 0.0004 0.0003 0.0003 0.0002 0.0003 0.0005 0.0004 0.0008 0.0003 0.0003 0.0002 0.0003 0.0004 0.0004 0.0004 0.0005 0.0003 0.0002 0.0004 0.0001 0.0004 0.0003 0.0005 0.0003 0.0003 0.0004 0.0005 0.0004 0.0002 0.0005 0.0003 0.0001 0.0005 0.0002 0.0003 0.0002 
0.0003 0.0002 0.0001 0.0001 0.0001 0.0001 0.0001 0.0001 0.0002 0.0002 0.0001 0.0001 0.0002 0.0001 0.0001 0.0002 0.0003 0.0004 0.0004 0.0003 0.0005 0.0003 0.0004 0.0002 0.0003 0.0003 0.0003 0.0000 0.0003 0.0007 0.0003 0.0001 0.0002 0.0005 0.0005 0.0002 0.0002 0.0003 0.0003 0.0004 0.0003 0.0005 0.0004 0.0007 0.0003 0.0007 0.0002 0.0003 0.0004 0.0001 0.0003 0.0001 0.0001 0.0003 0.0003 0.0002 0.0005 0.0002 0.0004 0.0005 0.0003 0.0002 0.0002 0.0002 
0.0003 0.0002 0.0001 0.0001 0.0002 0.0001 0.0000 0.0001 0.0002 0.0001 0.0002 0.0001 0.0002 0.0003 0.0004 0.0004 0.0002 0.0001 0.0003 0.0002 0.0005 0.0002 0.0003 0.0001 0.0002 0.0003 0.0004 0.0003 0.0005 0.0007 0.0002 0.0002 0.0001 0.0003 0.0005 0.0002 0.0003 0.0009 0.0005 0.0002 0.0003 0.0004 0.0002 0.0002 0.0003 0.0005 0.0003 0.0008 0.0005 0.0005 0.0005 0.0004 0.0002 0.0002 0.0002 0.0003 0.0003 0.0002 0.0004 0.0004 0.0002 0.0004 0.0002 0.0002 
0.0002 0.0002 0.0001 0.0002 0.0001 0.0001 0.0002 0.0001 0.0002 0.0002 0.0001 0.0002 0.0002 0.0004 0.0001 0.0004 0.0003 0.0003 0.0001 0.0004 0.0002 0.0002 0.0002 0.0004 0.0002 0.0001 0.0002 0.0003 0.0005 0.0005 0.0003 0.0002 0.0003 0.0004 0.0002 0.0003 0.0005 0.0006 0.0003 0.0001 0.0003 0.0003 0.0003 0.0003 0.0004 0.0002 0.0003 0.0002 0.0003 0.0003 0.0001 0.0003 0.0004 0.0003 0.0005 0.0004 0.0004 0.0003 0.0005 0.0001 0.0003 0.0003 0.0003 0.0002 
0.0002 0.0002 0.0001 0.0002 0.0001 0.0001 0.0002 0.0002 0.0003 0.0003 0.0002 0.0001 0.0001 0.0001 0.0001 0.0002 0.0002 0.0002 0.0001 0.0002 0.0002 0.0001 0.0002 0.0001 0.0004 0.0001 0.0003 0.0003 0.0004 0.0001 0.0002 0.0002 0.0003 0.0002 0.0002 0.0003 0.0005 0.0003 0.0004 0.0002 0.0002 0.0004 0.0003 0.0004 0.0003 0.0002 0.0004 0.0004 0.0003 0.0007 0.0004 0.0004 0.0004 0.0005 0.0003 0.0003 0.0004 0.0002 0.0004 0.0004 0.0003 0.0003 0.0006 0.0004 
0.0001 0.0003 0.0001 0.0002 0.0001 0.0001 0.0002 0.0002 0.0003 0.0002 0.0002 0.0001 0.0003 0.0004 0.0003 0.0002 0.0002 0.0003 0.0002 0.0001 0.0001 0.0003 0.0002 0.0001 0.0003 0.0005 0.0003 0.0003 0.0004 0.0003 0.0003 0.0002 0.0006 0.0002 0.0002 0.0004 0.0005 0.0005 0.0002 0.0003 0.0003 0.0002 0.0004 0.0001 0.0003 0.0005 0.0005 0.0002 0.0002 0.0004 0.0004 0.0005 0.0006 0.0004 0.0004 0.0005 0.0005 0.0002 0.0003 0.0002 0.0002 0.0001 0.0003 0.0003 
0.0001 0.0003 0.0001 0.0001 0.0001 0.0001 0.0002 0.0001 0.0003 0.0001 0.0001 0.0001 0.0001 0.0002 0.0001 0.0003 0.0003 0.0003 0.0002 0.0001 0.0002 0.0001 0.0003 0.0002 0.0002 0.0005 0.0003 0.0003 0.0002 0.0002 0.0003 0.0003 0.0002 0.0003 0.0003 0.0003 0.0004 0.0005 0.0003 0.0003 0.0004 0.0003 0.0002 0.0005 0.0003 0.0004 0.0003 0.0005 0.0001 0.0004 0.0003 0.0004 0.0003 0.0006 0.0001 0.0006 0.0005 0.0003 0.0003 0.0001 0.0002 0.0002 0.0007 0.0003 
0.0001 0.0001 0.0001 0.0000 0.0001 0.0001 0.0002 0.0004 0.0002 0.0002 0.0002 0.0002 0.0003 0.0002 0.0004 0.0003 0.0003 0.0002 0.0002 0.0001 0.0003 0.0003 0.0003 0.0006 0.0003 0.0002 0.0003 0.0003 0.0004 0.0002 0.0001 0.0004 0.0002 0.0002 0.0004 0.0004 0.0003 0.0003 0.0002 0.0005 0.0002 0.0003 0.0005 0.0005 0.0003 0.0003 0.0004 0.0006 0.0005 0.0003 0.0005 0.0002 0.0004 0.0008 0.0004 0.0002 0.0004 0.0003 0.0002 0.0002 0.0003 0.0003 0.0002 0.0003 
0.0001 0.0002 0.0001 0.0001 0.0001 0.0001 0.0003 0.0001 0.0004 0.0004 0.0003 0.0003 0.0003 0.0002 0.0002 0.0001 0.0002 0.0002 0.0002 0.0002 0.0003 0.0004 0.0001 0.0002 0.0002 0.0002 0.0003 0.0001 0.0006 0.0006 0.0003 0.0003 0.0004 0.0003 0.0008 0.0003 0.0005 0.0003 0.0004 0.0003 0.0004 0.0003 0.0005 0.0005 0.0002 0.0003 0.0003 0.0002 0.0002 0.0006 0.0004 0.0004 0.0003 0.0005 0.0003 0.0003 0.0006 0.0005 0.0003 0.0004 0.0004 0.0001 0.0003 0.0002 
0.0001 0.0001 0.0002 0.0001 0.0001 0.0001 0.0002 0.0003 0.0002 0.0003 0.0002 0.0002 0.0002 0.0001 0.0002 0.0001 0.0001 0.0003 0.0002 0.0002 0.0003 0.0003 0.0002 0.0001 0.0003 0.0002 0.0002 0.0003 0.0003 0.0005 0.0003 0.0003 0.0002 0.0004 0.0003 0.0001 0.0004 0.0004 0.0005 0.0004 0.0004 0.0003 0.0003 0.0005 0.0003 0.0002 0.0001 0.0003 0.0005 0.0004 0.0004 0.0002 0.0004 0.0004 0.0006 0.0003 0.0002 0.0003 0.0004 0.0004 0.0002 0.0006 0.0004 0.0003 
0.0002 0.0004 0.0001 0.0001 0.0001 0.0003 0.0002 0.0001 0.0005 0.0002 0.0002 0.0001 0.0001 0.0002 0.0002 0.0002 0.0002 0.0003 0.0003 0.0002 0.0003 0.0002 0.0002 0.0003 0.0004 0.0003 0.0003 0.0002 0.0003 0.0004 0.0003 0.0003 0.0002 0.0004 0.0006 0.0002 0.0004 0.0001 0.0003 0.0003 0.0003 0.0004 0.0003 0.0008 0.0002 0.0004 0.0001 0.0005 0.0004 0.0003 0.0003 0.0006 0.0006 0.0001 0.0003 0.0002 0.0003 0.0003 0.0003 0.0003 0.0003 0.0005 0.0003 0.0002 
0.0001 0.0004 0.0002 0.0002 0.0001 0.0001 0.0001 0.0004 0.0002 0.0001 0.0002 0.0001 0.0003 0.0001 0.0001 0.0005 0.0003 0.0003 0.0001 0.0005 0.0004 0.0002 0.0002 0.0004 0.0005 0.0006 0.0003 0.0001 0.0002 0.0002 0.0002 0.0001 0.0002 0.0003 0.0004 0.0004 0.0001 0.0002 0.0003 0.0003 0.0005 0.0002 0.0004 0.0005 0.0007 0.0001 0.0003 0.0004 0.0003 0.0003 0.0002 0.0004 0.0003 0.0004 0.0004 0.0002 0.0004 0.0003 0.0002 0.0004 0.0004 0.0002 0.0002 0.0006 
0.0000 0.0004 0.0000 0.0002 0.0001 0.0001 0.0002 0.0003 0.0003 0.0003 0.0004 0.0001 0.0001 0.0001 0.0002 0.0002 0.0003 0.0001 0.0002 0.0004 0.0006 0.0002 0.0003 0.0004 0.0003 0.0005 0.0004 0.0001 0.0003 0.0001 0.0003 0.0003 0.0003 0.0004 0.0003 0.0006 0.0003 0.0005 0.0002 0.0003 0.0005 0.0004 0.0004 0.0005 0.0001 0.0006 0.0007 0.0004 0.0002 0.0005 0.0003 0.0004 0.0004 0.0004 0.0004 0.0003 0.0004 0.0004 0.0004 0.0005 0.0001 0.0004 0.0002 0.0004 
0.0001 0.0003 0.0001 0.0001 0.0001 0.0001 0.0001 0.0002 0.0002 0.0002 0.0002 0.0003 0.0001 0.0001 0.0002 0.0002 0.0003 0.0003 0.0002 0.0008 0.0004 0.0003 0.0003 0.0004 0.0004 0.0003 0.0005 0.0002 0.0003 0.0002 0.0003 0.0001 0.0002 0.0002 0.0003 0.0005 0.0006 0.0002 0.0002 0.0003 0.0002 0.0007 0.0006 0.0003 0.0004 0.0004 0.0003 0.0004 0.0005 0.0005 0.0004 0.0008 0.0002 0.0004 0.0003 0.0004 0.0002 0.0003 0.0003 0.0003 0.0003 0.0006 0.0004 0.0007 
0.0001 0.0003 0.0002 0.0002 0.0002 0.0001 0.0003 0.0003 0.0000 0.0002 0.0003 0.0002 0.0003 0.0002 0.0004 0.0002 0.0002 0.0002 0.0003 0.0004 0.0002 0.0002 0.0002 0.0003 0.0001 0.0001 0.0002 0.0003 0.0001 0.0001 0.0004 0.0003 0.0004 0.0003 0.0005 0.0005 0.0003 0.0004 0.0002 0.0004 0.0002 0.0003 0.0001 0.0003 0.0004 0.0004 0.0002 0.0002 0.0005 0.0007 0.0005 0.0005 0.0006 0.0006 0.0003 0.0002 0.0003 0.0005 0.0003 0.0002 0.0002 0.0004 0.0001 0.0003 
0.0000 0.0004 0.0002 0.0001 0.0001 0.0001 0.0001 0.0002 0.0001 0.0002 0.0003 0.0003 0.0004 0.0002 0.0002 0.0003 0.0002 0.0003 0.0002 0.0002 0.0002 0.0001 0.0003 0.0003 0.0001 0.0002 0.0002 0.0003 0.0005 0.0003 0.0005 0.0004 0.0001 0.0002 0.0002 0.0005 0.0005 0.0002 0.0005 0.0003 0.0001 0.0005 0.0004 0.0003 0.0003 0.0003 0.0001 0.0006 0.0003 0.0003 0.0005 0.0004 0.0005 0.0003 0.0004 0.0003 0.0003 0.0004 0.0005 0.0004 0.0002 0.0003 0.0003 0.0003 
0.0001 0.0004 0.0002 0.0000 0.0005 0.0002 0.0001 0.0003 0.0001 0.0000 0.0003 0.0003 0.0002 0.0002 0.0003 0.0005 0.0002 0.0004 0.0003 0.0001 0.0004 0.0008 0.0001 0.0002 0.0003 0.0001 0.0002 0.0007 0.0004 0.0001 0.0005 0.0006 0.0004 0.0004 0.0002 0.0003 0.0004 0.0005 0.0006 0.0004 0.0003 0.0002 0.0006 0.0004 0.0001 0.0003 0.0002 0.0009 0.0003 0.0003 0.0004 0.0002 0.0005 0.0005 0.0002 0.0003 0.0002 0.0001 0.0003 0.0004 0.0003 0.0004 0.0003 0.0003 
0.0000 0.0002 0.0002 0.0001 0.0000 0.0001 0.0001 0.0002 0.0001 0.0004 0.0003 0.0002 0.0001 0.0002 0.0001 0.0002 0.0002 0.0003 0.0002 0.0001 0.0004 0.0002 0.0003 0.0001 0.0002 0.0001 0.0002 0.0002 0.0007 0.0004 0.0004 0.0005 0.0003 0.0003 0.0003 0.0003 0.0003 0.0002 0.0002 0.0004 0.0003 0.0004 0.0003 0.0007 0.0003 0.0003 0.0010 0.0005 0.0001 0.0005 0.0004 0.0004 0.0004 0.0003 0.0002 0.0004 0.0001 0.0003 0.0003 0.0002 0.0001 0.0003 0.0004 0.0005 
0.0002 0.0002 0.0001 0.0001 0.0002 0.0003 0.0003 0.0002 0.0001 0.0001 0.0004 0.0003 0.0003 0.0001 0.0002 0.0003 0.0002 0.0002 0.0002 0.0003 0.0005 0.0003 0.0004 0.0003 0.0005 0.0002 0.0002 0.0003 0.0009 0.0003 0.0004 0.0003 0.0003 0.0004 0.0005 0.0002 0.0003 0.0002 0.0005 0.0004 0.0004 0.0003 0.0005 0.0006 0.0002 0.0005 0.0008 0.0004 0.0004 0.0002 0.0006 0.0002 0.0004 0.0006 0.0002 0.0002 0.0003 0.0003 0.0005 0.0001 0.0003 0.0004 0.0006 0.0004 
0.0002 0.0003 0.0001 0.0001 0.0002 0.0002 0.0002 0.0002 0.0002 0.0003 0.0002 0.0002 0.0002 0.0002 0.0002 0.0003 0.0001 0.0003 0.0004 0.0003 0.0003 0.0002 0.0004 0.0001 0.0002 0.0004 0.0006 0.0002 0.0004 0.0003 0.0002 0.0005 0.0003 0.0001 0.0002 0.0001 0.0003 0.0002 0.0003 0.0003 0.0003 0.0003 0.0007 0.0005 0.0006 0.0003 0.0001 0.0002 0.0002 0.0004 0.0004 0.0005 0.0003 0.0007 0.0002 0.0002 0.0003 0.0001 0.0003 0.0002 0.0003 0.0004 0.0003 0.0004 
0.0003 0.0002 0.0002 0.0002 0.0001 0.0001 0.0002 0.0002 0.0003 0.0002 0.0006 0.0001 0.0002 0.0003 0.0002 0.0004 0.0002 0.0002 0.0006 0.0002 0.0002 0.0002 0.0004 0.0002 0.0001 0.0002 0.0005 0.0002 0.0006 0.0001 0.0004 0.0004 0.0004 0.0002 0.0003 0.0001 0.0004 0.0003 0.0003 0.0004 0.0003 0.0003 0.0007 0.0002 0.0003 0.0003 0.0005 0.0003 0.0002 0.0006 0.0005 0.0003 0.0003 0.0007 0.0004 0.0002 0.0001 0.0001 0.0005 0.0004 0.0002 0.0002 0.0005 0.0004 
0.0002 0.0002 0.0002 0.0002 0.0001 0.0003 0.0003 0.0002 0.0004 0.0002 0.0005 0.0003 0.0002 0.0002 0.0006 0.0002 0.0004 0.0002 0.0003 0.0006 0.0002 0.0003 0.0002 0.0004 0.0004 0.0003 0.0004 0.0002 0.0003 0.0002 0.0004 0.0005 0.0004 0.0002 0.0004 0.0004 0.0001 0.0003 0.0003 0.0004 0.0003 0.0002 0.0008 0.0008 0.0006 0.0006 0.0007 0.0004 0.0005 0.0004 0.0006 0.0008 0.0003 0.0003 0.0001 0.0004 0.0005 0.0003 0.0003 0.0005 0.0003 0.0004 0.0003 0.0002 
0.0001 0.0002 0.0002 0.0001 0.0002 0.0002 0.0002 0.0001 0.0001 0.0003 0.0006 0.0004 0.0002 0.0001 0.0003 0.0002 0.0003 0.0002 0.0002 0.0002 0.0002 0.0001 0.0003 0.0005 0.0003 0.0004 0.0002 0.0002 0.0007 0.0003 0.0003 0.0006 0.0004 0.0002 0.0002 0.0003 0.0003 0.0004 0.0001 0.0003 0.0002 0.0003 0.0004 0.0006 0.0003 0.0003 0.0005 0.0005 0.0004 0.0003 0.0005 0.0003 0.0004 0.0006 0.0005 0.0004 0.0005 0.0003 0.0003 0.0002 0.0003 0.0002 0.0004 0.0004 
0.0002 0.0004 0.0005 0.0001 0.0001 0.0002 0.0002 0.0004 0.0002 0.0002 0.0003 0.0001 0.0002 0.0004 0.0004 0.0002 0.0002 0.0003 0.0002 0.0004 0.0002 0.0003 0.0003 0.0005 0.0002 0.0003 0.0003 0.0003 0.0006 0.0005 0.0006 0.0005 0.0004 0.0002 0.0003 0.0004 0.0002 0.0004 0.0003 0.0004 0.0002 0.0002 0.0004 0.0006 0.0004 0.0004 0.0003 0.0003 0.0006 0.0003 0.0004 0.0003 0.0003 0.0003 0.0002 0.0003 0.0003 0.0005 0.0004 0.0004 0.0005 0.0004 0.0005 0.0003 
0.0109 0.0343 0.0220 0.0030 0.0058 0.0024 0.0010 0.0012 0.0010 0.0010 0.0007 0.0007 0.0005 0.0003 0.0011 0.0005 0.0005 0.0005 0.0002 0.0003 0.0004 0.0005 0.0004 0.0004 0.0003 0.0004 0.0007 0.0002 0.0009 0.0005 0.0004 0.0005 0.0003 0.0006 0.0006 0.0006 0.0004 0.0004 0.0004 0.0005 0.0007 0.0003 0.0005 0.0003 0.0010 0.0002 0.0003 0.0003 0.0003 0.0007 0.0005 0.0003 0.0005 0.0005 0.0005 0.0003 0.0005 0.0005 0.0005 0.0005 0.0002 0.0002 0.0002 0.0003 
0.0071 0.0657 0.0866 0.0167 0.0174 0.0100 0.0070 0.0056 0.0051 0.0047 0.0042 0.0037 0.0031 0.0032 0.0068 0.0021 0.0026 0.0016 0.0017 0.0017 0.0048 0.0032 0.0021 0.0018 0.0020 0.0015 0.0020 0.0018 0.0020 0.0019 0.0012 0.0021 0.0013 0.0016 0.0016 0.0014 0.0015 0.0015 0.0011 0.0017 0.0013 0.0009 0.0012 0.0010 0.0016 0.0010 0.0011 0.0014 0.0014 0.0007 0.0013 0.0013 0.0009 0.0013 0.0008 0.0007 0.0010 0.0011 0.0010 0.0011 0.0010 0.0011 0.0012 0.0009 
0.0027 0.1114 0.0811 0.0277 0.0208 0.0136 0.0085 0.0077 0.0072 0.0054 0.0040 0.0044 0.0045 0.0060 0.0033 0.0029 0.0026 0.0026 0.0025 0.0018 0.0063 0.0017 0.0017 0.0021 0.0014 0.0010 0.0031 0.0026 0.0024 0.0020 0.0011 0.0024 0.0013 0.0014 0.0014 0.0017 0.0019 0.0006 0.0011 0.0008 0.0008 0.0012 0.0008 0.0014 0.0009 0.0013 0.0013 0.0011 0.0014 0.0013 0.0010 0.0014 0.0017 0.0012 0.0009 0.0011 0.0012 0.0010 0.0012 0.0011 0.0012 0.0012 0.0012 0.0008 
0.0306 0.1069 0.1040 0.0229 0.0117 0.0161 0.0175 0.0095 0.0080 0.0102 0.0083 0.0067 0.0103 0.0204 0.0507 0.0324 0.0580 0.0317 0.0033 0.0078 0.0067 0.0024 0.0045 0.0034 0.0143 0.0194 0.0363 0.0202 0.0325 0.0485 0.0414 0.0114 0.0027 0.0206 0.0173 0.0235 0.0193 0.0122 0.0064 0.0100 0.0040 0.0074 0.0081 0.0009 0.0031 0.0020 0.0048 0.0025 0.0031 0.0055 0.0023 0.0021 0.0011 0.0030 0.0018 0.0021 0.0037 0.0011 0.0017 0.0015 0.0016 0.0017 0.0017 0.0017 
0.0206 0.1175 0.1820 0.1949 0.0755 0.0378 0.0157 0.0268 0.0445 0.0374 0.0162 0.0329 0.0531 0.0908 0.1718 0.2758 0.1113 0.0822 0.0545 0.0550 0.0202 0.0330 0.0872 0.0714 0.0953 0.1162 0.1464 0.1539 0.1942 0.1909 0.1551 0.1027 0.0414 0.0233 0.0335 0.0259 0.0503 0.0214 0.0150 0.0139 0.0220 0.0138 0.0143 0.0116 0.0109 0.0137 0.0087 0.0182 0.0070 0.0167 0.0101 0.0088 0.0114 0.0123 0.0126 0.0102 0.0078 0.0105 0.0096 0.0095 0.0093 0.0093 0.0094 0.0096 
0.0519 0.1034 0.1309 0.3161 0.3244 0.0893 0.0737 0.0722 0.0703 0.0625 0.0620 0.0793 0.0994 0.1166 0.2231 0.3478 0.2169 0.0745 0.0497 0.0611 0.0531 0.0661 0.1302 0.1322 0.0951 0.1238 0.1635 0.1963 0.2057 0.1040 0.1428 0.0625 0.0299 0.0128 0.0120 0.0039 0.0077 0.0099 0.0106 0.0125 0.0117 0.0153 0.0051 0.0083 0.0072 0.0074 0.0075 0.0085 0.0068 0.0071 0.0091 0.0082 0.0064 0.0068 0.0060 0.0081 0.0062 0.0061 0.0061 0.0063 0.0065 0.0071 0.0064 0.0065 
0.0216 0.1011 0.1102 0.2757 0.3709 0.1141 0.0660 0.0578 0.0497 0.0410 0.0606 0.0352 0.0707 0.1171 0.2547 0.5127 0.1959 0.1208 0.0499 0.0647 0.0842 0.0778 0.1278 0.0616 0.0902 0.1138 0.2067 0.2761 0.2496 0.2114 0.1658 0.0954 0.0293 0.0362 0.0308 0.0301 0.0200 0.0311 0.0348 0.0316 0.0237 0.0250 0.0229 0.0209 0.0198 0.0203 0.0181 0.0206 0.0176 0.0173 0.0160 0.0181 0.0155 0.0166 0.0161 0.0159 0.0159 0.0154 0.0160 0.0155 0.0153 0.0156 0.0156 0.0157 
0.0143 0.1337 0.1788 0.3180 0.1635 0.0474 0.0278 0.0288 0.0186 0.0263 0.0346 0.0662 0.0488 0.0817 0.2877 0.4580 0.2661 0.1478 0.0859 0.1128 0.0913 0.1702 0.1400 0.0516 0.1313 0.1847 0.2289 0.3088 0.3864 0.2143 0.1213 0.0551 0.0141 0.0177 0.0125 0.0084 0.0081 0.0237 0.0196 0.0027 0.0081 0.0080 0.0061 0.0050 0.0055 0.0056 0.0050 0.0051 0.0054 0.0047 0.0060 0.0049 0.0046 0.0047 0.0032 0.0039 0.0040 0.0038 0.0040 0.0044 0.0037 0.0042 0.0040 0.0039 
0.0260 0.1732 0.1076 0.1724 0.0392 0.0475 0.0270 0.0104 0.0411 0.0141 0.0248 0.0288 0.0285 0.1284 0.1840 0.1293 0.1043 0.0607 0.0617 0.0536 0.0375 0.0568 0.0384 0.0888 0.0986 0.0904 0.2076 0.0939 0.1503 0.1007 0.0510 0.0298 0.0115 0.0139 0.0102 0.0113 0.0035 0.0113 0.0121 0.0054 0.0050 0.0041 0.0050 0.0055 0.0055 0.0050 0.0054 0.0041 0.0042 0.0045 0.0035 0.0038 0.0038 0.0042 0.0037 0.0037 0.0039 0.0036 0.0036 0.0036 0.0035 0.0035 0.0037 0.0041 
0.0430 0.1039 0.1155 0.0537 0.0723 0.0297 0.0133 0.0222 0.0120 0.0124 0.0174 0.0223 0.0305 0.0478 0.0482 0.0524 0.0713 0.0282 0.0162 0.0345 0.0413 0.0448 0.0467 0.0219 0.0264 0.0482 0.0854 0.0384 0.0596 0.0238 0.0292 0.0156 0.0069 0.0030 0.0047 0.0037 0.0016 0.0059 0.0079 0.0012 0.0017 0.0024 0.0022 0.0024 0.0024 0.0018 0.0023 0.0023 0.0021 0.0020 0.0024 0.0024 0.0019 0.0025 0.0024 0.0020 0.0022 0.0024 0.0024 0.0022 0.0025 0.0020 0.0025 0.0018 
0.0107 0.1239 0.0439 0.0546 0.0580 0.0187 0.0072 0.0136 0.0214 0.0063 0.0155 0.0344 0.0417 0.0464 0.0682 0.0507 0.0205 0.0352 0.0226 0.0335 0.0282 0.0365 0.0227 0.0126 0.0176 0.0580 0.0640 0.0197 0.0438 0.0304 0.0086 0.0105 0.0054 0.0029 0.0015 0.0003 0.0012 0.0015 0.0026 0.0010 0.0008 0.0006 0.0007 0.0005 0.0006 0.0004 0.0005 0.0004 0.0011 0.0004 0.0003 0.0009 0.0004 0.0005 0.0004 0.0003 0.0005 0.0005 0.0001 0.0003 0.0003 0.0003 0.0005 0.0005 
0.0177 0.0812 0.0457 0.0783 0.0281 0.0194 0.0109 0.0105 0.0051 0.0104 0.0196 0.0177 0.0399 0.0526 0.0926 0.0436 0.0475 0.0507 0.0244 0.0368 0.0140 0.0168 0.0237 0.0479 0.0500 0.0415 0.0885 0.0678 0.0473 0.0545 0.0340 0.0243 0.0190 0.0161 0.0129 0.0118 0.0104 0.0098 0.0091 0.0084 0.0081 0.0082 0.0075 0.0073 0.0070 0.0064 0.0062 0.0059 0.0062 0.0059 0.0059 0.0054 0.0057 0.0058 0.0056 0.0053 0.0052 0.0056 0.0051 0.0054 0.0051 0.0050 0.0049 0.0052 
0.0092 0.0930 0.1129 0.0547 0.0424 0.0136 0.0156 0.0194 0.0126 0.0190 0.0181 0.0234 0.0274 0.0514 0.0900 0.1537 0.1422 0.0881 0.0500 0.0574 0.0273 0.0319 0.0360 0.0230 0.0471 0.0715 0.1255 0.1986 0.0538 0.0733 0.0534 0.0246 0.0118 0.0119 0.0118 0.0064 0.0051 0.0046 0.0062 0.0052 0.0049 0.0046 0.0040 0.0040 0.0036 0.0037 0.0037 0.0035 0.0036 0.0033 0.0036 0.0032 0.0033 0.0035 0.0027 0.0030 0.0030 0.0031 0.0031 0.0030 0.0025 0.0031 0.0032 0.0028 
0.0087 0.1418 0.1309 0.0431 0.0468 0.0174 0.0111 0.0129 0.0298 0.0050 0.0277 0.0242 0.0300 0.0176 0.0935 0.0971 0.2123 0.1951 0.0747 0.0482 0.0239 0.0834 0.0686 0.0853 0.0851 0.1592 0.1962 0.1959 0.2796 0.1916 0.0696 0.0355 0.0259 0.0146 0.0185 0.0112 0.0082 0.0083 0.0076 0.0065 0.0063 0.0059 0.0060 0.0056 0.0054 0.0051 0.0051 0.0047 0.0048 0.0042 0.0043 0.0042 0.0043 0.0034 0.0046 0.0042 0.0041 0.0040 0.0040 0.0037 0.0037 0.0040 0.0039 0.0038 
0.0158 0.0902 0.0771 0.0741 0.0843 0.0184 0.0162 0.0212 0.0149 0.0087 0.0148 0.0105 0.0154 0.0172 0.0469 0.1284 0.2014 0.1269 0.0547 0.0213 0.0213 0.0497 0.0633 0.0063 0.0795 0.0796 0.1042 0.1211 0.1886 0.0954 0.0515 0.0462 0.0227 0.0119 0.0039 0.0061 0.0071 0.0027 0.0033 0.0037 0.0027 0.0020 0.0024 0.0016 0.0020 0.0019 0.0014 0.0015 0.0014 0.0012 0.0015 0.0011 0.0011 0.0008 0.0014 0.0010 0.0010 0.0011 0.0011 0.0015 0.0011 0.0009 0.0009 0.0010 
0.0119 0.0586 0.0454 0.0684 0.1013 0.0270 0.0174 0.0122 0.0131 0.0045 0.0083 0.0055 0.0086 0.0126 0.0561 0.0420 0.1614 0.0456 0.0201 0.0256 0.0103 0.0288 0.0498 0.0727 0.0494 0.0230 0.0679 0.1055 0.0839 0.1273 0.0791 0.0270 0.0269 0.0134 0.0042 0.0107 0.0061 0.0071 0.0062 0.0040 0.0049 0.0056 0.0042 0.0040 0.0040 0.0039 0.0038 0.0039 0.0036 0.0039 0.0036 0.0035 0.0038 0.0037 0.0034 0.0036 0.0036 0.0036 0.0034 0.0030 0.0034 0.0034 0.0033 0.0034 
0.0137 0.0214 0.0325 0.0318 0.0956 0.0075 0.0058 0.0070 0.0070 0.0062 0.0046 0.0061 0.0122 0.0177 0.0267 0.0979 0.0786 0.0415 0.0265 0.0207 0.0078 0.0133 0.0208 0.0477 0.0284 0.0266 0.0464 0.0463 0.0558 0.0733 0.0214 0.0351 0.0279 0.0090 0.0085 0.0040 0.0035 0.0021 0.0033 0.0031 0.0017 0.0016 0.0017 0.0014 0.0014 0.0014 0.0009 0.0015 0.0014 0.0014 0.0014 0.0011 0.0009 0.0012 0.0007 0.0011 0.0012 0.0010 0.0009 0.0011 0.0008 0.0010 0.0008 0.0012 
0.0247 0.0335 0.0325 0.0602 0.0891 0.0205 0.0095 0.0170 0.0134 0.0067 0.0111 0.0133 0.0113 0.0116 0.0800 0.1357 0.0859 0.0317 0.0200 0.0092 0.0155 0.0306 0.0313 0.0411 0.0458 0.0298 0.0215 0.0545 0.0643 0.1202 0.0488 0.0553 0.0302 0.0078 0.0025 0.0050 0.0021 0.0021 0.0033 0.0020 0.0009 0.0017 0.0007 0.0010 0.0010 0.0008 0.0016 0.0011 0.0009 0.0004 0.0009 0.0008 0.0008 0.0011 0.0005 0.0006 0.0008 0.0005 0.0006 0.0005 0.0004 0.0006 0.0009 0.0008 
0.0096 0.0315 0.0233 0.0370 0.0538 0.0157 0.0032 0.0064 0.0034 0.0052 0.0031 0.0074 0.0047 0.0095 0.0324 0.0127 0.0329 0.0088 0.0052 0.0065 0.0069 0.0123 0.0126 0.0105 0.0061 0.0104 0.0074 0.0115 0.0158 0.0213 0.0185 0.0198 0.0178 0.0048 0.0042 0.0026 0.0022 0.0019 0.0015 0.0024 0.0009 0.0008 0.0010 0.0005 0.0009 0.0005 0.0015 0.0017 0.0006 0.0008 0.0010 0.0005 0.0013 0.0006 0.0005 0.0006 0.0004 0.0005 0.0002 0.0002 0.0005 0.0001 0.0004 0.0004 
0.0087 0.0244 0.0077 0.0167 0.0290 0.0120 0.0039 0.0039 0.0035 0.0034 0.0033 0.0028 0.0046 0.0047 0.0135 0.0115 0.0090 0.0063 0.0069 0.0043 0.0058 0.0074 0.0040 0.0067 0.0025 0.0029 0.0024 0.0060 0.0069 0.0136 0.0063 0.0065 0.0030 0.0047 0.0029 0.0011 0.0009 0.0011 0.0012 0.0017 0.0005 0.0004 0.0009 0.0007 0.0008 0.0004 0.0015 0.0013 0.0002 0.0003 0.0009 0.0009 0.0010 0.0004 0.0003 0.0004 0.0003 0.0002 0.0004 0.0003 0.0005 0.0005 0.0002 0.0002 
0.0012 0.0347 0.0105 0.0114 0.0254 0.0051 0.0021 0.0038 0.0009 0.0014 0.0016 0.0014 0.0020 0.0013 0.0041 0.0071 0.0062 0.0029 0.0017 0.0042 0.0049 0.0060 0.0032 0.0015 0.0012 0.0014 0.0014 0.0007 0.0031 0.0046 0.0039 0.0051 0.0023 0.0025 0.0014 0.0008 0.0010 0.0007 0.0006 0.0008 0.0007 0.0009 0.0005 0.0007 0.0006 0.0005 0.0008 0.0009 0.0007 0.0002 0.0004 0.0011 0.0004 0.0007 0.0003 0.0007 0.0003 0.0004 0.0004 0.0004 0.0003 0.0006 0.0003 0.0002 
0.0054 0.0309 0.0105 0.0036 0.0188 0.0028 0.0012 0.0025 0.0014 0.0007 0.0009 0.0010 0.0005 0.0015 0.0043 0.0042 0.0064 0.0030 0.0009 0.0030 0.0023 0.0015 0.0023 0.0015 0.0012 0.0017 0.0012 0.0020 0.0015 0.0031 0.0018 0.0022 0.0016 0.0007 0.0001 0.0004 0.0004 0.0004 0.0003 0.0007 0.0003 0.0005 0.0004 0.0004 0.0004 0.0005 0.0007 0.0004 0.0004 0.0004 0.0005 0.0007 0.0003 0.0003 0.0002 0.0003 0.0005 0.0002 0.0001 0.0002 0.0004 0.0002 0.0002 0.0003 
0.0039 0.0200 0.0107 0.0094 0.0119 0.0032 0.0011 0.0023 0.0004 0.0007 0.0003 0.0003 0.0006 0.0005 0.0019 0.0024 0.0048 0.0017 0.0016 0.0033 0.0014 0.0016 0.0026 0.0018 0.0001 0.0009 0.0011 0.0013 0.0016 0.0011 0.0008 0.0008 0.0004 0.0006 0.0004 0.0006 0.0004 0.0004 0.0003 0.0004 0.0004 0.0005 0.0004 0.0006 0.0002 0.0005 0.0008 0.0004 0.0005 0.0004 0.0004 0.0003 0.0003 0.0006 0.0004 0.0007 0.0007 0.0007 0.0002 0.0004 0.0002 0.0002 0.0002 0.0003 
0.0039 0.0173 0.0078 0.0015 0.0085 0.0020 0.0014 0.0045 0.0025 0.0029 0.0031 0.0018 0.0024 0.0030 0.0075 0.0071 0.0059 0.0067 0.0011 0.0047 0.0019 0.0009 0.0011 0.0022 0.0019 0.0067 0.0068 0.0070 0.0081 0.0038 0.0021 0.0028 0.0005 0.0005 0.0026 0.0018 0.0025 0.0032 0.0023 0.0025 0.0059 0.0052 0.0060 0.0045 0.0036 0.0068 0.0056 0.0162 0.0119 0.0021 0.0008 0.0047 0.0050 0.0076 0.0069 0.0035 0.0027 0.0021 0.0018 0.0006 0.0007 0.0005 0.0006 0.0003 
0.0027 0.0121 0.0053 0.0019 0.0075 0.0012 0.0005 0.0024 0.0010 0.0008 0.0014 0.0015 0.0023 0.0017 0.0070 0.0039 0.0017 0.0007 0.0009 0.0010 0.0008 0.0005 0.0005 0.0005 0.0013 0.0058 0.0075 0.0037 0.0044 0.0042 0.0008 0.0045 0.0005 0.0007 0.0027 0.0040 0.0088 0.0031 0.0005 0.0037 0.0047 0.0061 0.0027 0.0032 0.0069 0.0049 0.0050 0.0105 0.0096 0.0029 0.0033 0.0040 0.0016 0.0058 0.0024 0.0037 0.0033 0.0018 0.0030 0.0007 0.0004 0.0005 0.0007 0.0003 
0.0003 0.0159 0.0026 0.0018 0.0064 0.0010 0.0010 0.0004 0.0015 0.0005 0.0017 0.0018 0.0012 0.0023 0.0056 0.0030 0.0037 0.0011 0.0011 0.0008 0.0007 0.0003 0.0006 0.0007 0.0008 0.0012 0.0018 0.0019 0.0012 0.0014 0.0013 0.0012 0.0005 0.0005 0.0008 0.0009 0.0027 0.0016 0.0015 0.0005 0.0020 0.0015 0.0009 0.0006 0.0014 0.0015 0.0021 0.0041 0.0005 0.0010 0.0017 0.0011 0.0013 0.0016 0.0006 0.0007 0.0006 0.0010 0.0001 0.0003 0.0006 0.0002 0.0007 0.0002 
0.0031 0.0108 0.0039 0.0039 0.0046 0.0012 0.0009 0.0005 0.0005 0.0003 0.0027 0.0012 0.0009 0.0014 0.0013 0.0004 0.0009 0.0008 0.0009 0.0010 0.0004 0.0006 0.0004 0.0005 0.0002 0.0010 0.0005 0.0010 0.0013 0.0005 0.0004 0.0003 0.0005 0.0006 0.0004 0.0006 0.0011 0.0007 0.0009 0.0008 0.0003 0.0008 0.0005 0.0012 0.0007 0.0003 0.0007 0.0023 0.0011 0.0005 0.0008 0.0003 0.0011 0.0008 0.0004 0.0004 0.0008 0.0004 0.0003 0.0002 0.0005 0.0002 0.0003 0.0004 
0.0004 0.0064 0.0027 0.0023 0.0026 0.0006 0.0003 0.0004 0.0003 0.0004 0.0007 0.0005 0.0003 0.0010 0.0010 0.0002 0.0005 0.0010 0.0003 0.0006 0.0003 0.0004 0.0003 0.0003 0.0004 0.0003 0.0004 0.0002 0.0007 0.0002 0.0002 0.0003 0.0003 0.0004 0.0003 0.0005 0.0011 0.0005 0.0004 0.0006 0.0006 0.0004 0.0006 0.0006 0.0006 0.0005 0.0006 0.0010 0.0009 0.0002 0.0005 0.0010 0.0003 0.0007 0.0005 0.0006 0.0003 0.0003 0.0005 0.0002 0.0003 0.0004 0.0004 0.0003 
0.0005 0.0031 0.0007 0.0009 0.0024 0.0010 0.0003 0.0003 0.0004 0.0003 0.0011 0.0005 0.0002 0.0003 0.0006 0.0006 0.0001 0.0004 0.0006 0.0003 0.0002 0.0005 0.0004 0.0003 0.0002 0.0003 0.0003 0.0004 0.0007 0.0005 0.0002 0.0004 0.0002 0.0003 0.0003 0.0003 0.0006 0.0004 0.0003 0.0004 0.0006 0.0005 0.0004 0.0007 0.0008 0.0013 0.0008 0.0010 0.0010 0.0006 0.0005 0.0004 0.0003 0.0004 0.0004 0.0003 0.0004 0.0004 0.0004 0.0004 0.0002 0.0007 0.0005 0.0004 
0.0010 0.0028 0.0021 0.0018 0.0023 0.0009 0.0002 0.0001 0.0002 0.0003 0.0004 0.0003 0.0003 0.0006 0.0010 0.0002 0.0007 0.0004 0.0004 0.0002 0.0006 0.0003 0.0002 0.0003 0.0002 0.0003 0.0004 0.0005 0.0007 0.0005 0.0002 0.0003 0.0005 0.0004 0.0003 0.0003 0.0004 0.0004 0.0002 0.0006 0.0005 0.0003 0.0002 0.0005 0.0005 0.0005 0.0005 0.0008 0.0005 0.0004 0.0003 0.0002 0.0003 0.0005 0.0005 0.0005 0.0003 0.0003 0.0001 0.0003 0.0005 0.0003 0.0003 0.0004 
0.0002 0.0055 0.0018 0.0008 0.0008 0.0002 0.0002 0.0002 0.0004 0.0002 0.0003 0.0005 0.0002 0.0004 0.0004 0.0002 0.0005 0.0002 0.0002 0.0004 0.0004 0.0001 0.0003 0.0003 0.0001 0.0003 0.0003 0.0003 0.0007 0.0003 0.0002 0.0003 0.0002 0.0002 0.0005 0.0004 0.0002 0.0003 0.0004 0.0004 0.0006 0.0003 0.0004 0.0006 0.0007 0.0003 0.0003 0.0007 0.0005 0.0002 0.0003 0.0003 0.0007 0.0004 0.0002 0.0005 0.0003 0.0002 0.0005 0.0002 0.0003 0.0005 0.0003 0.0002 
0.0003 0.0038 0.0014 0.0004 0.0004 0.0005 0.0002 0.0004 0.0002 0.0002 0.0004 0.0004 0.0003 0.0003 0.0001 0.0002 0.0005 0.0002 0.0002 0.0002 0.0001 0.0001 0.0002 0.0003 0.0003 0.0001 0.0003 0.0003 0.0007 0.0002 0.0002 0.0001 0.0002 0.0003 0.0003 0.0003 0.0004 0.0003 0.0002 0.0004 0.0007 0.0002 0.0004 0.0004 0.0004 0.0003 0.0002 0.0003 0.0003 0.0005 0.0004 0.0005 0.0003 0.0003 0.0005 0.0003 0.0003 0.0002 0.0003 0.0003 0.0003 0.0003 0.0006 0.0005 
0.0005 0.0017 0.0006 0.0009 0.0008 0.0002 0.0002 0.0004 0.0003 0.0002 0.0002 0.0002 0.0001 0.0002 0.0003 0.0002 0.0004 0.0002 0.0002 0.0007 0.0002 0.0001 0.0002 0.0003 0.0004 0.0002 0.0002 0.0002 0.0004 0.0005 0.0004 0.0004 0.0003 0.0004 0.0003 0.0002 0.0004 0.0002 0.0002 0.0002 0.0005 0.0001 0.0005 0.0003 0.0001 0.0003 0.0003 0.0005 0.0002 0.0005 0.0004 0.0003 0.0004 0.0007 0.0004 0.0002 0.0003 0.0003 0.0004 0.0003 0.0002 0.0003 0.0003 0.0003 
0.0004 0.0023 0.0008 0.0009 0.0007 0.0003 0.0002 0.0001 0.0002 0.0002 0.0002 0.0002 0.0001 0.0002 0.0002 0.0001 0.0002 0.0003 0.0003 0.0006 0.0003 0.0003 0.0003 0.0001 0.0003 0.0002 0.0002 0.0002 0.0005 0.0002 0.0003 0.0003 0.0002 0.0005 0.0005 0.0003 0.0003 0.0003 0.0003 0.0003 0.0004 0.0002 0.0002 0.0002 0.0007 0.0003 0.0003 0.0002 0.0004 0.0005 0.0002 0.0003 0.0004 0.0006 0.0005 0.0002 0.0002 0.0004 0.0005 0.0005 0.0003 0.0002 0.0002 0.0002 
0.0003 0.0008 0.0007 0.0002 0.0008 0.0003 0.0001 0.0001 0.0002 0.0001 0.0002 0.0001 0.0003 0.0002 0.0005 0.0002 0.0001 0.0001 0.0002 0.0004 0.0002 0.0001 0.0004 0.0003 0.0004 0.0002 0.0002 0.0003 0.0003 0.0004 0.0003 0.0003 0.0002 0.0003 0.0002 0.0003 0.0002 0.0004 0.0003 0.0003 0.0002 0.0006 0.0003 0.0003 0.0003 0.0002 0.0002 0.0002 0.0005 0.0005 0.0005 0.0005 0.0004 0.0005 0.0005 0.0004 0.0002 0.0007 0.0002 0.0003 0.0002 0.0002 0.0003 0.0002 
0.0001 0.0007 0.0001 0.0005 0.0005 0.0003 0.0002 0.0001 0.0001 0.0001 0.0003 0.0001 0.0002 0.0002 0.0001 0.0002 0.0001 0.0001 0.0002 0.0002 0.0002 0.0002 0.0002 0.0002 0.0003 0.0001 0.0002 0.0003 0.0003 0.0005 0.0001 0.0004 0.0005 0.0003 0.0001 0.0003 0.0001 0.0002 0.0005 0.0003 0.0006 0.0008 0.0003 0.0002 0.0003 0.0002 0.0003 0.0002 0.0001 0.0003 0.0004 0.0004 0.0001 0.0006 0.0007 0.0004 0.0004 0.0004 0.0004 0.0002 0.0003 0.0004 0.0002 0.0003 
0.0001 0.0006 0.0001 0.0004 0.0003 0.0003 0.0001 0.0002 0.0001 0.0001 0.0001 0.0001 0.0002 0.0002 0.0002 0.0002 0.0001 0.0002 0.0001 0.0001 0.0001 0.0001 0.0002 0.0002 0.0003 0.0002 0.0003 0.0002 0.0002 0.0003 0.0003 0.0004 0.0002 0.0004 0.0005 0.0003 0.0004 0.0004 0.0004 0.0002 0.0005 0.0005 0.0004 0.0005 0.0004 0.0005 0.0004 0.0002 0.0004 0.0003 0.0002 0.0003 0.0002 0.0002 0.0002 0.0003 0.0004 0.0004 0.0003 0.0002 0.0002 0.0005 0.0002 0.0004 
0.0000 0.0001 0.0001 0.0003 0.0006 0.0002 0.0001 0.0003 0.0002 0.0002 0.0001 0.0003 0.0003 0.0002 0.0005 0.0002 0.0002 0.0001 0.0002 0.0002 0.0003 0.0004 0.0002 0.0002 0.0003 0.0004 0.0002 0.0001 0.0003 0.0005 0.0003 0.0002 0.0001 0.0003 0.0002 0.0002 0.0003 0.0007 0.0004 0.0002 0.0007 0.0006 0.0002 0.0002 0.0010 0.0004 0.0004 0.0003 0.0005 0.0005 0.0006 0.0004 0.0003 0.0004 0.0002 0.0006 0.0001 0.0003 0.0004 0.0004 0.0002 0.0001 0.0002 0.0002 
0.0001 0.0001 0.0001 0.0003 0.0003 0.0001 0.0002 0.0002 0.0001 0.0002 0.0001 0.0002 0.0001 0.0002 0.0004 0.0002 0.0002 0.0002 0.0002 0.0003 0.0001 0.0003 0.0001 0.0002 0.0002 0.0002 0.0002 0.0003 0.0003 0.0002 0.0002 0.0002 0.0002 0.0005 0.0004 0.0003 0.0004 0.0002 0.0001 0.0002 0.0002 0.0005 0.0002 0.0003 0.0007 0.0003 0.0005 0.0007 0.0002 0.0004 0.0003 0.0003 0.0001 0.0004 0.0003 0.0002 0.0002 0.0003 0.0004 0.0003 0.0004 0.0001 0.0003 0.0002 
