0.0002 0.0002 0.0001 0.0003 0.0002 0.0002 0.0001 0.0002 0.0001 0.0001 0.0001 0.0002 0.0003 0.0003 0.0004 0.0003 0.0003 0.0002 0.0002 0.0005 0.0002 0.0003 0.0005 0.0003 0.0004 0.0002 0.0003 0.0002 0.0003 0.0001 0.0003 0.0002 0.0003 0.0002 0.0004 0.0003 0.0002 0.0004 0.0002 0.0002 0.0004 0.0002 0.0001 0.0002 0.0003 0.0003 0.0005 0.0007 0.0004 0.0002 0.0002 0.0005 0.0004 0.0004 0.0006 0.0006 0.0004 0.0002 0.0004 0.0002 0.0003 0.0005 0.0001 0.0004 
0.0002 0.0004 0.0002 0.0001 0.0002 0.0002 0.0001 0.0001 0.0002 0.0001 0.0003 0.0001 0.0001 0.0002 0.0003 0.0002 0.0002 0.0002 0.0001 0.0001 0.0002 0.0002 0.0004 0.0003 0.0002 0.0004 0.0003 0.0002 0.0003 0.0005 0.0004 0.0003 0.0001 0.0003 0.0002 0.0006 0.0004 0.0002 0.0003 0.0002 0.0003 0.0003 0.0003 0.0003 0.0004 0.0003 0.0006 0.0004 0.0001 0.0007 0.0004 0.0003 0.0003 0.0006 0.0003 0.0005 0.0002 0.0003 0.0004 0.0003 0.0005 0.0001 0.0003 0.0003 
0.0001 0.0002 0.0002 0.0002 0.0001 0.0001 0.0002 0.0002 0.0002 0.0002 0.0002 0.0002 0.0001 0.0001 0.0002 0.0003 0.0002 0.0002 0.0002 0.0003 0.0002 0.0003 0.0003 0.0003 0.0001 0.0001 0.0004 0.0003 0.0002 0.0006 0.0005 0.0001 0.0004 0.0001 0.0003 0.0003 0.0005 0.0002 0.0004 0.0004 0.0003 0.0002 0.0004 0.0003 0.0003 0.0005 0.0002 0.0005 0.0002 0.0003 0.0004 0.0002 0.0009 0.0003 0.0003 0.0004 0.0004 0.0002 0.0005 0.0005 0.0005 0.0004 0.0003 0.0002 
0.0002 0.0002 0.0001 0.0002 0.0003 0.0002 0.0001 0.0002 0.0002 0.0002 0.0003 0.0002 0.0001 0.0002 0.0003 0.0002 0.0002 0.0001 0.0004 0.0003 0.0002 0.0002 0.0004 0.0002 0.0002 0.0003 0.0004 0.0003 0.0001 0.0002 0.0005 0.0003 0.0001 0.0006 0.0003 0.0003 0.0005 0.0004 0.0002 0.0004 0.0003 0.0008 0.0009 0.0003 0.0003 0.0002 0.0003 0.0002 0.0002 0.0005 0.0007 0.0005 0.0003 0.0004 0.0006 0.0004 0.0004 0.0002 0.0002 0.0002 0.0004 0.0005 0.0004 0.0006 
0.0003 0.0003 0.0001 0.0001 0.0001 0.0002 0.0002 0.0003 0.0002 0.0003 0.0002 0.0002 0.0002 0.0004 0.0001 0.0002 0.0002 0.0002 0.0002 0.0002 0.0002 0.0003 0.0002 0.0003 0.0002 0.0001 0.0001 0.0003 0.0003 0.0005 0.0003 0.0002 0.0002 0.0006 0.0004 0.0004 0.0004 0.0001 0.0005 0.0003 0.0002 0.0006 0.0005 0.0005 0.0006 0.0002 0.0003 0.0002 0.0006 0.0006 0.0004 0.0002 0.0003 0.0005 0.0004 0.0001 0.0002 0.0003 0.0003 0.0002 0.0003 0.0003 0.0003 0.0004 
0.0002 0.0003 0.0002 0.0002 0.0001 0.0001 0.0002 0.0002 0.0004 0.0003 0.0002 0.0002 0.0001 0.0001 0.0002 0.0002 0.0002 0.0002 0.0002 0.0003 0.0003 0.0004 0.0004 0.0003 0.0002 0.0002 0.0004 0.0001 0.0003 0.0002 0.0007 0.0002 0.0001 0.0002 0.0006 0.0003 0.0003 0.0002 0.0003 0.0003 0.0005 0.0005 0.0003 0.0002 0.0002 0.0004 0.0003 0.0002 0.0003 0.0004 0.0003 0.0003 0.0006 0.0005 0.0006 0.0003 0.0004 0.0003 0.0005 0.0004 0.0002 0.0003 0.0002 0.0005 
0.0002 0.0002 0.0001 0.0001 0.0002 0.0002 0.0002 0.0001 0.0003 0.0003 0.0004 0.0001 0.0001 0.0001 0.0001 0.0002 0.0002 0.0002 0.0002 0.0001 0.0001 0.0004 0.0003 0.0003 0.0001 0.0003 0.0001 0.0003 0.0005 0.0003 0.0003 0.0002 0.0004 0.0005 0.0003 0.0006 0.0004 0.0002 0.0003 0.0002 0.0004 0.0005 0.0004 0.0003 0.0002 0.0004 0.0002 0.0006 0.0003 0.0004 0.0002 0.0003 0.0003 0.0004 0.0005 0.0002 0.0005 0.0004 0.0004 0.0003 0.0004 0.0004 0.0003 0.0002 
0.0002 0.0003 0.0001 0.0001 0.0001 0.0002 0.0003 0.0001 0.0001 0.0004 0.0004 0.0001 0.0001 0.0002 0.0002 0.0002 0.0002 0.0002 0.0002 0.0001 0.0001 0.0004 0.0002 0.0002 0.0003 0.0004 0.0003 0.0003 0.0004 0.0002 0.0003 0.0002 0.0003 0.0006 0.0001 0.0003 0.0001 0.0001 0.0004 0.0002 0.0002 0.0003 0.0002 0.0002 0.0005 0.0002 0.0004 0.0001 0.0004 0.0002 0.0002 0.0007 0.0005 0.0004 0.0004 0.0003 0.0004 0.0003 0.0003 0.0004 0.0002 0.0002 0.0005 0.0001 
0.0002 0.0002 0.0002 0.0001 0.0001 0.0003 0.0002 0.0002 0.0002 0.0002 0.0003 0.0002 0.0003 0.0005 0.0005 0.0008 0.0009 0.0006 0.0003 0.0001 0.0002 0.0002 0.0002 0.0003 0.0003 0.0004 0.0003 0.0007 0.0003 0.0002 0.0002 0.0003 0.0006 0.0006 0.0003 0.0002 0.0004 0.0005 0.0003 0.0003 0.0002 0.0004 0.0004 0.0003 0.0004 0.0002 0.0003 0.0006 0.0005 0.0004 0.0002 0.0004 0.0004 0.0002 0.0003 0.0004 0.0003 0.0001 0.0005 0.0002 0.0006 0.0003 0.0004 0.0003 
0.0002 0.0003 0.0002 0.0001 0.0001 0.0001 0.0001 0.0003 0.0002 0.0003 0.0003 0.0003 0.0002 0.0001 0.0004 0.0006 0.0008 0.0005 0.0002 0.0003 0.0003 0.0003 0.0002 0.0001 0.0004 0.0003 0.0004 0.0005 0.0004 0.0003 0.0003 0.0004 0.0006 0.0003 0.0003 0.0002 0.0005 0.0006 0.0003 0.0004 0.0002 0.0005 0.0005 0.0004 0.0003 0.0002 0.0001 0.0008 0.0003 0.0003 0.0005 0.0003 0.0003 0.0003 0.0004 0.0003 0.0003 0.0005 0.0002 0.0005 0.0002 0.0002 0.0004 0.0004 
0.0001 0.0002 0.0001 0.0002 0.0002 0.0001 0.0002 0.0002 0.0001 0.0003 0.0002 0.0002 0.0001 0.0001 0.0002 0.0003 0.0002 0.0002 0.0001 0.0002 0.0002 0.0002 0.0002 0.0002 0.0002 0.0003 0.0002 0.0002 0.0005 0.0003 0.0002 0.0004 0.0002 0.0004 0.0003 0.0003 0.0005 0.0004 0.0004 0.0003 0.0002 0.0002 0.0003 0.0005 0.0002 0.0004 0.0009 0.0004 0.0006 0.0003 0.0004 0.0003 0.0005 0.0003 0.0003 0.0002 0.0002 0.0004 0.0004 0.0002 0.0003 0.0002 0.0007 0.0004 
0.0001 0.0004 0.0001 0.0003 0.0001 0.0001 0.0002 0.0001 0.0002 0.0002 0.0002 0.0001 0.0001 0.0003 0.0002 0.0004 0.0002 0.0002 0.0002 0.0001 0.0002 0.0002 0.0008 0.0004 0.0002 0.0003 0.0006 0.0002 0.0003 0.0003 0.0004 0.0003 0.0005 0.0003 0.0002 0.0008 0.0004 0.0002 0.0001 0.0002 0.0003 0.0002 0.0004 0.0003 0.0003 0.0006 0.0008 0.0004 0.0005 0.0004 0.0002 0.0003 0.0004 0.0005 0.0003 0.0003 0.0003 0.0004 0.0003 0.0004 0.0003 0.0005 0.0006 0.0002 
0.0002 0.0002 0.0003 0.0003 0.0001 0.0001 0.0002 0.0001 0.0002 0.0002 0.0001 0.0002 0.0002 0.0003 0.0002 0.0002 0.0002 0.0001 0.0002 0.0001 0.0003 0.0004 0.0004 0.0002 0.0003 0.0003 0.0003 0.0004 0.0003 0.0001 0.0003 0.0003 0.0003 0.0005 0.0002 0.0002 0.0004 0.0004 0.0004 0.0003 0.0002 0.0002 0.0004 0.0005 0.0002 0.0008 0.0004 0.0004 0.0003 0.0003 0.0005 0.0005 0.0003 0.0003 0.0004 0.0002 0.0004 0.0003 0.0004 0.0003 0.0006 0.0004 0.0003 0.0002 
0.0002 0.0005 0.0001 0.0002 0.0000 0.0001 0.0001 0.0001 0.0002 0.0001 0.0002 0.0001 0.0001 0.0001 0.0003 0.0003 0.0004 0.0002 0.0002 0.0002 0.0002 0.0004 0.0004 0.0001 0.0003 0.0001 0.0002 0.0001 0.0002 0.0002 0.0003 0.0003 0.0002 0.0006 0.0003 0.0004 0.0001 0.0004 0.0003 0.0005 0.0003 0.0003 0.0001 0.0006 0.0001 0.0005 0.0004 0.0002 0.0008 0.0008 0.0005 0.0004 0.0003 0.0003 0.0002 0.0004 0.0002 0.0003 0.0004 0.0004 0.0004 0.0004 0.0004 0.0004 
0.0003 0.0002 0.0001 0.0002 0.0001 0.0001 0.0001 0.0001 0.0001 0.0004 0.0002 0.0002 0.0001 0.0002 0.0003 0.0003 0.0003 0.0002 0.0005 0.0003 0.0002 0.0003 0.0003 0.0001 0.0003 0.0001 0.0003 0.0001 0.0001 0.0004 0.0002 0.0002 0.0001 0.0003 0.0004 0.0002 0.0005 0.0001 0.0005 0.0002 0.0001 0.0004 0.0003 0.0007 0.0005 0.0006 0.0003 0.0003 0.0008 0.0004 0.0004 0.0003 0.0003 0.0005 0.0006 0.0003 0.0003 0.0003 0.0005 0.0002 0.0004 0.0003 0.0003 0.0002 
0.0003 0.0004 0.0001 0.0002 0.0003 0.0001 0.0002 0.0001 0.0002 0.0001 0.0003 0.0003 0.0002 0.0004 0.0002 0.0002 0.0002 0.0002 0.0004 0.0002 0.0004 0.0006 0.0003 0.0003 0.0002 0.0003 0.0002 0.0002 0.0003 0.0003 0.0002 0.0004 0.0007 0.0005 0.0005 0.0005 0.0001 0.0002 0.0002 0.0002 0.0002 0.0003 0.0003 0.0009 0.0003 0.0004 0.0003 0.0004 0.0005 0.0006 0.0007 0.0004 0.0004 0.0007 0.0005 0.0003 0.0002 0.0002 0.0003 0.0006 0.0001 0.0003 0.0002 0.0003 
0.0001 0.0004 0.0001 0.0001 0.0001 0.0001 0.0001 0.0002 0.0002 0.0003 0.0002 0.0002 0.0002 0.0004 0.0002 0.0000 0.0002 0.0002 0.0003 0.0003 0.0003 0.0003 0.0002 0.0004 0.0003 0.0002 0.0001 0.0003 0.0005 0.0002 0.0004 0.0004 0.0005 0.0002 0.0004 0.0007 0.0004 0.0002 0.0004 0.0003 0.0002 0.0003 0.0002 0.0002 0.0004 0.0003 0.0006 0.0003 0.0004 0.0005 0.0004 0.0006 0.0002 0.0003 0.0005 0.0003 0.0004 0.0003 0.0004 0.0003 0.0002 0.0003 0.0005 0.0003 
0.0001 0.0002 0.0001 0.0002 0.0001 0.0002 0.0001 0.0001 0.0003 0.0002 0.0002 0.0002 0.0002 0.0003 0.0003 0.0003 0.0001 0.0002 0.0003 0.0002 0.0004 0.0005 0.0003 0.0002 0.0001 0.0004 0.0003 0.0007 0.0004 0.0006 0.0007 0.0003 0.0005 0.0004 0.0003 0.0004 0.0001 0.0003 0.0002 0.0002 0.0004 0.0004 0.0005 0.0002 0.0002 0.0005 0.0002 0.0006 0.0004 0.0004 0.0005 0.0008 0.0005 0.0003 0.0001 0.0004 0.0004 0.0004 0.0004 0.0002 0.0003 0.0001 0.0004 0.0004 
0.0001 0.0003 0.0001 0.0001 0.0002 0.0002 0.0002 0.0002 0.0004 0.0001 0.0001 0.0002 0.0002 0.0003 0.0003 0.0002 0.0001 0.0001 0.0003 0.0004 0.0002 0.0004 0.0006 0.0005 0.0006 0.0005 0.0003 0.0003 0.0004 0.0002 0.0004 0.0002 0.0005 0.0004 0.0004 0.0001 0.0006 0.0005 0.0003 0.0004 0.0001 0.0004 0.0003 0.0003 0.0003 0.0002 0.0002 0.0003 0.0006 0.0007 0.0003 0.0006 0.0003 0.0003 0.0004 0.0004 0.0005 0.0001 0.0003 0.0004 0.0006 0.0004 0.0003 0.0002 
0.0001 0.0004 0.0002 0.0002 0.0002 0.0002 0.0003 0.0003 0.0004 0.0003 0.0003 0.0002 0.0002 0.0002 0.0003 0.0004 0.0003 0.0003 0.0003 0.0004 0.0003 0.0003 0.0004 0.0003 0.0003 0.0001 0.0003 0.0004 0.0002 0.0003 0.0002 0.0009 0.0004 0.0005 0.0003 0.0002 0.0003 0.0004 0.0003 0.0004 0.0003 0.0004 0.0004 0.0006 0.0003 0.0003 0.0008 0.0002 0.0004 0.0004 0.0003 0.0002 0.0003 0.0004 0.0006 0.0003 0.0004 0.0003 0.0003 0.0004 0.0004 0.0003 0.0003 0.0003 
0.0002 0.0009 0.0003 0.0004 0.0002 0.0003 0.0003 0.0002 0.0001 0.0002 0.0003 0.0002 0.0001 0.0003 0.0005 0.0003 0.0001 0.0003 0.0001 0.0003 0.0001 0.0003 0.0003 0.0006 0.0007 0.0003 0.0002 0.0002 0.0001 0.0006 0.0003 0.0005 0.0004 0.0003 0.0001 0.0003 0.0004 0.0003 0.0004 0.0002 0.0004 0.0002 0.0004 0.0004 0.0005 0.0004 0.0006 0.0005 0.0004 0.0002 0.0004 0.0003 0.0002 0.0004 0.0004 0.0005 0.0005 0.0001 0.0001 0.0004 0.0003 0.0003 0.0002 0.0004 
0.0027 0.0073 0.0045 0.0018 0.0012 0.0013 0.0010 0.0009 0.0007 0.0009 0.0007 0.0003 0.0003 0.0002 0.0001 0.0004 0.0003 0.0007 0.0005 0.0003 0.0002 0.0004 0.0005 0.0003 0.0008 0.0004 0.0005 0.0003 0.0006 0.0006 0.0006 0.0002 0.0003 0.0004 0.0003 0.0002 0.0004 0.0009 0.0002 0.0006 0.0003 0.0004 0.0004 0.0010 0.0003 0.0006 0.0004 0.0002 0.0002 0.0004 0.0006 0.0007 0.0008 0.0006 0.0005 0.0002 0.0003 0.0003 0.0003 0.0002 0.0004 0.0003 0.0002 0.0003 
0.0119 0.0382 0.0175 0.0022 0.0058 0.0036 0.0010 0.0003 0.0001 0.0004 0.0007 0.0003 0.0003 0.0010 0.0011 0.0022 0.0011 0.0005 0.0009 0.0007 0.0007 0.0004 0.0013 0.0004 0.0013 0.0011 0.0014 0.0014 0.0016 0.0006 0.0016 0.0012 0.0005 0.0005 0.0005 0.0005 0.0006 0.0008 0.0005 0.0005 0.0003 0.0004 0.0012 0.0005 0.0005 0.0005 0.0006 0.0002 0.0004 0.0006 0.0008 0.0009 0.0004 0.0003 0.0004 0.0003 0.0003 0.0004 0.0004 0.0003 0.0005 0.0001 0.0005 0.0005 
0.0031 0.0591 0.0377 0.0060 0.0144 0.0060 0.0023 0.0015 0.0017 0.0014 0.0017 0.0019 0.0017 0.0017 0.0041 0.0053 0.0010 0.0022 0.0010 0.0013 0.0010 0.0007 0.0034 0.0005 0.0058 0.0099 0.0104 0.0187 0.0231 0.0131 0.0107 0.0031 0.0024 0.0011 0.0014 0.0012 0.0010 0.0009 0.0008 0.0006 0.0006 0.0004 0.0012 0.0008 0.0005 0.0009 0.0014 0.0017 0.0015 0.0014 0.0015 0.0009 0.0006 0.0005 0.0006 0.0010 0.0008 0.0005 0.0003 0.0002 0.0004 0.0006 0.0002 0.0002 
0.0157 0.0726 0.0721 0.0116 0.0222 0.0139 0.0074 0.0051 0.0046 0.0032 0.0021 0.0024 0.0026 0.0022 0.0051 0.0124 0.0011 0.0017 0.0009 0.0016 0.0011 0.0019 0.0039 0.0007 0.0023 0.0037 0.0018 0.0034 0.0063 0.0047 0.0032 0.0015 0.0015 0.0007 0.0008 0.0005 0.0010 0.0004 0.0014 0.0008 0.0008 0.0007 0.0010 0.0010 0.0007 0.0006 0.0006 0.0008 0.0009 0.0009 0.0009 0.0007 0.0003 0.0007 0.0007 0.0007 0.0008 0.0008 0.0004 0.0006 0.0007 0.0008 0.0007 0.0006 
0.0290 0.0823 0.0667 0.0166 0.0212 0.0250 0.0126 0.0039 0.0076 0.0068 0.0039 0.0048 0.0045 0.0056 0.0091 0.0133 0.0027 0.0028 0.0030 0.0024 0.0020 0.0011 0.0021 0.0018 0.0014 0.0021 0.0024 0.0036 0.0012 0.0022 0.0043 0.0057 0.0023 0.0014 0.0011 0.0019 0.0013 0.0018 0.0023 0.0024 0.0013 0.0015 0.0012 0.0014 0.0022 0.0015 0.0018 0.0012 0.0024 0.0009 0.0009 0.0020 0.0008 0.0013 0.0012 0.0010 0.0010 0.0012 0.0013 0.0008 0.0013 0.0012 0.0009 0.0012 
0.0485 0.0817 0.0441 0.0175 0.0199 0.0130 0.0066 0.0033 0.0036 0.0037 0.0042 0.0032 0.0043 0.0051 0.0111 0.0206 0.0185 0.0232 0.0363 0.0257 0.0137 0.0049 0.0079 0.0028 0.0157 0.0116 0.0152 0.0101 0.0108 0.0156 0.0289 0.0287 0.0136 0.0035 0.0026 0.0089 0.0198 0.0138 0.0067 0.0034 0.0012 0.0018 0.0035 0.0111 0.0066 0.0115 0.0138 0.0049 0.0101 0.0065 0.0057 0.0071 0.0013 0.0011 0.0009 0.0013 0.0014 0.0015 0.0013 0.0011 0.0008 0.0002 0.0005 0.0005 
0.0144 0.1099 0.0807 0.0136 0.0294 0.0160 0.0079 0.0075 0.0116 0.0105 0.0195 0.0096 0.0124 0.0093 0.0187 0.0454 0.0848 0.0632 0.0314 0.0294 0.0234 0.0058 0.0289 0.0221 0.0613 0.0291 0.0365 0.0355 0.0372 0.0154 0.0536 0.0236 0.0340 0.0269 0.0271 0.0517 0.0492 0.0267 0.0287 0.0204 0.0290 0.0244 0.0659 0.0554 0.0271 0.0411 0.0830 0.1109 0.0308 0.0184 0.0260 0.0198 0.0147 0.0149 0.0389 0.0218 0.0102 0.0122 0.0084 0.0029 0.0045 0.0041 0.0040 0.0042 
0.0301 0.1505 0.1893 0.0824 0.1100 0.0199 0.0201 0.0167 0.0438 0.0218 0.0264 0.0082 0.0253 0.0411 0.1389 0.4024 0.7097 0.2842 0.1641 0.1154 0.0774 0.0651 0.1513 0.0686 0.1286 0.1424 0.1372 0.1933 0.1946 0.1404 0.1634 0.1177 0.0853 0.0141 0.0268 0.0232 0.0125 0.0100 0.0232 0.0141 0.0104 0.0161 0.0172 0.0122 0.0060 0.0268 0.0197 0.0344 0.0283 0.0216 0.0182 0.0221 0.0150 0.0184 0.0146 0.0096 0.0040 0.0040 0.0027 0.0030 0.0019 0.0009 0.0012 0.0007 
0.0177 0.1116 0.1496 0.1461 0.1919 0.0328 0.0239 0.0197 0.0518 0.0461 0.0343 0.0259 0.0391 0.0599 0.1644 0.5139 0.9995 0.4332 0.2710 0.2011 0.1484 0.0832 0.3028 0.0976 0.2648 0.2226 0.2468 0.3179 0.3055 0.2124 0.2132 0.1373 0.0526 0.0095 0.0207 0.0139 0.0168 0.0048 0.0137 0.0031 0.0058 0.0032 0.0021 0.0073 0.0052 0.0070 0.0080 0.0086 0.0103 0.0164 0.0078 0.0053 0.0050 0.0017 0.0033 0.0032 0.0022 0.0023 0.0014 0.0012 0.0008 0.0008 0.0007 0.0005 
0.0184 0.0661 0.1087 0.1460 0.2074 0.0812 0.0742 0.0518 0.0878 0.0636 0.0677 0.0425 0.0771 0.1016 0.1924 0.4589 0.7241 0.4589 0.2544 0.1534 0.0657 0.0627 0.1572 0.1038 0.2244 0.1506 0.1543 0.1970 0.1571 0.1591 0.1237 0.1134 0.0794 0.0213 0.0304 0.0162 0.0167 0.0108 0.0122 0.0095 0.0104 0.0101 0.0104 0.0100 0.0109 0.0093 0.0118 0.0089 0.0102 0.0202 0.0091 0.0059 0.0050 0.0054 0.0062 0.0074 0.0060 0.0067 0.0048 0.0050 0.0067 0.0064 0.0069 0.0069 
0.0247 0.0770 0.0231 0.1469 0.1541 0.0746 0.0445 0.0457 0.0785 0.0423 0.0465 0.0473 0.0829 0.1446 0.2901 0.6121 0.3571 0.2321 0.1651 0.0760 0.0454 0.0435 0.0964 0.0899 0.1293 0.1009 0.1024 0.1097 0.1764 0.1581 0.1425 0.0936 0.0496 0.0207 0.0326 0.0216 0.0274 0.0161 0.0193 0.0155 0.0099 0.0129 0.0121 0.0121 0.0094 0.0107 0.0113 0.0126 0.0108 0.0136 0.0062 0.0099 0.0087 0.0080 0.0073 0.0077 0.0084 0.0082 0.0084 0.0085 0.0081 0.0078 0.0081 0.0077 
0.0225 0.0598 0.1177 0.0512 0.0857 0.0478 0.0118 0.0111 0.0088 0.0052 0.0144 0.0152 0.0369 0.0591 0.0863 0.0428 0.1403 0.0541 0.0558 0.0507 0.0101 0.0534 0.0443 0.0386 0.0456 0.0444 0.0689 0.0646 0.0784 0.0376 0.0385 0.0307 0.0104 0.0074 0.0044 0.0027 0.0086 0.0057 0.0038 0.0021 0.0007 0.0020 0.0028 0.0016 0.0015 0.0022 0.0012 0.0018 0.0017 0.0019 0.0008 0.0007 0.0005 0.0010 0.0010 0.0012 0.0008 0.0004 0.0006 0.0003 0.0004 0.0003 0.0002 0.0003 
0.0237 0.0992 0.0415 0.0530 0.0489 0.0321 0.0084 0.0166 0.0196 0.0121 0.0090 0.0129 0.0170 0.0361 0.0684 0.1080 0.0894 0.0456 0.0353 0.0068 0.0069 0.0220 0.0605 0.0381 0.0086 0.0392 0.0270 0.0402 0.0376 0.0343 0.0178 0.0288 0.0036 0.0060 0.0021 0.0053 0.0026 0.0036 0.0025 0.0031 0.0028 0.0026 0.0025 0.0025 0.0023 0.0024 0.0012 0.0026 0.0029 0.0023 0.0019 0.0016 0.0028 0.0018 0.0020 0.0016 0.0020 0.0021 0.0019 0.0017 0.0019 0.0018 0.0016 0.0018 
0.0413 0.1294 0.0552 0.0303 0.0449 0.0207 0.0072 0.0106 0.0173 0.0104 0.0147 0.0135 0.0085 0.0211 0.0185 0.0175 0.0641 0.0380 0.0240 0.0294 0.0212 0.0149 0.0249 0.0114 0.0330 0.0248 0.0324 0.0340 0.0494 0.0423 0.0199 0.0125 0.0037 0.0025 0.0042 0.0030 0.0050 0.0019 0.0041 0.0013 0.0012 0.0010 0.0015 0.0006 0.0010 0.0013 0.0006 0.0016 0.0010 0.0011 0.0017 0.0008 0.0008 0.0005 0.0009 0.0008 0.0009 0.0007 0.0007 0.0011 0.0009 0.0010 0.0008 0.0008 
0.0729 0.0861 0.0692 0.0396 0.0298 0.0186 0.0157 0.0134 0.0253 0.0197 0.0204 0.0212 0.0335 0.0129 0.0493 0.0894 0.0854 0.0872 0.0915 0.0736 0.0466 0.0472 0.0579 0.0446 0.0554 0.0671 0.0995 0.0761 0.1427 0.0489 0.0913 0.0488 0.0417 0.0379 0.0285 0.0424 0.0266 0.0274 0.0197 0.0236 0.0201 0.0205 0.0174 0.0182 0.0168 0.0178 0.0139 0.0167 0.0155 0.0150 0.0143 0.0138 0.0144 0.0139 0.0132 0.0134 0.0133 0.0127 0.0130 0.0128 0.0127 0.0125 0.0126 0.0125 
0.0158 0.0932 0.1812 0.1000 0.0932 0.0261 0.0182 0.0094 0.0250 0.0177 0.0110 0.0204 0.0212 0.0442 0.0697 0.0938 0.1870 0.3051 0.2807 0.1683 0.1103 0.0851 0.0806 0.0793 0.1684 0.1700 0.1765 0.1490 0.1621 0.1385 0.1224 0.1178 0.0469 0.0309 0.0307 0.0196 0.0314 0.0248 0.0195 0.0196 0.0184 0.0170 0.0159 0.0152 0.0154 0.0149 0.0142 0.0124 0.0114 0.0130 0.0123 0.0118 0.0130 0.0121 0.0118 0.0119 0.0116 0.0117 0.0112 0.0111 0.0110 0.0112 0.0112 0.0110 
0.0060 0.1478 0.2403 0.1443 0.0614 0.0143 0.0143 0.0154 0.0269 0.0134 0.0110 0.0093 0.0172 0.0183 0.0482 0.0777 0.1793 0.3216 0.3422 0.2364 0.1071 0.0476 0.0976 0.0852 0.3404 0.2383 0.2113 0.1727 0.1895 0.1699 0.1644 0.1126 0.0414 0.0209 0.0173 0.0098 0.0131 0.0020 0.0017 0.0023 0.0015 0.0014 0.0020 0.0015 0.0013 0.0017 0.0008 0.0012 0.0054 0.0025 0.0014 0.0012 0.0008 0.0011 0.0008 0.0009 0.0007 0.0008 0.0007 0.0008 0.0010 0.0007 0.0006 0.0007 
0.0344 0.1550 0.1795 0.1023 0.0765 0.0147 0.0045 0.0092 0.0159 0.0232 0.0097 0.0129 0.0152 0.0160 0.0544 0.1147 0.1249 0.1714 0.2597 0.2161 0.0932 0.0498 0.0579 0.0617 0.2254 0.1430 0.0911 0.1800 0.1780 0.0822 0.1431 0.1060 0.0457 0.0300 0.0137 0.0165 0.0160 0.0086 0.0078 0.0074 0.0067 0.0062 0.0062 0.0059 0.0058 0.0054 0.0055 0.0058 0.0063 0.0065 0.0046 0.0042 0.0044 0.0046 0.0043 0.0045 0.0043 0.0045 0.0035 0.0044 0.0040 0.0044 0.0044 0.0041 
0.0406 0.1057 0.1578 0.0992 0.1033 0.0240 0.0137 0.0183 0.0181 0.0215 0.0130 0.0209 0.0184 0.0237 0.0388 0.0701 0.1679 0.3042 0.1149 0.1239 0.0788 0.0481 0.0502 0.0739 0.0982 0.0677 0.0645 0.0852 0.1058 0.0864 0.0858 0.0405 0.0361 0.0306 0.0161 0.0118 0.0052 0.0053 0.0064 0.0054 0.0052 0.0043 0.0046 0.0045 0.0046 0.0043 0.0042 0.0044 0.0029 0.0032 0.0039 0.0032 0.0032 0.0030 0.0034 0.0031 0.0032 0.0030 0.0035 0.0031 0.0033 0.0030 0.0036 0.0027 
0.0108 0.0710 0.0274 0.0716 0.1657 0.0418 0.0104 0.0316 0.0210 0.0109 0.0213 0.0149 0.0275 0.0060 0.0797 0.0909 0.2696 0.2486 0.1238 0.1009 0.0789 0.0271 0.0506 0.0666 0.1197 0.0791 0.0822 0.0566 0.0959 0.1272 0.1145 0.1258 0.0673 0.0562 0.0272 0.0186 0.0047 0.0023 0.0023 0.0018 0.0027 0.0029 0.0023 0.0027 0.0024 0.0025 0.0027 0.0025 0.0020 0.0025 0.0024 0.0035 0.0023 0.0024 0.0022 0.0026 0.0023 0.0021 0.0022 0.0021 0.0024 0.0026 0.0021 0.0021 
0.0030 0.0782 0.0445 0.0542 0.1334 0.0219 0.0163 0.0197 0.0145 0.0145 0.0135 0.0212 0.0176 0.0250 0.0464 0.0924 0.2561 0.0897 0.0603 0.0213 0.0204 0.0334 0.0439 0.0277 0.0626 0.0370 0.0229 0.0215 0.0256 0.0412 0.0549 0.0735 0.0291 0.0407 0.0155 0.0172 0.0023 0.0053 0.0046 0.0043 0.0040 0.0041 0.0037 0.0033 0.0031 0.0032 0.0031 0.0029 0.0034 0.0024 0.0028 0.0026 0.0023 0.0024 0.0021 0.0027 0.0023 0.0025 0.0025 0.0022 0.0023 0.0024 0.0021 0.0024 
0.0151 0.0400 0.0385 0.0695 0.0378 0.0082 0.0091 0.0044 0.0029 0.0079 0.0039 0.0064 0.0129 0.0086 0.0075 0.0164 0.0446 0.0317 0.0274 0.0156 0.0159 0.0200 0.0124 0.0234 0.0074 0.0100 0.0050 0.0208 0.0064 0.0280 0.0227 0.0225 0.0086 0.0122 0.0072 0.0081 0.0062 0.0014 0.0016 0.0006 0.0005 0.0018 0.0021 0.0016 0.0009 0.0010 0.0002 0.0014 0.0013 0.0013 0.0010 0.0005 0.0007 0.0002 0.0004 0.0007 0.0002 0.0004 0.0004 0.0006 0.0003 0.0004 0.0002 0.0004 
0.0056 0.0512 0.0198 0.0432 0.0150 0.0050 0.0062 0.0037 0.0046 0.0030 0.0017 0.0035 0.0017 0.0024 0.0036 0.0078 0.0441 0.0174 0.0072 0.0166 0.0103 0.0057 0.0096 0.0088 0.0175 0.0058 0.0051 0.0096 0.0056 0.0191 0.0151 0.0100 0.0072 0.0053 0.0030 0.0039 0.0011 0.0011 0.0009 0.0010 0.0011 0.0012 0.0006 0.0005 0.0012 0.0011 0.0007 0.0011 0.0006 0.0008 0.0008 0.0013 0.0011 0.0014 0.0010 0.0010 0.0009 0.0006 0.0008 0.0012 0.0010 0.0010 0.0009 0.0007 
0.0032 0.0322 0.0183 0.0183 0.0175 0.0057 0.0027 0.0023 0.0023 0.0013 0.0014 0.0010 0.0029 0.0020 0.0037 0.0032 0.0193 0.0088 0.0124 0.0010 0.0098 0.0055 0.0057 0.0089 0.0109 0.0019 0.0063 0.0041 0.0070 0.0080 0.0069 0.0115 0.0059 0.0035 0.0016 0.0013 0.0010 0.0009 0.0005 0.0003 0.0006 0.0004 0.0004 0.0008 0.0003 0.0004 0.0004 0.0002 0.0009 0.0007 0.0002 0.0006 0.0003 0.0006 0.0002 0.0003 0.0002 0.0002 0.0004 0.0003 0.0001 0.0002 0.0003 0.0003 
0.0026 0.0265 0.0154 0.0099 0.0258 0.0021 0.0021 0.0012 0.0012 0.0012 0.0006 0.0009 0.0005 0.0008 0.0027 0.0030 0.0066 0.0097 0.0072 0.0059 0.0035 0.0018 0.0046 0.0062 0.0044 0.0040 0.0025 0.0019 0.0033 0.0069 0.0058 0.0066 0.0020 0.0023 0.0005 0.0006 0.0009 0.0007 0.0006 0.0005 0.0007 0.0005 0.0004 0.0001 0.0004 0.0004 0.0002 0.0006 0.0013 0.0005 0.0004 0.0001 0.0005 0.0006 0.0005 0.0005 0.0005 0.0002 0.0002 0.0002 0.0002 0.0002 0.0002 0.0007 
0.0040 0.0212 0.0171 0.0146 0.0170 0.0031 0.0009 0.0009 0.0008 0.0007 0.0001 0.0009 0.0012 0.0008 0.0020 0.0037 0.0071 0.0044 0.0038 0.0021 0.0028 0.0040 0.0017 0.0037 0.0029 0.0017 0.0012 0.0013 0.0040 0.0036 0.0027 0.0034 0.0010 0.0008 0.0006 0.0006 0.0004 0.0002 0.0006 0.0004 0.0007 0.0005 0.0003 0.0005 0.0003 0.0004 0.0001 0.0003 0.0007 0.0005 0.0001 0.0003 0.0004 0.0002 0.0002 0.0003 0.0003 0.0004 0.0004 0.0003 0.0004 0.0002 0.0003 0.0006 
0.0047 0.0176 0.0055 0.0083 0.0085 0.0025 0.0006 0.0006 0.0011 0.0005 0.0007 0.0007 0.0007 0.0011 0.0036 0.0026 0.0058 0.0042 0.0013 0.0030 0.0024 0.0034 0.0017 0.0027 0.0016 0.0018 0.0011 0.0015 0.0023 0.0015 0.0025 0.0024 0.0010 0.0008 0.0013 0.0005 0.0007 0.0003 0.0007 0.0004 0.0007 0.0011 0.0011 0.0008 0.0011 0.0017 0.0018 0.0015 0.0026 0.0007 0.0009 0.0013 0.0011 0.0005 0.0011 0.0014 0.0006 0.0004 0.0003 0.0002 0.0003 0.0004 0.0003 0.0007 
0.0032 0.0112 0.0184 0.0077 0.0082 0.0040 0.0008 0.0042 0.0063 0.0047 0.0023 0.0027 0.0011 0.0115 0.0149 0.0188 0.0162 0.0099 0.0116 0.0101 0.0065 0.0033 0.0007 0.0025 0.0082 0.0062 0.0040 0.0076 0.0032 0.0057 0.0045 0.0050 0.0050 0.0036 0.0072 0.0055 0.0031 0.0006 0.0024 0.0014 0.0013 0.0066 0.0043 0.0044 0.0042 0.0134 0.0279 0.0181 0.0469 0.0261 0.0170 0.0191 0.0104 0.0058 0.0016 0.0077 0.0072 0.0051 0.0024 0.0011 0.0007 0.0005 0.0004 0.0002 
0.0031 0.0145 0.0105 0.0043 0.0074 0.0029 0.0026 0.0021 0.0016 0.0025 0.0024 0.0019 0.0022 0.0039 0.0126 0.0061 0.0013 0.0024 0.0042 0.0041 0.0036 0.0028 0.0012 0.0012 0.0033 0.0016 0.0025 0.0017 0.0010 0.0022 0.0009 0.0012 0.0012 0.0021 0.0033 0.0012 0.0013 0.0002 0.0015 0.0013 0.0017 0.0032 0.0014 0.0005 0.0037 0.0066 0.0065 0.0104 0.0088 0.0120 0.0098 0.0042 0.0021 0.0008 0.0006 0.0052 0.0019 0.0009 0.0016 0.0004 0.0004 0.0005 0.0005 0.0003 
0.0024 0.0138 0.0048 0.0052 0.0034 0.0016 0.0011 0.0022 0.0022 0.0007 0.0007 0.0014 0.0018 0.0033 0.0035 0.0023 0.0014 0.0023 0.0021 0.0019 0.0025 0.0016 0.0010 0.0008 0.0014 0.0007 0.0006 0.0004 0.0002 0.0005 0.0004 0.0007 0.0009 0.0003 0.0006 0.0006 0.0006 0.0002 0.0006 0.0006 0.0007 0.0007 0.0007 0.0008 0.0017 0.0027 0.0053 0.0040 0.0041 0.0062 0.0024 0.0013 0.0018 0.0008 0.0004 0.0012 0.0009 0.0009 0.0011 0.0005 0.0003 0.0001 0.0004 0.0004 
0.0006 0.0135 0.0057 0.0022 0.0034 0.0009 0.0017 0.0017 0.0014 0.0006 0.0003 0.0004 0.0009 0.0024 0.0021 0.0006 0.0016 0.0026 0.0014 0.0020 0.0004 0.0003 0.0005 0.0002 0.0007 0.0006 0.0004 0.0004 0.0003 0.0004 0.0002 0.0003 0.0002 0.0005 0.0007 0.0010 0.0008 0.0003 0.0004 0.0003 0.0007 0.0007 0.0009 0.0004 0.0008 0.0027 0.0011 0.0011 0.0033 0.0017 0.0012 0.0008 0.0003 0.0005 0.0003 0.0007 0.0004 0.0002 0.0008 0.0003 0.0004 0.0005 0.0005 0.0003 
0.0020 0.0068 0.0032 0.0022 0.0012 0.0006 0.0007 0.0011 0.0008 0.0003 0.0001 0.0006 0.0007 0.0009 0.0004 0.0004 0.0011 0.0010 0.0009 0.0010 0.0007 0.0002 0.0007 0.0005 0.0003 0.0003 0.0002 0.0004 0.0002 0.0002 0.0003 0.0003 0.0005 0.0004 0.0007 0.0008 0.0002 0.0004 0.0002 0.0001 0.0004 0.0004 0.0006 0.0005 0.0009 0.0014 0.0006 0.0004 0.0024 0.0008 0.0008 0.0010 0.0005 0.0004 0.0005 0.0003 0.0003 0.0003 0.0006 0.0005 0.0003 0.0004 0.0005 0.0004 
0.0010 0.0056 0.0023 0.0014 0.0008 0.0003 0.0002 0.0003 0.0008 0.0004 0.0002 0.0005 0.0003 0.0004 0.0012 0.0002 0.0006 0.0004 0.0008 0.0008 0.0002 0.0002 0.0003 0.0004 0.0004 0.0003 0.0002 0.0003 0.0004 0.0002 0.0003 0.0002 0.0003 0.0004 0.0004 0.0003 0.0004 0.0003 0.0002 0.0003 0.0002 0.0002 0.0003 0.0005 0.0010 0.0008 0.0009 0.0004 0.0009 0.0013 0.0007 0.0006 0.0005 0.0005 0.0003 0.0004 0.0002 0.0003 0.0001 0.0004 0.0005 0.0005 0.0004 0.0003 
0.0004 0.0035 0.0018 0.0009 0.0008 0.0004 0.0003 0.0002 0.0008 0.0005 0.0004 0.0002 0.0003 0.0007 0.0006 0.0006 0.0010 0.0003 0.0005 0.0006 0.0004 0.0004 0.0008 0.0004 0.0001 0.0002 0.0002 0.0002 0.0003 0.0002 0.0002 0.0001 0.0003 0.0003 0.0004 0.0003 0.0002 0.0002 0.0003 0.0003 0.0004 0.0003 0.0003 0.0003 0.0008 0.0007 0.0004 0.0004 0.0009 0.0006 0.0004 0.0004 0.0003 0.0006 0.0001 0.0003 0.0004 0.0003 0.0004 0.0003 0.0003 0.0002 0.0004 0.0003 
0.0007 0.0039 0.0024 0.0005 0.0005 0.0002 0.0002 0.0003 0.0009 0.0004 0.0002 0.0002 0.0003 0.0005 0.0005 0.0002 0.0014 0.0001 0.0002 0.0002 0.0002 0.0004 0.0009 0.0003 0.0002 0.0001 0.0003 0.0002 0.0002 0.0004 0.0004 0.0003 0.0002 0.0001 0.0004 0.0004 0.0004 0.0004 0.0002 0.0003 0.0005 0.0002 0.0004 0.0001 0.0005 0.0002 0.0002 0.0004 0.0007 0.0003 0.0003 0.0004 0.0006 0.0003 0.0002 0.0003 0.0002 0.0003 0.0003 0.0004 0.0001 0.0004 0.0002 0.0005 
0.0002 0.0034 0.0008 0.0013 0.0002 0.0004 0.0003 0.0004 0.0005 0.0004 0.0002 0.0003 0.0002 0.0002 0.0001 0.0002 0.0003 0.0005 0.0003 0.0002 0.0003 0.0003 0.0006 0.0003 0.0002 0.0002 0.0003 0.0003 0.0003 0.0004 0.0004 0.0003 0.0002 0.0003 0.0001 0.0003 0.0003 0.0003 0.0002 0.0001 0.0005 0.0002 0.0005 0.0002 0.0003 0.0002 0.0002 0.0005 0.0007 0.0002 0.0004 0.0005 0.0003 0.0004 0.0002 0.0002 0.0004 0.0002 0.0003 0.0005 0.0003 0.0004 0.0003 0.0003 
0.0007 0.0009 0.0007 0.0007 0.0002 0.0003 0.0002 0.0004 0.0009 0.0004 0.0003 0.0002 0.0002 0.0001 0.0001 0.0003 0.0005 0.0005 0.0001 0.0003 0.0004 0.0002 0.0002 0.0003 0.0003 0.0004 0.0003 0.0001 0.0003 0.0003 0.0002 0.0005 0.0003 0.0003 0.0003 0.0003 0.0002 0.0002 0.0006 0.0004 0.0004 0.0002 0.0002 0.0003 0.0004 0.0003 0.0002 0.0003 0.0006 0.0003 0.0005 0.0004 0.0005 0.0003 0.0005 0.0002 0.0004 0.0002 0.0004 0.0002 0.0002 0.0002 0.0003 0.0007 
0.0001 0.0011 0.0004 0.0006 0.0002 0.0001 0.0002 0.0004 0.0004 0.0003 0.0003 0.0001 0.0001 0.0002 0.0002 0.0002 0.0004 0.0005 0.0002 0.0006 0.0003 0.0001 0.0003 0.0002 0.0002 0.0004 0.0002 0.0003 0.0001 0.0003 0.0002 0.0002 0.0003 0.0002 0.0004 0.0002 0.0002 0.0002 0.0004 0.0003 0.0002 0.0003 0.0002 0.0004 0.0003 0.0001 0.0002 0.0003 0.0004 0.0008 0.0002 0.0002 0.0002 0.0003 0.0003 0.0001 0.0002 0.0001 0.0003 0.0002 0.0002 0.0002 0.0003 0.0003 
0.0005 0.0022 0.0007 0.0005 0.0005 0.0002 0.0003 0.0003 0.0003 0.0001 0.0001 0.0003 0.0003 0.0003 0.0002 0.0003 0.0003 0.0005 0.0001 0.0003 0.0002 0.0002 0.0002 0.0002 0.0003 0.0003 0.0004 0.0003 0.0002 0.0004 0.0001 0.0004 0.0003 0.0003 0.0002 0.0002 0.0002 0.0003 0.0005 0.0003 0.0003 0.0002 0.0003 0.0003 0.0003 0.0005 0.0005 0.0003 0.0002 0.0002 0.0006 0.0005 0.0002 0.0004 0.0005 0.0003 0.0003 0.0002 0.0002 0.0001 0.0001 0.0002 0.0003 0.0002 
0.0005 0.0028 0.0009 0.0004 0.0001 0.0002 0.0000 0.0003 0.0006 0.0001 0.0002 0.0004 0.0002 0.0002 0.0001 0.0002 0.0002 0.0002 0.0003 0.0002 0.0002 0.0001 0.0002 0.0002 0.0001 0.0005 0.0004 0.0003 0.0005 0.0001 0.0001 0.0003 0.0005 0.0005 0.0003 0.0003 0.0003 0.0005 0.0003 0.0002 0.0002 0.0003 0.0002 0.0002 0.0005 0.0005 0.0004 0.0005 0.0004 0.0004 0.0005 0.0004 0.0003 0.0002 0.0004 0.0002 0.0003 0.0003 0.0005 0.0002 0.0004 0.0005 0.0006 0.0004 
0.0002 0.0016 0.0005 0.0004 0.0002 0.0002 0.0001 0.0001 0.0003 0.0002 0.0003 0.0001 0.0003 0.0001 0.0002 0.0003 0.0001 0.0002 0.0001 0.0001 0.0002 0.0002 0.0003 0.0002 0.0003 0.0003 0.0005 0.0001 0.0002 0.0002 0.0003 0.0004 0.0003 0.0002 0.0003 0.0001 0.0002 0.0003 0.0003 0.0005 0.0003 0.0003 0.0002 0.0003 0.0003 0.0004 0.0006 0.0006 0.0005 0.0004 0.0003 0.0002 0.0004 0.0004 0.0003 0.0004 0.0003 0.0003 0.0003 0.0003 0.0004 0.0004 0.0002 0.0002 
0.0002 0.0010 0.0005 0.0001 0.0003 0.0001 0.0002 0.0003 0.0002 0.0004 0.0003 0.0003 0.0002 0.0002 0.0002 0.0001 0.0005 0.0003 0.0002 0.0002 0.0003 0.0003 0.0001 0.0005 0.0003 0.0003 0.0004 0.0004 0.0005 0.0003 0.0004 0.0006 0.0006 0.0005 0.0004 0.0003 0.0003 0.0002 0.0003 0.0004 0.0002 0.0003 0.0003 0.0003 0.0002 0.0003 0.0006 0.0004 0.0004 0.0005 0.0005 0.0001 0.0003 0.0002 0.0005 0.0003 0.0001 0.0002 0.0003 0.0004 0.0003 0.0003 0.0004 0.0003 
0.0001 0.0004 0.0002 0.0002 0.0004 0.0002 0.0001 0.0001 0.0003 0.0001 0.0002 0.0003 0.0004 0.0002 0.0001 0.0003 0.0003 0.0003 0.0001 0.0001 0.0001 0.0002 0.0002 0.0001 0.0001 0.0002 0.0003 0.0002 0.0003 0.0002 0.0004 0.0005 0.0002 0.0005 0.0003 0.0004 0.0003 0.0002 0.0004 0.0002 0.0005 0.0004 0.0003 0.0004 0.0003 0.0005 0.0006 0.0006 0.0004 0.0005 0.0003 0.0003 0.0004 0.0001 0.0004 0.0002 0.0005 0.0003 0.0003 0.0002 0.0005 0.0005 0.0002 0.0004 
