0.0002 0.0002 0.0003 0.0002 0.0002 0.0002 0.0002 0.0001 0.0003 0.0004 0.0005 0.0005 0.0005 0.0003 0.0003 0.0007 0.0010 0.0005 0.0003 0.0005 0.0006 0.0006 0.0007 0.0004 0.0008 0.0007 0.0005 0.0008 0.0001 0.0006 0.0003 0.0005 0.0011 0.0008 0.0005 0.0010 0.0014 0.0009 0.0012 0.0010 0.0008 0.0012 0.0011 0.0009 0.0006 0.0006 0.0006 0.0009 0.0008 0.0011 0.0009 0.0007 0.0006 0.0007 0.0013 0.0008 0.0012 0.0010 0.0015 0.0010 0.0012 0.0005 0.0007 0.0004 
0.0001 0.0001 0.0001 0.0002 0.0003 0.0004 0.0003 0.0003 0.0005 0.0003 0.0006 0.0004 0.0004 0.0002 0.0005 0.0004 0.0002 0.0005 0.0003 0.0001 0.0003 0.0007 0.0003 0.0005 0.0005 0.0007 0.0005 0.0007 0.0006 0.0003 0.0005 0.0008 0.0008 0.0006 0.0004 0.0005 0.0011 0.0008 0.0003 0.0007 0.0013 0.0009 0.0014 0.0009 0.0004 0.0004 0.0008 0.0012 0.0006 0.0011 0.0006 0.0012 0.0015 0.0009 0.0010 0.0009 0.0014 0.0010 0.0010 0.0004 0.0010 0.0006 0.0010 0.0004 
0.0001 0.0002 0.0003 0.0003 0.0002 0.0002 0.0003 0.0004 0.0003 0.0004 0.0001 0.0006 0.0003 0.0003 0.0004 0.0006 0.0011 0.0003 0.0005 0.0005 0.0003 0.0003 0.0009 0.0004 0.0008 0.0002 0.0004 0.0007 0.0007 0.0007 0.0004 0.0008 0.0005 0.0005 0.0006 0.0009 0.0008 0.0007 0.0008 0.0007 0.0004 0.0008 0.0011 0.0005 0.0006 0.0009 0.0012 0.0008 0.0006 0.0005 0.0023 0.0014 0.0008 0.0010 0.0007 0.0009 0.0008 0.0009 0.0013 0.0012 0.0013 0.0015 0.0006 0.0005 
0.0001 0.0002 0.0002 0.0002 0.0001 0.0002 0.0004 0.0006 0.0005 0.0006 0.0005 0.0005 0.0003 0.0002 0.0003 0.0005 0.0003 0.0007 0.0003 0.0003 0.0005 0.0004 0.0003 0.0004 0.0004 0.0004 0.0008 0.0004 0.0003 0.0003 0.0009 0.0008 0.0013 0.0006 0.0012 0.0006 0.0005 0.0006 0.0009 0.0009 0.0012 0.0009 0.0012 0.0008 0.0006 0.0006 0.0004 0.0011 0.0011 0.0009 0.0011 0.0014 0.0008 0.0004 0.0013 0.0008 0.0015 0.0005 0.0012 0.0006 0.0007 0.0014 0.0010 0.0003 
0.0002 0.0002 0.0003 0.0001 0.0003 0.0004 0.0004 0.0003 0.0005 0.0002 0.0003 0.0004 0.0002 0.0003 0.0008 0.0005 0.0003 0.0005 0.0007 0.0008 0.0006 0.0005 0.0007 0.0005 0.0005 0.0006 0.0005 0.0006 0.0013 0.0007 0.0003 0.0009 0.0005 0.0011 0.0010 0.0007 0.0007 0.0005 0.0009 0.0004 0.0010 0.0007 0.0011 0.0007 0.0009 0.0005 0.0005 0.0007 0.0006 0.0009 0.0012 0.0003 0.0003 0.0012 0.0003 0.0009 0.0007 0.0008 0.0011 0.0004 0.0006 0.0009 0.0006 0.0005 
0.0002 0.0002 0.0002 0.0004 0.0002 0.0003 0.0003 0.0002 0.0004 0.0004 0.0004 0.0004 0.0003 0.0002 0.0004 0.0002 0.0007 0.0004 0.0003 0.0007 0.0005 0.0003 0.0005 0.0004 0.0005 0.0006 0.0007 0.0007 0.0007 0.0004 0.0007 0.0003 0.0007 0.0010 0.0013 0.0006 0.0005 0.0004 0.0012 0.0014 0.0006 0.0007 0.0005 0.0009 0.0003 0.0011 0.0005 0.0014 0.0014 0.0003 0.0015 0.0015 0.0007 0.0010 0.0005 0.0008 0.0005 0.0016 0.0008 0.0014 0.0008 0.0006 0.0007 0.0010 
0.0002 0.0002 0.0002 0.0002 0.0001 0.0002 0.0008 0.0004 0.0004 0.0003 0.0004 0.0004 0.0003 0.0003 0.0004 0.0006 0.0004 0.0008 0.0005 0.0008 0.0004 0.0007 0.0005 0.0010 0.0007 0.0005 0.0006 0.0004 0.0005 0.0008 0.0004 0.0006 0.0007 0.0008 0.0003 0.0006 0.0007 0.0007 0.0006 0.0007 0.0012 0.0006 0.0011 0.0008 0.0007 0.0007 0.0006 0.0015 0.0013 0.0007 0.0009 0.0008 0.0008 0.0005 0.0013 0.0015 0.0007 0.0008 0.0014 0.0009 0.0015 0.0012 0.0008 0.0005 
0.0001 0.0003 0.0003 0.0002 0.0003 0.0002 0.0005 0.0003 0.0003 0.0003 0.0005 0.0004 0.0003 0.0002 0.0005 0.0004 0.0003 0.0004 0.0006 0.0006 0.0006 0.0006 0.0008 0.0006 0.0011 0.0008 0.0005 0.0008 0.0003 0.0006 0.0007 0.0006 0.0017 0.0009 0.0002 0.0009 0.0011 0.0010 0.0016 0.0006 0.0009 0.0011 0.0011 0.0011 0.0006 0.0003 0.0011 0.0008 0.0013 0.0013 0.0004 0.0008 0.0004 0.0015 0.0006 0.0007 0.0005 0.0010 0.0017 0.0004 0.0013 0.0011 0.0005 0.0007 
0.0001 0.0003 0.0003 0.0002 0.0004 0.0004 0.0002 0.0002 0.0003 0.0002 0.0008 0.0005 0.0005 0.0003 0.0006 0.0003 0.0007 0.0005 0.0004 0.0005 0.0007 0.0005 0.0006 0.0007 0.0007 0.0004 0.0005 0.0007 0.0011 0.0007 0.0006 0.0007 0.0007 0.0006 0.0008 0.0007 0.0008 0.0004 0.0015 0.0009 0.0006 0.0011 0.0009 0.0008 0.0004 0.0006 0.0007 0.0013 0.0010 0.0013 0.0011 0.0008 0.0011 0.0009 0.0012 0.0008 0.0011 0.0015 0.0002 0.0006 0.0009 0.0016 0.0004 0.0001 
0.0001 0.0001 0.0003 0.0003 0.0003 0.0002 0.0002 0.0003 0.0004 0.0005 0.0003 0.0003 0.0003 0.0004 0.0006 0.0002 0.0004 0.0005 0.0005 0.0010 0.0008 0.0007 0.0006 0.0008 0.0008 0.0007 0.0005 0.0005 0.0005 0.0009 0.0006 0.0011 0.0012 0.0005 0.0006 0.0006 0.0003 0.0008 0.0006 0.0011 0.0007 0.0009 0.0009 0.0007 0.0007 0.0009 0.0004 0.0008 0.0010 0.0009 0.0015 0.0005 0.0004 0.0010 0.0014 0.0006 0.0005 0.0007 0.0005 0.0005 0.0010 0.0005 0.0005 0.0007 
0.0001 0.0002 0.0003 0.0003 0.0002 0.0003 0.0005 0.0006 0.0007 0.0005 0.0006 0.0002 0.0003 0.0005 0.0003 0.0003 0.0008 0.0005 0.0006 0.0007 0.0002 0.0006 0.0011 0.0008 0.0008 0.0005 0.0003 0.0007 0.0007 0.0004 0.0002 0.0005 0.0006 0.0007 0.0007 0.0006 0.0007 0.0009 0.0004 0.0007 0.0008 0.0009 0.0004 0.0007 0.0011 0.0007 0.0006 0.0003 0.0005 0.0010 0.0006 0.0009 0.0013 0.0014 0.0007 0.0008 0.0006 0.0007 0.0013 0.0012 0.0010 0.0010 0.0009 0.0002 
0.0001 0.0001 0.0003 0.0003 0.0009 0.0004 0.0007 0.0005 0.0010 0.0012 0.0015 0.0014 0.0008 0.0007 0.0003 0.0004 0.0021 0.0039 0.0055 0.0052 0.0079 0.0047 0.0048 0.0026 0.0026 0.0025 0.0021 0.0018 0.0023 0.0024 0.0010 0.0002 0.0006 0.0006 0.0021 0.0011 0.0009 0.0010 0.0015 0.0007 0.0010 0.0012 0.0009 0.0009 0.0012 0.0014 0.0015 0.0024 0.0021 0.0011 0.0006 0.0006 0.0013 0.0014 0.0009 0.0014 0.0010 0.0008 0.0011 0.0012 0.0019 0.0008 0.0007 0.0009 
0.0001 0.0001 0.0001 0.0002 0.0002 0.0004 0.0002 0.0006 0.0003 0.0004 0.0003 0.0004 0.0005 0.0003 0.0004 0.0002 0.0008 0.0003 0.0007 0.0010 0.0010 0.0006 0.0004 0.0005 0.0011 0.0004 0.0004 0.0008 0.0009 0.0006 0.0008 0.0013 0.0007 0.0003 0.0001 0.0003 0.0012 0.0005 0.0005 0.0008 0.0013 0.0008 0.0007 0.0010 0.0011 0.0010 0.0009 0.0004 0.0011 0.0006 0.0017 0.0009 0.0007 0.0011 0.0016 0.0003 0.0009 0.0010 0.0009 0.0006 0.0008 0.0007 0.0008 0.0008 
0.0002 0.0003 0.0003 0.0001 0.0004 0.0003 0.0003 0.0002 0.0002 0.0005 0.0004 0.0006 0.0007 0.0005 0.0005 0.0005 0.0002 0.0007 0.0006 0.0006 0.0003 0.0003 0.0011 0.0004 0.0007 0.0009 0.0008 0.0006 0.0006 0.0009 0.0005 0.0006 0.0009 0.0011 0.0004 0.0013 0.0009 0.0005 0.0008 0.0005 0.0013 0.0010 0.0005 0.0013 0.0011 0.0009 0.0011 0.0015 0.0003 0.0005 0.0015 0.0012 0.0010 0.0006 0.0011 0.0012 0.0007 0.0013 0.0009 0.0008 0.0016 0.0009 0.0009 0.0011 
0.0001 0.0001 0.0002 0.0002 0.0002 0.0002 0.0002 0.0005 0.0005 0.0004 0.0006 0.0002 0.0004 0.0003 0.0004 0.0008 0.0005 0.0004 0.0005 0.0003 0.0004 0.0005 0.0009 0.0007 0.0009 0.0009 0.0005 0.0003 0.0008 0.0006 0.0007 0.0008 0.0005 0.0010 0.0009 0.0009 0.0005 0.0014 0.0010 0.0006 0.0006 0.0004 0.0008 0.0008 0.0011 0.0013 0.0011 0.0009 0.0010 0.0010 0.0009 0.0005 0.0013 0.0015 0.0012 0.0012 0.0013 0.0013 0.0013 0.0006 0.0009 0.0021 0.0008 0.0005 
0.0002 0.0002 0.0003 0.0001 0.0002 0.0003 0.0001 0.0003 0.0004 0.0002 0.0004 0.0007 0.0005 0.0007 0.0004 0.0003 0.0005 0.0004 0.0002 0.0008 0.0007 0.0006 0.0007 0.0005 0.0012 0.0003 0.0006 0.0009 0.0005 0.0008 0.0008 0.0009 0.0007 0.0004 0.0009 0.0008 0.0005 0.0009 0.0009 0.0007 0.0011 0.0008 0.0009 0.0004 0.0004 0.0008 0.0006 0.0007 0.0003 0.0018 0.0010 0.0010 0.0010 0.0009 0.0008 0.0007 0.0005 0.0013 0.0014 0.0008 0.0008 0.0011 0.0008 0.0005 
0.0001 0.0002 0.0002 0.0001 0.0002 0.0003 0.0004 0.0001 0.0003 0.0004 0.0005 0.0005 0.0004 0.0004 0.0006 0.0006 0.0007 0.0007 0.0005 0.0004 0.0006 0.0003 0.0003 0.0006 0.0006 0.0005 0.0009 0.0005 0.0008 0.0007 0.0006 0.0006 0.0004 0.0009 0.0010 0.0004 0.0007 0.0006 0.0011 0.0004 0.0008 0.0008 0.0009 0.0008 0.0003 0.0006 0.0004 0.0007 0.0016 0.0009 0.0009 0.0016 0.0007 0.0014 0.0012 0.0002 0.0005 0.0013 0.0013 0.0009 0.0013 0.0006 0.0017 0.0006 
0.0000 0.0003 0.0002 0.0001 0.0003 0.0001 0.0004 0.0002 0.0004 0.0002 0.0005 0.0003 0.0005 0.0004 0.0004 0.0004 0.0006 0.0006 0.0006 0.0003 0.0005 0.0006 0.0004 0.0005 0.0007 0.0011 0.0007 0.0007 0.0004 0.0004 0.0004 0.0005 0.0008 0.0011 0.0004 0.0008 0.0007 0.0008 0.0007 0.0006 0.0006 0.0004 0.0011 0.0007 0.0010 0.0011 0.0007 0.0007 0.0005 0.0008 0.0008 0.0006 0.0002 0.0012 0.0008 0.0008 0.0013 0.0006 0.0006 0.0007 0.0007 0.0016 0.0014 0.0007 
0.0001 0.0002 0.0002 0.0001 0.0001 0.0003 0.0003 0.0004 0.0004 0.0003 0.0005 0.0008 0.0006 0.0003 0.0003 0.0004 0.0010 0.0004 0.0006 0.0004 0.0004 0.0009 0.0008 0.0004 0.0008 0.0006 0.0009 0.0004 0.0005 0.0005 0.0009 0.0004 0.0008 0.0005 0.0013 0.0007 0.0004 0.0010 0.0012 0.0008 0.0009 0.0011 0.0006 0.0008 0.0009 0.0004 0.0012 0.0012 0.0012 0.0005 0.0009 0.0006 0.0007 0.0010 0.0006 0.0011 0.0008 0.0008 0.0005 0.0005 0.0012 0.0005 0.0007 0.0008 
0.0001 0.0001 0.0004 0.0002 0.0004 0.0003 0.0004 0.0003 0.0003 0.0006 0.0004 0.0007 0.0006 0.0004 0.0002 0.0005 0.0015 0.0003 0.0007 0.0004 0.0004 0.0008 0.0006 0.0004 0.0008 0.0009 0.0005 0.0006 0.0010 0.0004 0.0007 0.0005 0.0007 0.0010 0.0004 0.0006 0.0007 0.0003 0.0009 0.0009 0.0007 0.0008 0.0010 0.0009 0.0013 0.0007 0.0014 0.0008 0.0005 0.0010 0.0008 0.0007 0.0008 0.0009 0.0004 0.0006 0.0011 0.0013 0.0010 0.0009 0.0008 0.0013 0.0008 0.0006 
0.0001 0.0001 0.0002 0.0004 0.0003 0.0004 0.0002 0.0007 0.0005 0.0003 0.0004 0.0004 0.0003 0.0004 0.0003 0.0006 0.0010 0.0011 0.0012 0.0005 0.0005 0.0005 0.0005 0.0003 0.0007 0.0002 0.0005 0.0008 0.0007 0.0004 0.0010 0.0004 0.0006 0.0012 0.0025 0.0012 0.0015 0.0007 0.0009 0.0009 0.0010 0.0010 0.0011 0.0013 0.0004 0.0008 0.0011 0.0007 0.0017 0.0007 0.0012 0.0008 0.0015 0.0006 0.0006 0.0010 0.0008 0.0002 0.0008 0.0012 0.0007 0.0009 0.0009 0.0008 
0.0001 0.0002 0.0001 0.0001 0.0002 0.0006 0.0004 0.0003 0.0007 0.0003 0.0006 0.0005 0.0005 0.0004 0.0004 0.0004 0.0005 0.0004 0.0005 0.0008 0.0005 0.0011 0.0003 0.0006 0.0008 0.0006 0.0007 0.0011 0.0007 0.0015 0.0014 0.0014 0.0015 0.0012 0.0016 0.0014 0.0015 0.0005 0.0009 0.0009 0.0007 0.0012 0.0007 0.0005 0.0008 0.0013 0.0011 0.0009 0.0013 0.0008 0.0009 0.0006 0.0010 0.0015 0.0010 0.0006 0.0007 0.0004 0.0010 0.0004 0.0013 0.0003 0.0007 0.0011 
0.0001 0.0002 0.0003 0.0002 0.0003 0.0001 0.0004 0.0005 0.0004 0.0004 0.0003 0.0003 0.0003 0.0006 0.0004 0.0007 0.0006 0.0005 0.0006 0.0004 0.0006 0.0006 0.0003 0.0003 0.0007 0.0007 0.0006 0.0009 0.0004 0.0006 0.0008 0.0008 0.0013 0.0006 0.0015 0.0009 0.0011 0.0011 0.0008 0.0003 0.0004 0.0007 0.0008 0.0011 0.0004 0.0006 0.0008 0.0003 0.0013 0.0011 0.0006 0.0017 0.0007 0.0015 0.0014 0.0014 0.0013 0.0010 0.0007 0.0014 0.0004 0.0017 0.0009 0.0005 
0.0001 0.0002 0.0002 0.0002 0.0003 0.0003 0.0003 0.0004 0.0003 0.0006 0.0003 0.0003 0.0001 0.0005 0.0004 0.0005 0.0008 0.0007 0.0007 0.0003 0.0004 0.0005 0.0003 0.0004 0.0004 0.0003 0.0007 0.0007 0.0006 0.0003 0.0011 0.0007 0.0006 0.0003 0.0009 0.0005 0.0010 0.0004 0.0003 0.0009 0.0007 0.0004 0.0010 0.0006 0.0009 0.0012 0.0010 0.0003 0.0008 0.0005 0.0007 0.0011 0.0008 0.0009 0.0007 0.0007 0.0007 0.0017 0.0009 0.0007 0.0012 0.0013 0.0009 0.0011 
0.0000 0.0001 0.0003 0.0001 0.0001 0.0004 0.0003 0.0005 0.0003 0.0005 0.0004 0.0003 0.0007 0.0003 0.0005 0.0006 0.0007 0.0004 0.0005 0.0005 0.0005 0.0008 0.0004 0.0004 0.0011 0.0003 0.0005 0.0006 0.0008 0.0011 0.0006 0.0008 0.0007 0.0007 0.0004 0.0008 0.0005 0.0010 0.0007 0.0006 0.0008 0.0004 0.0005 0.0005 0.0010 0.0009 0.0009 0.0007 0.0010 0.0009 0.0012 0.0009 0.0013 0.0004 0.0012 0.0009 0.0014 0.0011 0.0008 0.0007 0.0006 0.0007 0.0010 0.0010 
0.0000 0.0002 0.0002 0.0003 0.0002 0.0004 0.0002 0.0002 0.0008 0.0003 0.0010 0.0005 0.0006 0.0004 0.0008 0.0011 0.0011 0.0009 0.0009 0.0002 0.0013 0.0009 0.0004 0.0007 0.0008 0.0018 0.0009 0.0007 0.0007 0.0014 0.0014 0.0016 0.0006 0.0006 0.0005 0.0012 0.0012 0.0008 0.0009 0.0006 0.0007 0.0009 0.0009 0.0006 0.0010 0.0011 0.0011 0.0009 0.0008 0.0014 0.0008 0.0008 0.0008 0.0008 0.0010 0.0005 0.0008 0.0011 0.0012 0.0006 0.0006 0.0008 0.0010 0.0007 
0.0001 0.0001 0.0001 0.0001 0.0001 0.0002 0.0002 0.0003 0.0004 0.0006 0.0004 0.0002 0.0004 0.0004 0.0005 0.0005 0.0008 0.0004 0.0009 0.0005 0.0002 0.0006 0.0009 0.0008 0.0012 0.0006 0.0005 0.0003 0.0004 0.0007 0.0004 0.0008 0.0008 0.0005 0.0005 0.0007 0.0006 0.0010 0.0005 0.0004 0.0014 0.0009 0.0005 0.0013 0.0005 0.0009 0.0006 0.0011 0.0010 0.0005 0.0010 0.0011 0.0011 0.0018 0.0014 0.0009 0.0012 0.0011 0.0014 0.0007 0.0009 0.0006 0.0009 0.0005 
0.0002 0.0007 0.0020 0.0018 0.0008 0.0008 0.0021 0.0018 0.0013 0.0010 0.0009 0.0060 0.0040 0.0032 0.0018 0.0031 0.0022 0.0046 0.0059 0.0047 0.0017 0.0021 0.0016 0.0018 0.0007 0.0037 0.0028 0.0028 0.0027 0.0023 0.0017 0.0015 0.0026 0.0021 0.0012 0.0012 0.0006 0.0004 0.0012 0.0007 0.0012 0.0005 0.0008 0.0022 0.0024 0.0022 0.0014 0.0008 0.0012 0.0016 0.0008 0.0012 0.0023 0.0007 0.0007 0.0012 0.0025 0.0027 0.0033 0.0022 0.0025 0.0017 0.0010 0.0006 
0.0010 0.0118 0.0226 0.0336 0.0143 0.0047 0.0067 0.0074 0.0101 0.0085 0.0100 0.0223 0.0241 0.0221 0.0622 0.0976 0.0715 0.0979 0.1640 0.1142 0.0370 0.0200 0.0250 0.0268 0.0403 0.0775 0.0810 0.0436 0.0324 0.0244 0.0263 0.0324 0.0228 0.0090 0.0088 0.0063 0.0074 0.0033 0.0025 0.0054 0.0055 0.0032 0.0011 0.0012 0.0013 0.0014 0.0015 0.0011 0.0011 0.0011 0.0008 0.0012 0.0018 0.0013 0.0017 0.0018 0.0010 0.0013 0.0045 0.0065 0.0054 0.0036 0.0032 0.0030 
0.0045 0.0155 0.0278 0.0521 0.0461 0.0282 0.0158 0.0115 0.0274 0.0369 0.0369 0.0161 0.0329 0.0569 0.0862 0.1695 0.1926 0.2313 0.2234 0.1987 0.1532 0.0934 0.0803 0.0704 0.1160 0.1422 0.1923 0.1465 0.1254 0.1037 0.0985 0.0961 0.0742 0.0258 0.0310 0.0189 0.0237 0.0209 0.0198 0.0184 0.0175 0.0075 0.0020 0.0040 0.0056 0.0054 0.0063 0.0060 0.0053 0.0026 0.0033 0.0037 0.0090 0.0092 0.0065 0.0013 0.0076 0.0095 0.0093 0.0145 0.0264 0.0197 0.0091 0.0027 
0.0024 0.0143 0.0319 0.0948 0.0265 0.0165 0.0149 0.0187 0.0188 0.0236 0.0314 0.0412 0.0476 0.0604 0.0873 0.1856 0.1542 0.1417 0.1869 0.2330 0.1989 0.0624 0.0618 0.0553 0.0669 0.1102 0.1678 0.2030 0.1159 0.0785 0.0628 0.0706 0.0624 0.0347 0.0273 0.0183 0.0226 0.0154 0.0124 0.0226 0.0267 0.0114 0.0056 0.0044 0.0028 0.0039 0.0036 0.0024 0.0039 0.0024 0.0040 0.0047 0.0083 0.0056 0.0056 0.0045 0.0070 0.0090 0.0153 0.0218 0.0199 0.0149 0.0080 0.0055 
0.0016 0.0253 0.0349 0.1218 0.0442 0.0144 0.0123 0.0183 0.0162 0.0208 0.0266 0.0528 0.0381 0.0314 0.0539 0.2666 0.2487 0.1564 0.1872 0.2017 0.3116 0.0911 0.0645 0.0632 0.0676 0.1869 0.2704 0.2339 0.1839 0.1024 0.1234 0.1265 0.0666 0.0546 0.0488 0.0496 0.0419 0.0219 0.0143 0.0230 0.0586 0.0202 0.0051 0.0048 0.0029 0.0029 0.0025 0.0026 0.0029 0.0030 0.0056 0.0071 0.0067 0.0062 0.0081 0.0075 0.0095 0.0122 0.0158 0.0324 0.0379 0.0195 0.0096 0.0053 
0.0062 0.0272 0.0283 0.1170 0.0289 0.0279 0.0084 0.0233 0.0197 0.0176 0.0131 0.0376 0.0521 0.0402 0.0687 0.1866 0.2350 0.1227 0.1540 0.1943 0.2121 0.0868 0.0631 0.0579 0.0727 0.1743 0.2163 0.1996 0.1853 0.1081 0.1343 0.0915 0.0591 0.0400 0.0381 0.0444 0.0287 0.0146 0.0109 0.0171 0.0349 0.0181 0.0077 0.0064 0.0033 0.0014 0.0029 0.0030 0.0019 0.0030 0.0023 0.0039 0.0056 0.0032 0.0056 0.0024 0.0014 0.0044 0.0041 0.0098 0.0105 0.0078 0.0045 0.0022 
0.0031 0.0117 0.0354 0.1121 0.0347 0.0091 0.0111 0.0166 0.0171 0.0157 0.0158 0.0268 0.0412 0.0309 0.0604 0.1534 0.1588 0.1161 0.1322 0.1846 0.1773 0.0728 0.0565 0.0600 0.0740 0.0902 0.1330 0.2332 0.1664 0.1113 0.0795 0.0776 0.0746 0.0495 0.0494 0.0302 0.0232 0.0136 0.0127 0.0155 0.0369 0.0144 0.0068 0.0039 0.0027 0.0033 0.0025 0.0027 0.0019 0.0024 0.0020 0.0021 0.0028 0.0036 0.0028 0.0014 0.0019 0.0024 0.0026 0.0042 0.0077 0.0034 0.0007 0.0009 
0.0043 0.0198 0.0120 0.0619 0.0681 0.0169 0.0228 0.0161 0.0141 0.0137 0.0156 0.0142 0.0288 0.0172 0.0415 0.1163 0.0390 0.0675 0.1351 0.1530 0.1117 0.0503 0.0482 0.0471 0.0305 0.0582 0.0684 0.1216 0.0623 0.0393 0.0251 0.0203 0.0258 0.0096 0.0114 0.0100 0.0024 0.0031 0.0028 0.0035 0.0087 0.0027 0.0034 0.0020 0.0032 0.0019 0.0023 0.0020 0.0016 0.0005 0.0022 0.0030 0.0017 0.0041 0.0013 0.0036 0.0020 0.0051 0.0055 0.0097 0.0073 0.0075 0.0047 0.0018 
0.0060 0.0096 0.0134 0.0352 0.0638 0.0120 0.0105 0.0063 0.0078 0.0087 0.0100 0.0118 0.0144 0.0144 0.0314 0.0431 0.0307 0.0219 0.0297 0.0312 0.0172 0.0060 0.0092 0.0109 0.0045 0.0097 0.0157 0.0227 0.0194 0.0135 0.0208 0.0162 0.0161 0.0154 0.0127 0.0063 0.0046 0.0015 0.0035 0.0061 0.0065 0.0024 0.0017 0.0030 0.0026 0.0018 0.0018 0.0025 0.0014 0.0016 0.0025 0.0020 0.0025 0.0027 0.0014 0.0021 0.0019 0.0033 0.0021 0.0040 0.0067 0.0038 0.0011 0.0023 
0.0069 0.0138 0.0167 0.0282 0.0404 0.0094 0.0041 0.0055 0.0048 0.0024 0.0058 0.0118 0.0116 0.0097 0.0323 0.0286 0.0198 0.0197 0.0281 0.0218 0.0266 0.0095 0.0064 0.0076 0.0115 0.0206 0.0226 0.0329 0.0099 0.0091 0.0060 0.0073 0.0055 0.0035 0.0070 0.0051 0.0027 0.0015 0.0033 0.0044 0.0106 0.0030 0.0016 0.0014 0.0016 0.0026 0.0021 0.0013 0.0015 0.0012 0.0017 0.0014 0.0019 0.0018 0.0011 0.0020 0.0009 0.0031 0.0021 0.0017 0.0042 0.0033 0.0020 0.0015 
0.0007 0.0072 0.0074 0.0143 0.0130 0.0031 0.0025 0.0056 0.0021 0.0016 0.0020 0.0051 0.0066 0.0045 0.0091 0.0147 0.0094 0.0058 0.0074 0.0015 0.0030 0.0047 0.0038 0.0035 0.0012 0.0032 0.0067 0.0089 0.0046 0.0029 0.0023 0.0011 0.0030 0.0052 0.0058 0.0023 0.0021 0.0019 0.0012 0.0022 0.0025 0.0010 0.0010 0.0012 0.0012 0.0003 0.0016 0.0012 0.0001 0.0015 0.0017 0.0017 0.0013 0.0018 0.0013 0.0011 0.0006 0.0028 0.0033 0.0024 0.0023 0.0021 0.0016 0.0011 
0.0016 0.0074 0.0078 0.0109 0.0197 0.0060 0.0019 0.0017 0.0048 0.0018 0.0016 0.0033 0.0045 0.0027 0.0080 0.0077 0.0050 0.0030 0.0062 0.0080 0.0107 0.0018 0.0018 0.0029 0.0027 0.0023 0.0046 0.0063 0.0104 0.0034 0.0026 0.0013 0.0019 0.0034 0.0026 0.0027 0.0009 0.0018 0.0022 0.0017 0.0022 0.0008 0.0011 0.0017 0.0020 0.0006 0.0010 0.0007 0.0007 0.0007 0.0005 0.0008 0.0006 0.0005 0.0017 0.0020 0.0018 0.0006 0.0011 0.0021 0.0033 0.0033 0.0012 0.0010 
0.0032 0.0059 0.0030 0.0052 0.0097 0.0034 0.0014 0.0027 0.0013 0.0014 0.0012 0.0026 0.0029 0.0043 0.0086 0.0021 0.0020 0.0048 0.0044 0.0054 0.0082 0.0021 0.0020 0.0017 0.0026 0.0018 0.0030 0.0065 0.0085 0.0020 0.0035 0.0023 0.0029 0.0032 0.0029 0.0017 0.0011 0.0010 0.0009 0.0012 0.0015 0.0009 0.0008 0.0005 0.0009 0.0011 0.0008 0.0008 0.0005 0.0012 0.0007 0.0010 0.0007 0.0008 0.0011 0.0013 0.0014 0.0011 0.0011 0.0022 0.0019 0.0016 0.0035 0.0009 
0.0019 0.0020 0.0061 0.0116 0.0232 0.0016 0.0011 0.0016 0.0024 0.0021 0.0024 0.0064 0.0059 0.0119 0.0100 0.0035 0.0051 0.0045 0.0078 0.0111 0.0096 0.0037 0.0022 0.0020 0.0034 0.0029 0.0031 0.0058 0.0063 0.0068 0.0054 0.0050 0.0035 0.0039 0.0019 0.0011 0.0011 0.0007 0.0013 0.0012 0.0015 0.0019 0.0006 0.0010 0.0014 0.0012 0.0012 0.0008 0.0014 0.0007 0.0008 0.0011 0.0006 0.0010 0.0013 0.0013 0.0005 0.0017 0.0005 0.0021 0.0027 0.0005 0.0004 0.0008 
0.0022 0.0035 0.0075 0.0045 0.0057 0.0021 0.0017 0.0024 0.0015 0.0006 0.0027 0.0036 0.0070 0.0052 0.0026 0.0039 0.0010 0.0037 0.0013 0.0047 0.0027 0.0009 0.0011 0.0015 0.0014 0.0010 0.0013 0.0046 0.0052 0.0032 0.0031 0.0019 0.0028 0.0031 0.0021 0.0022 0.0008 0.0006 0.0005 0.0011 0.0014 0.0018 0.0005 0.0020 0.0007 0.0010 0.0011 0.0010 0.0013 0.0017 0.0009 0.0005 0.0006 0.0009 0.0014 0.0005 0.0010 0.0020 0.0015 0.0013 0.0016 0.0020 0.0013 0.0009 
0.0020 0.0017 0.0029 0.0065 0.0085 0.0031 0.0016 0.0016 0.0010 0.0010 0.0017 0.0021 0.0065 0.0022 0.0008 0.0013 0.0010 0.0010 0.0017 0.0010 0.0017 0.0009 0.0004 0.0005 0.0006 0.0008 0.0007 0.0012 0.0020 0.0011 0.0007 0.0010 0.0010 0.0008 0.0013 0.0011 0.0010 0.0008 0.0011 0.0011 0.0012 0.0017 0.0013 0.0013 0.0015 0.0012 0.0005 0.0007 0.0009 0.0010 0.0015 0.0004 0.0008 0.0007 0.0009 0.0004 0.0009 0.0014 0.0015 0.0008 0.0007 0.0012 0.0008 0.0007 
0.0007 0.0006 0.0007 0.0018 0.0015 0.0005 0.0004 0.0002 0.0003 0.0006 0.0004 0.0008 0.0011 0.0008 0.0006 0.0004 0.0006 0.0002 0.0006 0.0003 0.0007 0.0002 0.0006 0.0003 0.0009 0.0005 0.0008 0.0006 0.0002 0.0005 0.0006 0.0008 0.0008 0.0006 0.0012 0.0006 0.0003 0.0014 0.0009 0.0006 0.0005 0.0009 0.0009 0.0014 0.0007 0.0009 0.0012 0.0008 0.0006 0.0009 0.0004 0.0006 0.0008 0.0011 0.0009 0.0015 0.0012 0.0003 0.0010 0.0006 0.0007 0.0003 0.0007 0.0007 
0.0001 0.0002 0.0009 0.0017 0.0016 0.0004 0.0004 0.0005 0.0006 0.0005 0.0005 0.0004 0.0005 0.0007 0.0007 0.0003 0.0008 0.0007 0.0004 0.0005 0.0009 0.0003 0.0003 0.0003 0.0004 0.0003 0.0007 0.0004 0.0009 0.0006 0.0012 0.0007 0.0011 0.0005 0.0006 0.0009 0.0007 0.0009 0.0005 0.0009 0.0005 0.0011 0.0010 0.0006 0.0008 0.0015 0.0005 0.0007 0.0008 0.0006 0.0011 0.0004 0.0009 0.0011 0.0012 0.0006 0.0008 0.0007 0.0004 0.0009 0.0007 0.0015 0.0008 0.0008 
0.0000 0.0003 0.0005 0.0010 0.0014 0.0005 0.0004 0.0003 0.0004 0.0004 0.0002 0.0004 0.0006 0.0007 0.0005 0.0003 0.0002 0.0002 0.0004 0.0007 0.0008 0.0009 0.0008 0.0006 0.0010 0.0006 0.0005 0.0007 0.0003 0.0005 0.0011 0.0005 0.0009 0.0005 0.0007 0.0005 0.0007 0.0010 0.0006 0.0008 0.0008 0.0007 0.0009 0.0010 0.0005 0.0009 0.0011 0.0004 0.0013 0.0007 0.0015 0.0011 0.0014 0.0005 0.0004 0.0013 0.0008 0.0009 0.0007 0.0010 0.0006 0.0006 0.0005 0.0010 
0.0001 0.0001 0.0004 0.0007 0.0008 0.0003 0.0004 0.0002 0.0005 0.0004 0.0004 0.0004 0.0003 0.0001 0.0007 0.0004 0.0004 0.0004 0.0004 0.0006 0.0007 0.0007 0.0005 0.0003 0.0008 0.0006 0.0008 0.0007 0.0004 0.0007 0.0006 0.0009 0.0010 0.0009 0.0010 0.0009 0.0008 0.0005 0.0011 0.0008 0.0009 0.0002 0.0013 0.0008 0.0010 0.0006 0.0006 0.0011 0.0010 0.0006 0.0011 0.0009 0.0008 0.0008 0.0007 0.0010 0.0010 0.0009 0.0013 0.0006 0.0007 0.0008 0.0008 0.0009 
0.0001 0.0002 0.0002 0.0003 0.0002 0.0002 0.0003 0.0004 0.0002 0.0005 0.0004 0.0004 0.0004 0.0004 0.0006 0.0003 0.0004 0.0006 0.0008 0.0005 0.0003 0.0004 0.0004 0.0005 0.0009 0.0002 0.0010 0.0006 0.0007 0.0008 0.0003 0.0005 0.0002 0.0006 0.0002 0.0005 0.0007 0.0010 0.0010 0.0006 0.0005 0.0012 0.0007 0.0006 0.0012 0.0008 0.0010 0.0007 0.0002 0.0012 0.0011 0.0017 0.0012 0.0004 0.0018 0.0017 0.0006 0.0002 0.0014 0.0009 0.0009 0.0004 0.0005 0.0006 
0.0001 0.0002 0.0003 0.0002 0.0001 0.0004 0.0001 0.0004 0.0003 0.0005 0.0004 0.0003 0.0004 0.0004 0.0006 0.0010 0.0008 0.0005 0.0017 0.0011 0.0011 0.0011 0.0016 0.0022 0.0031 0.0042 0.0036 0.0033 0.0034 0.0035 0.0045 0.0036 0.0036 0.0027 0.0026 0.0020 0.0012 0.0020 0.0008 0.0009 0.0010 0.0013 0.0014 0.0021 0.0021 0.0014 0.0022 0.0020 0.0020 0.0023 0.0014 0.0010 0.0015 0.0008 0.0019 0.0016 0.0019 0.0019 0.0029 0.0029 0.0022 0.0020 0.0022 0.0009 
0.0001 0.0004 0.0015 0.0030 0.0032 0.0024 0.0020 0.0029 0.0025 0.0020 0.0033 0.0039 0.0060 0.0031 0.0024 0.0026 0.0038 0.0057 0.0043 0.0040 0.0049 0.0032 0.0032 0.0040 0.0041 0.0034 0.0061 0.0049 0.0030 0.0045 0.0102 0.0046 0.0056 0.0127 0.0054 0.0042 0.0045 0.0030 0.0043 0.0047 0.0029 0.0048 0.0077 0.0038 0.0041 0.0028 0.0050 0.0055 0.0062 0.0038 0.0046 0.0024 0.0012 0.0006 0.0021 0.0012 0.0045 0.0042 0.0021 0.0023 0.0010 0.0018 0.0017 0.0011 
0.0002 0.0001 0.0005 0.0014 0.0010 0.0016 0.0012 0.0010 0.0010 0.0009 0.0016 0.0020 0.0023 0.0008 0.0014 0.0009 0.0006 0.0026 0.0033 0.0019 0.0019 0.0029 0.0032 0.0034 0.0044 0.0054 0.0041 0.0038 0.0020 0.0041 0.0030 0.0053 0.0027 0.0043 0.0029 0.0016 0.0016 0.0026 0.0015 0.0016 0.0010 0.0015 0.0028 0.0050 0.0035 0.0031 0.0021 0.0037 0.0010 0.0013 0.0029 0.0014 0.0013 0.0017 0.0014 0.0017 0.0011 0.0032 0.0022 0.0013 0.0031 0.0011 0.0007 0.0011 
0.0002 0.0001 0.0002 0.0006 0.0005 0.0006 0.0009 0.0008 0.0008 0.0007 0.0015 0.0025 0.0015 0.0010 0.0006 0.0018 0.0009 0.0024 0.0023 0.0027 0.0040 0.0021 0.0012 0.0019 0.0008 0.0011 0.0009 0.0008 0.0014 0.0015 0.0014 0.0019 0.0019 0.0010 0.0023 0.0005 0.0016 0.0024 0.0009 0.0011 0.0035 0.0032 0.0020 0.0010 0.0033 0.0016 0.0034 0.0025 0.0022 0.0009 0.0020 0.0007 0.0016 0.0023 0.0008 0.0007 0.0014 0.0020 0.0017 0.0011 0.0017 0.0005 0.0013 0.0008 
0.0000 0.0002 0.0005 0.0004 0.0011 0.0003 0.0007 0.0007 0.0003 0.0010 0.0013 0.0039 0.0031 0.0026 0.0014 0.0022 0.0015 0.0014 0.0031 0.0011 0.0025 0.0006 0.0013 0.0015 0.0012 0.0022 0.0013 0.0008 0.0017 0.0024 0.0019 0.0014 0.0016 0.0009 0.0022 0.0023 0.0025 0.0011 0.0007 0.0010 0.0015 0.0024 0.0026 0.0023 0.0029 0.0010 0.0034 0.0017 0.0015 0.0014 0.0009 0.0007 0.0009 0.0017 0.0017 0.0013 0.0020 0.0018 0.0030 0.0018 0.0021 0.0020 0.0008 0.0006 
0.0002 0.0003 0.0005 0.0005 0.0008 0.0005 0.0007 0.0012 0.0012 0.0011 0.0017 0.0015 0.0021 0.0005 0.0005 0.0016 0.0017 0.0015 0.0012 0.0010 0.0008 0.0016 0.0009 0.0009 0.0013 0.0007 0.0007 0.0014 0.0011 0.0015 0.0011 0.0011 0.0006 0.0011 0.0019 0.0009 0.0007 0.0014 0.0015 0.0012 0.0017 0.0010 0.0022 0.0025 0.0009 0.0022 0.0017 0.0016 0.0020 0.0013 0.0006 0.0010 0.0011 0.0013 0.0023 0.0011 0.0009 0.0011 0.0015 0.0014 0.0009 0.0011 0.0010 0.0010 
0.0001 0.0002 0.0004 0.0007 0.0003 0.0006 0.0002 0.0010 0.0009 0.0004 0.0005 0.0014 0.0008 0.0010 0.0006 0.0006 0.0010 0.0008 0.0005 0.0008 0.0010 0.0007 0.0009 0.0008 0.0019 0.0008 0.0009 0.0011 0.0012 0.0008 0.0005 0.0005 0.0009 0.0008 0.0012 0.0004 0.0009 0.0015 0.0009 0.0005 0.0017 0.0006 0.0010 0.0017 0.0009 0.0011 0.0013 0.0009 0.0016 0.0008 0.0015 0.0013 0.0009 0.0011 0.0012 0.0013 0.0013 0.0018 0.0009 0.0011 0.0006 0.0010 0.0006 0.0008 
0.0002 0.0002 0.0003 0.0001 0.0003 0.0004 0.0004 0.0007 0.0008 0.0008 0.0004 0.0009 0.0009 0.0005 0.0005 0.0010 0.0013 0.0015 0.0010 0.0011 0.0004 0.0003 0.0006 0.0006 0.0004 0.0009 0.0008 0.0008 0.0009 0.0011 0.0005 0.0015 0.0015 0.0002 0.0006 0.0008 0.0006 0.0007 0.0013 0.0011 0.0010 0.0005 0.0012 0.0015 0.0007 0.0009 0.0006 0.0012 0.0007 0.0011 0.0013 0.0013 0.0014 0.0007 0.0002 0.0013 0.0007 0.0009 0.0011 0.0021 0.0009 0.0005 0.0010 0.0007 
0.0001 0.0002 0.0002 0.0002 0.0003 0.0003 0.0002 0.0003 0.0004 0.0003 0.0004 0.0003 0.0004 0.0002 0.0006 0.0007 0.0006 0.0007 0.0002 0.0006 0.0004 0.0005 0.0006 0.0007 0.0008 0.0009 0.0009 0.0002 0.0008 0.0007 0.0006 0.0008 0.0008 0.0011 0.0008 0.0012 0.0006 0.0007 0.0005 0.0002 0.0006 0.0007 0.0008 0.0007 0.0007 0.0012 0.0010 0.0009 0.0007 0.0016 0.0010 0.0014 0.0008 0.0010 0.0010 0.0011 0.0009 0.0006 0.0011 0.0014 0.0013 0.0007 0.0009 0.0004 
0.0001 0.0002 0.0003 0.0002 0.0002 0.0003 0.0002 0.0003 0.0002 0.0004 0.0003 0.0005 0.0005 0.0005 0.0004 0.0005 0.0007 0.0002 0.0003 0.0006 0.0014 0.0004 0.0003 0.0006 0.0005 0.0007 0.0004 0.0006 0.0006 0.0006 0.0002 0.0006 0.0003 0.0005 0.0007 0.0006 0.0002 0.0011 0.0011 0.0012 0.0011 0.0006 0.0005 0.0012 0.0012 0.0011 0.0007 0.0007 0.0007 0.0005 0.0012 0.0011 0.0005 0.0006 0.0016 0.0014 0.0008 0.0011 0.0013 0.0010 0.0011 0.0009 0.0004 0.0005 
0.0002 0.0002 0.0003 0.0001 0.0001 0.0002 0.0003 0.0003 0.0002 0.0003 0.0003 0.0002 0.0004 0.0005 0.0002 0.0006 0.0010 0.0003 0.0004 0.0008 0.0006 0.0002 0.0003 0.0006 0.0004 0.0002 0.0004 0.0010 0.0007 0.0007 0.0008 0.0004 0.0007 0.0005 0.0005 0.0010 0.0007 0.0005 0.0004 0.0004 0.0007 0.0011 0.0010 0.0011 0.0004 0.0010 0.0006 0.0015 0.0009 0.0011 0.0002 0.0009 0.0004 0.0009 0.0010 0.0003 0.0008 0.0005 0.0008 0.0014 0.0004 0.0008 0.0009 0.0007 
0.0000 0.0000 0.0002 0.0002 0.0002 0.0004 0.0004 0.0003 0.0003 0.0003 0.0002 0.0004 0.0009 0.0004 0.0005 0.0005 0.0008 0.0004 0.0002 0.0006 0.0002 0.0005 0.0006 0.0002 0.0006 0.0010 0.0007 0.0004 0.0004 0.0006 0.0005 0.0007 0.0005 0.0006 0.0009 0.0006 0.0007 0.0004 0.0008 0.0003 0.0011 0.0010 0.0008 0.0007 0.0003 0.0010 0.0009 0.0007 0.0007 0.0004 0.0014 0.0007 0.0006 0.0019 0.0012 0.0009 0.0008 0.0008 0.0010 0.0010 0.0015 0.0007 0.0007 0.0005 
0.0001 0.0002 0.0002 0.0002 0.0002 0.0002 0.0002 0.0003 0.0004 0.0002 0.0004 0.0004 0.0003 0.0005 0.0005 0.0006 0.0002 0.0002 0.0004 0.0009 0.0004 0.0008 0.0001 0.0005 0.0011 0.0007 0.0007 0.0006 0.0001 0.0007 0.0005 0.0008 0.0007 0.0004 0.0005 0.0006 0.0005 0.0005 0.0005 0.0007 0.0008 0.0013 0.0009 0.0005 0.0005 0.0008 0.0008 0.0010 0.0011 0.0009 0.0010 0.0006 0.0008 0.0021 0.0009 0.0008 0.0009 0.0012 0.0005 0.0002 0.0010 0.0011 0.0006 0.0003 
0.0001 0.0001 0.0002 0.0002 0.0001 0.0001 0.0003 0.0003 0.0002 0.0002 0.0005 0.0004 0.0004 0.0004 0.0004 0.0002 0.0005 0.0001 0.0004 0.0006 0.0005 0.0002 0.0005 0.0005 0.0007 0.0004 0.0003 0.0008 0.0004 0.0008 0.0009 0.0003 0.0013 0.0005 0.0008 0.0006 0.0007 0.0006 0.0006 0.0005 0.0007 0.0004 0.0004 0.0007 0.0006 0.0005 0.0007 0.0004 0.0009 0.0008 0.0007 0.0010 0.0007 0.0011 0.0010 0.0011 0.0009 0.0014 0.0007 0.0012 0.0012 0.0004 0.0004 0.0009 
0.0001 0.0003 0.0001 0.0002 0.0003 0.0003 0.0001 0.0005 0.0005 0.0001 0.0004 0.0006 0.0003 0.0006 0.0003 0.0005 0.0005 0.0001 0.0007 0.0002 0.0005 0.0002 0.0001 0.0003 0.0010 0.0006 0.0006 0.0009 0.0002 0.0005 0.0007 0.0010 0.0009 0.0009 0.0008 0.0004 0.0004 0.0007 0.0008 0.0009 0.0006 0.0013 0.0010 0.0008 0.0004 0.0007 0.0010 0.0009 0.0010 0.0004 0.0006 0.0010 0.0006 0.0008 0.0012 0.0006 0.0015 0.0008 0.0008 0.0007 0.0010 0.0010 0.0007 0.0009 
0.0002 0.0001 0.0002 0.0002 0.0004 0.0003 0.0003 0.0002 0.0003 0.0002 0.0003 0.0001 0.0002 0.0006 0.0004 0.0002 0.0004 0.0008 0.0005 0.0006 0.0005 0.0003 0.0004 0.0004 0.0009 0.0004 0.0004 0.0010 0.0009 0.0004 0.0006 0.0006 0.0011 0.0004 0.0009 0.0009 0.0004 0.0002 0.0006 0.0003 0.0013 0.0008 0.0007 0.0009 0.0009 0.0004 0.0004 0.0006 0.0017 0.0016 0.0009 0.0011 0.0007 0.0009 0.0009 0.0010 0.0010 0.0014 0.0004 0.0006 0.0010 0.0008 0.0015 0.0004 
